MinCut number | RSize | Number of cuts
----------------------------------
----------------------------------
----------------------------------
----------------------------------
----------------------------------
----------------------------------
----------------------------------
----------------------------------
----------------------------------
----------------------------------
----------------------------------
----------------------------------
----------------------------------
----------------------------------
----------------------------------
----------------------------------
----------------------------------
----------------------------------
           37 |     0 |            22
           37 |     1 |            11
           37 |     2 |             7
           37 |     3 |             5
           37 |     4 |             1
           37 |     5 |             1
           37 |     6 |             4
           37 |     7 |             2
           37 |     8 |             0
           37 |     9 |             0
           37 |    10 |             1
           37 |    11 |             1
           37 |    12 |             3
           37 |    13 |             0
           37 |    14 |             0
           37 |    15 |             0
           37 |    16 |             3
           37 |    17 |             6
           37 |    18 |             7
           37 |    19 |             0
           37 |    20 |             0
----------------------------------
----------------------------------
           39 |     0 |            27
           39 |     1 |            11
           39 |     2 |             5
           39 |     3 |             6
           39 |     4 |             0
           39 |     5 |             2
           39 |     6 |             0
           39 |     7 |             0
           39 |     8 |             0
           39 |     9 |             1
           39 |    10 |             1
           39 |    11 |             1
           39 |    12 |             0
           39 |    13 |             0
           39 |    14 |             0
           39 |    15 |             1
           39 |    16 |             4
           39 |    17 |            10
           39 |    18 |             9
           39 |    19 |             0
           39 |    20 |             0
----------------------------------
           40 |     0 |            12
           40 |     1 |             5
           40 |     2 |             1
           40 |     3 |             1
           40 |     4 |             1
           40 |     5 |             2
           40 |     6 |             0
           40 |     7 |             1
           40 |     8 |             2
           40 |     9 |             0
           40 |    10 |             0
           40 |    11 |             0
           40 |    12 |             0
           40 |    13 |             0
           40 |    14 |             1
           40 |    15 |             3
           40 |    16 |             0
           40 |    17 |             2
           40 |    18 |             9
           40 |    19 |             0
           40 |    20 |             0
----------------------------------
----------------------------------
           42 |     0 |            20
           42 |     1 |            11
           42 |     2 |             8
           42 |     3 |             3
           42 |     4 |             5
           42 |     5 |             1
           42 |     6 |             1
           42 |     7 |             0
           42 |     8 |             2
           42 |     9 |             0
           42 |    10 |             1
           42 |    11 |             1
           42 |    12 |             1
           42 |    13 |             3
           42 |    14 |             2
           42 |    15 |             5
           42 |    16 |             2
           42 |    17 |             8
           42 |    18 |            10
           42 |    19 |             0
           42 |    20 |             0
----------------------------------
           43 |     0 |             8
           43 |     1 |             6
           43 |     2 |             5
           43 |     3 |             2
           43 |     4 |             1
           43 |     5 |             1
           43 |     6 |             3
           43 |     7 |             0
           43 |     8 |             2
           43 |     9 |             0
           43 |    10 |             0
           43 |    11 |             0
           43 |    12 |             0
           43 |    13 |             1
           43 |    14 |             0
           43 |    15 |             3
           43 |    16 |             1
           43 |    17 |             7
           43 |    18 |             3
           43 |    19 |             0
           43 |    20 |             0
----------------------------------
           44 |     0 |            14
           44 |     1 |             4
           44 |     2 |             3
           44 |     3 |             2
           44 |     4 |             3
           44 |     5 |             1
           44 |     6 |             1
           44 |     7 |             0
           44 |     8 |             1
           44 |     9 |             0
           44 |    10 |             0
           44 |    11 |             0
           44 |    12 |             0
           44 |    13 |             0
           44 |    14 |             0
           44 |    15 |             0
           44 |    16 |             3
           44 |    17 |             3
           44 |    18 |             9
           44 |    19 |             0
           44 |    20 |             0
----------------------------------
           45 |     0 |            15
           45 |     1 |             7
           45 |     2 |             3
           45 |     3 |             0
           45 |     4 |             2
           45 |     5 |             0
           45 |     6 |             0
           45 |     7 |             1
           45 |     8 |             0
           45 |     9 |             0
           45 |    10 |             2
           45 |    11 |             1
           45 |    12 |             0
           45 |    13 |             1
           45 |    14 |             1
           45 |    15 |             1
           45 |    16 |             5
           45 |    17 |             3
           45 |    18 |             3
           45 |    19 |             0
           45 |    20 |             0
----------------------------------
           46 |     0 |            33
           46 |     1 |            13
           46 |     2 |            13
           46 |     3 |             6
           46 |     4 |             3
           46 |     5 |             7
           46 |     6 |             6
           46 |     7 |             4
           46 |     8 |             1
           46 |     9 |             1
           46 |    10 |             2
           46 |    11 |             0
           46 |    12 |             6
           46 |    13 |             6
           46 |    14 |             3
           46 |    15 |             4
           46 |    16 |             4
           46 |    17 |            10
           46 |    18 |            16
           46 |    19 |             0
           46 |    20 |             0
----------------------------------
           47 |     0 |            67
           47 |     1 |            44
           47 |     2 |            37
           47 |     3 |            18
           47 |     4 |            19
           47 |     5 |             9
           47 |     6 |             9
           47 |     7 |             6
           47 |     8 |             4
           47 |     9 |             3
           47 |    10 |             4
           47 |    11 |             3
           47 |    12 |             2
           47 |    13 |             6
           47 |    14 |            12
           47 |    15 |             8
           47 |    16 |            30
           47 |    17 |            26
           47 |    18 |            22
           47 |    19 |             0
           47 |    20 |             0
----------------------------------
           48 |     0 |            18
           48 |     1 |             9
           48 |     2 |             8
           48 |     3 |            10
           48 |     4 |             7
           48 |     5 |             6
           48 |     6 |             5
           48 |     7 |             2
           48 |     8 |             2
           48 |     9 |             1
           48 |    10 |             0
           48 |    11 |             1
           48 |    12 |             2
           48 |    13 |             6
           48 |    14 |             1
           48 |    15 |             5
           48 |    16 |             5
           48 |    17 |             5
           48 |    18 |             3
           48 |    19 |             0
           48 |    20 |             0
----------------------------------
           49 |     0 |            31
           49 |     1 |            17
           49 |     2 |            12
           49 |     3 |             5
           49 |     4 |             8
           49 |     5 |             2
           49 |     6 |             1
           49 |     7 |             4
           49 |     8 |             2
           49 |     9 |             5
           49 |    10 |             4
           49 |    11 |             1
           49 |    12 |             2
           49 |    13 |             4
           49 |    14 |             5
           49 |    15 |             3
           49 |    16 |             4
           49 |    17 |            17
           49 |    18 |            20
           49 |    19 |             0
           49 |    20 |             0
----------------------------------
           50 |     0 |            23
           50 |     1 |            15
           50 |     2 |             6
           50 |     3 |             3
           50 |     4 |             3
           50 |     5 |             1
           50 |     6 |             2
           50 |     7 |             1
           50 |     8 |             2
           50 |     9 |             3
           50 |    10 |             1
           50 |    11 |             0
           50 |    12 |             0
           50 |    13 |             0
           50 |    14 |             0
           50 |    15 |             3
           50 |    16 |             8
           50 |    17 |            12
           50 |    18 |            17
           50 |    19 |             0
           50 |    20 |             0
----------------------------------
           51 |     0 |            20
           51 |     1 |            16
           51 |     2 |             6
           51 |     3 |             2
           51 |     4 |             6
           51 |     5 |             4
           51 |     6 |             0
           51 |     7 |             1
           51 |     8 |             0
           51 |     9 |             0
           51 |    10 |             0
           51 |    11 |             0
           51 |    12 |             1
           51 |    13 |             3
           51 |    14 |             5
           51 |    15 |            11
           51 |    16 |             4
           51 |    17 |            14
           51 |    18 |             9
           51 |    19 |             0
           51 |    20 |             0
----------------------------------
           52 |     0 |            69
           52 |     1 |            43
           52 |     2 |            27
           52 |     3 |            27
           52 |     4 |            26
           52 |     5 |            22
           52 |     6 |            12
           52 |     7 |            12
           52 |     8 |            12
           52 |     9 |             8
           52 |    10 |             6
           52 |    11 |             5
           52 |    12 |             7
           52 |    13 |             5
           52 |    14 |             5
           52 |    15 |             5
           52 |    16 |            19
           52 |    17 |            19
           52 |    18 |            35
           52 |    19 |             0
           52 |    20 |             0
----------------------------------
           53 |     0 |           162
           53 |     1 |            89
           53 |     2 |            58
           53 |     3 |            35
           53 |     4 |            30
           53 |     5 |            24
           53 |     6 |            15
           53 |     7 |            14
           53 |     8 |            12
           53 |     9 |             9
           53 |    10 |            11
           53 |    11 |             8
           53 |    12 |             9
           53 |    13 |            13
           53 |    14 |            25
           53 |    15 |            28
           53 |    16 |            50
           53 |    17 |            74
           53 |    18 |            76
           53 |    19 |             0
           53 |    20 |             0
----------------------------------
           54 |     0 |           100
           54 |     1 |            46
           54 |     2 |            21
           54 |     3 |            14
           54 |     4 |            11
           54 |     5 |            10
           54 |     6 |             6
           54 |     7 |            12
           54 |     8 |             9
           54 |     9 |             5
           54 |    10 |            13
           54 |    11 |             7
           54 |    12 |            11
           54 |    13 |             7
           54 |    14 |            12
           54 |    15 |            16
           54 |    16 |            35
           54 |    17 |            49
           54 |    18 |            48
           54 |    19 |             0
           54 |    20 |             0
----------------------------------
           55 |     0 |           107
           55 |     1 |            62
           55 |     2 |            42
           55 |     3 |            23
           55 |     4 |            16
           55 |     5 |            12
           55 |     6 |             6
           55 |     7 |            17
           55 |     8 |             8
           55 |     9 |             9
           55 |    10 |             7
           55 |    11 |             6
           55 |    12 |             7
           55 |    13 |            25
           55 |    14 |            25
           55 |    15 |            20
           55 |    16 |            27
           55 |    17 |            44
           55 |    18 |            87
           55 |    19 |             0
           55 |    20 |             0
----------------------------------
           56 |     0 |           177
           56 |     1 |            95
           56 |     2 |            47
           56 |     3 |            34
           56 |     4 |            34
           56 |     5 |            15
           56 |     6 |             8
           56 |     7 |            17
           56 |     8 |            11
           56 |     9 |            13
           56 |    10 |            15
           56 |    11 |            21
           56 |    12 |            22
           56 |    13 |            21
           56 |    14 |            26
           56 |    15 |            26
           56 |    16 |            65
           56 |    17 |            78
           56 |    18 |           115
           56 |    19 |             0
           56 |    20 |             0
----------------------------------
           57 |     0 |            77
           57 |     1 |            57
           57 |     2 |            37
           57 |     3 |            20
           57 |     4 |            18
           57 |     5 |             8
           57 |     6 |             9
           57 |     7 |             6
           57 |     8 |             2
           57 |     9 |             7
           57 |    10 |             7
           57 |    11 |            12
           57 |    12 |            13
           57 |    13 |            10
           57 |    14 |            11
           57 |    15 |            24
           57 |    16 |            32
           57 |    17 |            55
           57 |    18 |            51
           57 |    19 |             0
           57 |    20 |             0
----------------------------------
           58 |     0 |           116
           58 |     1 |            60
           58 |     2 |            37
           58 |     3 |            24
           58 |     4 |            18
           58 |     5 |            19
           58 |     6 |            21
           58 |     7 |            20
           58 |     8 |            14
           58 |     9 |            19
           58 |    10 |            15
           58 |    11 |            15
           58 |    12 |            17
           58 |    13 |            20
           58 |    14 |            26
           58 |    15 |            30
           58 |    16 |            44
           58 |    17 |            60
           58 |    18 |            63
           58 |    19 |             0
           58 |    20 |             0
----------------------------------
           59 |     0 |           132
           59 |     1 |            83
           59 |     2 |            50
           59 |     3 |            35
           59 |     4 |            24
           59 |     5 |            18
           59 |     6 |            19
           59 |     7 |            19
           59 |     8 |            16
           59 |     9 |            16
           59 |    10 |            21
           59 |    11 |            20
           59 |    12 |            18
           59 |    13 |            26
           59 |    14 |            21
           59 |    15 |            39
           59 |    16 |            61
           59 |    17 |            61
           59 |    18 |            88
           59 |    19 |             0
           59 |    20 |             0
----------------------------------
           60 |     0 |           204
           60 |     1 |           127
           60 |     2 |            54
           60 |     3 |            37
           60 |     4 |            34
           60 |     5 |            38
           60 |     6 |            24
           60 |     7 |            29
           60 |     8 |            27
           60 |     9 |            26
           60 |    10 |            25
           60 |    11 |            29
           60 |    12 |            30
           60 |    13 |            43
           60 |    14 |            41
           60 |    15 |            56
           60 |    16 |            67
           60 |    17 |           108
           60 |    18 |           141
           60 |    19 |             0
           60 |    20 |             0
----------------------------------
           61 |     0 |           140
           61 |     1 |            70
           61 |     2 |            52
           61 |     3 |            47
           61 |     4 |            26
           61 |     5 |            26
           61 |     6 |            23
           61 |     7 |            12
           61 |     8 |            17
           61 |     9 |            14
           61 |    10 |            19
           61 |    11 |            23
           61 |    12 |            16
           61 |    13 |            19
           61 |    14 |            34
           61 |    15 |            49
           61 |    16 |            51
           61 |    17 |            78
           61 |    18 |            77
           61 |    19 |             0
           61 |    20 |             0
----------------------------------
           62 |     0 |           123
           62 |     1 |            77
           62 |     2 |            61
           62 |     3 |            34
           62 |     4 |            19
           62 |     5 |             7
           62 |     6 |             7
           62 |     7 |             3
           62 |     8 |             7
           62 |     9 |             3
           62 |    10 |             4
           62 |    11 |            10
           62 |    12 |             9
           62 |    13 |            22
           62 |    14 |            35
           62 |    15 |            48
           62 |    16 |            98
           62 |    17 |            89
           62 |    18 |            88
           62 |    19 |             0
           62 |    20 |             0
----------------------------------
           63 |     0 |           140
           63 |     1 |            84
           63 |     2 |            65
           63 |     3 |            49
           63 |     4 |            26
           63 |     5 |            24
           63 |     6 |            15
           63 |     7 |            10
           63 |     8 |            15
           63 |     9 |            14
           63 |    10 |            16
           63 |    11 |            10
           63 |    12 |            14
           63 |    13 |            17
           63 |    14 |            32
           63 |    15 |            41
           63 |    16 |            61
           63 |    17 |           103
           63 |    18 |            83
           63 |    19 |             0
           63 |    20 |             0
----------------------------------
           64 |     0 |           189
           64 |     1 |           108
           64 |     2 |            74
           64 |     3 |            50
           64 |     4 |            34
           64 |     5 |            29
           64 |     6 |            34
           64 |     7 |            25
           64 |     8 |            18
           64 |     9 |            25
           64 |    10 |            23
           64 |    11 |            36
           64 |    12 |            38
           64 |    13 |            34
           64 |    14 |            59
           64 |    15 |            74
           64 |    16 |            78
           64 |    17 |           132
           64 |    18 |           156
           64 |    19 |             0
           64 |    20 |             0
----------------------------------
           65 |     0 |           223
           65 |     1 |           131
           65 |     2 |           100
           65 |     3 |            61
           65 |     4 |            42
           65 |     5 |            33
           65 |     6 |            42
           65 |     7 |            35
           65 |     8 |            27
           65 |     9 |            31
           65 |    10 |            27
           65 |    11 |            30
           65 |    12 |            41
           65 |    13 |            50
           65 |    14 |            71
           65 |    15 |            61
           65 |    16 |            99
           65 |    17 |           123
           65 |    18 |           138
           65 |    19 |             0
           65 |    20 |             0
----------------------------------
           66 |     0 |           160
           66 |     1 |            92
           66 |     2 |            55
           66 |     3 |            39
           66 |     4 |            26
           66 |     5 |            23
           66 |     6 |            19
           66 |     7 |            23
           66 |     8 |            18
           66 |     9 |            17
           66 |    10 |            11
           66 |    11 |            14
           66 |    12 |            21
           66 |    13 |            32
           66 |    14 |            35
           66 |    15 |            71
           66 |    16 |            74
           66 |    17 |           126
           66 |    18 |           134
           66 |    19 |             0
           66 |    20 |             0
----------------------------------
           67 |     0 |           187
           67 |     1 |           108
           67 |     2 |            66
           67 |     3 |            58
           67 |     4 |            41
           67 |     5 |            38
           67 |     6 |            18
           67 |     7 |            28
           67 |     8 |            25
           67 |     9 |            30
           67 |    10 |            37
           67 |    11 |            25
           67 |    12 |            36
           67 |    13 |            29
           67 |    14 |            39
           67 |    15 |            63
           67 |    16 |            93
           67 |    17 |           133
           67 |    18 |           152
           67 |    19 |             0
           67 |    20 |             0
----------------------------------
           68 |     0 |           235
           68 |     1 |           143
           68 |     2 |            91
           68 |     3 |            63
           68 |     4 |            53
           68 |     5 |            46
           68 |     6 |            45
           68 |     7 |            30
           68 |     8 |            32
           68 |     9 |            23
           68 |    10 |            31
           68 |    11 |            43
           68 |    12 |            53
           68 |    13 |            64
           68 |    14 |            81
           68 |    15 |            88
           68 |    16 |           129
           68 |    17 |           151
           68 |    18 |           163
           68 |    19 |             0
           68 |    20 |             0
----------------------------------
           69 |     0 |           168
           69 |     1 |           110
           69 |     2 |            54
           69 |     3 |            44
           69 |     4 |            32
           69 |     5 |            23
           69 |     6 |            14
           69 |     7 |            20
           69 |     8 |            27
           69 |     9 |            30
           69 |    10 |            29
           69 |    11 |            25
           69 |    12 |            24
           69 |    13 |            45
           69 |    14 |            60
           69 |    15 |            64
           69 |    16 |           113
           69 |    17 |           105
           69 |    18 |           117
           69 |    19 |             0
           69 |    20 |             0
----------------------------------
           70 |     0 |           210
           70 |     1 |           120
           70 |     2 |            74
           70 |     3 |            43
           70 |     4 |            45
           70 |     5 |            43
           70 |     6 |            33
           70 |     7 |            39
           70 |     8 |            36
           70 |     9 |            22
           70 |    10 |            22
           70 |    11 |            39
           70 |    12 |            41
           70 |    13 |            47
           70 |    14 |            52
           70 |    15 |            85
           70 |    16 |           117
           70 |    17 |           151
           70 |    18 |           111
           70 |    19 |             0
           70 |    20 |             0
----------------------------------
           71 |     0 |           296
           71 |     1 |           167
           71 |     2 |           111
           71 |     3 |            93
           71 |     4 |            52
           71 |     5 |            43
           71 |     6 |            48
           71 |     7 |            41
           71 |     8 |            36
           71 |     9 |            28
           71 |    10 |            27
           71 |    11 |            41
           71 |    12 |            53
           71 |    13 |            62
           71 |    14 |            98
           71 |    15 |           115
           71 |    16 |           151
           71 |    17 |           209
           71 |    18 |           246
           71 |    19 |             0
           71 |    20 |             0
----------------------------------
           72 |     0 |           278
           72 |     1 |           158
           72 |     2 |           113
           72 |     3 |            87
           72 |     4 |            54
           72 |     5 |            34
           72 |     6 |            33
           72 |     7 |            33
           72 |     8 |            35
           72 |     9 |            23
           72 |    10 |            37
           72 |    11 |            51
           72 |    12 |            59
           72 |    13 |            66
           72 |    14 |            84
           72 |    15 |           131
           72 |    16 |           176
           72 |    17 |           220
           72 |    18 |           200
           72 |    19 |             0
           72 |    20 |             0
----------------------------------
           73 |     0 |           355
           73 |     1 |           189
           73 |     2 |           134
           73 |     3 |            77
           73 |     4 |            64
           73 |     5 |            54
           73 |     6 |            43
           73 |     7 |            48
           73 |     8 |            43
           73 |     9 |            46
           73 |    10 |            46
           73 |    11 |            46
           73 |    12 |            83
           73 |    13 |            76
           73 |    14 |            99
           73 |    15 |           138
           73 |    16 |           202
           73 |    17 |           263
           73 |    18 |           257
           73 |    19 |             0
           73 |    20 |             0
----------------------------------
           74 |     0 |           353
           74 |     1 |           208
           74 |     2 |           125
           74 |     3 |            78
           74 |     4 |            64
           74 |     5 |            50
           74 |     6 |            41
           74 |     7 |            37
           74 |     8 |            38
           74 |     9 |            35
           74 |    10 |            36
           74 |    11 |            48
           74 |    12 |            66
           74 |    13 |            88
           74 |    14 |           141
           74 |    15 |           172
           74 |    16 |           230
           74 |    17 |           289
           74 |    18 |           269
           74 |    19 |             0
           74 |    20 |             0
----------------------------------
           75 |     0 |           252
           75 |     1 |           166
           75 |     2 |            93
           75 |     3 |            72
           75 |     4 |            57
           75 |     5 |            52
           75 |     6 |            34
           75 |     7 |            35
           75 |     8 |            34
           75 |     9 |            40
           75 |    10 |            42
           75 |    11 |            48
           75 |    12 |            73
           75 |    13 |            80
           75 |    14 |            94
           75 |    15 |           112
           75 |    16 |           161
           75 |    17 |           191
           75 |    18 |           239
           75 |    19 |             0
           75 |    20 |             0
----------------------------------
           76 |     0 |           203
           76 |     1 |           127
           76 |     2 |            80
           76 |     3 |            57
           76 |     4 |            41
           76 |     5 |            27
           76 |     6 |            15
           76 |     7 |            21
           76 |     8 |            22
           76 |     9 |            30
           76 |    10 |            40
           76 |    11 |            46
           76 |    12 |            62
           76 |    13 |            69
           76 |    14 |            84
           76 |    15 |            99
           76 |    16 |           122
           76 |    17 |           156
           76 |    18 |           143
           76 |    19 |             0
           76 |    20 |             0
----------------------------------
           77 |     0 |           201
           77 |     1 |           123
           77 |     2 |            75
           77 |     3 |            58
           77 |     4 |            43
           77 |     5 |            44
           77 |     6 |            31
           77 |     7 |            31
           77 |     8 |            34
           77 |     9 |            28
           77 |    10 |            31
           77 |    11 |            49
           77 |    12 |            57
           77 |    13 |            55
           77 |    14 |            55
           77 |    15 |            83
           77 |    16 |           115
           77 |    17 |           171
           77 |    18 |           179
           77 |    19 |             0
           77 |    20 |             0
----------------------------------
           78 |     0 |           191
           78 |     1 |           111
           78 |     2 |            70
           78 |     3 |            49
           78 |     4 |            42
           78 |     5 |            44
           78 |     6 |            30
           78 |     7 |            42
           78 |     8 |            31
           78 |     9 |            39
           78 |    10 |            47
           78 |    11 |            52
           78 |    12 |            58
           78 |    13 |            72
           78 |    14 |            89
           78 |    15 |            93
           78 |    16 |           130
           78 |    17 |           157
           78 |    18 |           135
           78 |    19 |             0
           78 |    20 |             0
----------------------------------
           79 |     0 |           190
           79 |     1 |           108
           79 |     2 |            68
           79 |     3 |            51
           79 |     4 |            41
           79 |     5 |            39
           79 |     6 |            43
           79 |     7 |            48
           79 |     8 |            35
           79 |     9 |            31
           79 |    10 |            27
           79 |    11 |            33
           79 |    12 |            41
           79 |    13 |            63
           79 |    14 |            62
           79 |    15 |            96
           79 |    16 |           107
           79 |    17 |           156
           79 |    18 |           183
           79 |    19 |             0
           79 |    20 |             0
----------------------------------
           80 |     0 |           217
           80 |     1 |           121
           80 |     2 |            70
           80 |     3 |            38
           80 |     4 |            39
           80 |     5 |            30
           80 |     6 |            18
           80 |     7 |            18
           80 |     8 |            23
           80 |     9 |            27
           80 |    10 |            34
           80 |    11 |            33
           80 |    12 |            58
           80 |    13 |            61
           80 |    14 |            92
           80 |    15 |           109
           80 |    16 |           166
           80 |    17 |           189
           80 |    18 |           177
           80 |    19 |             0
           80 |    20 |             0
----------------------------------
           81 |     0 |           103
           81 |     1 |            58
           81 |     2 |            48
           81 |     3 |            42
           81 |     4 |            39
           81 |     5 |            44
           81 |     6 |            31
           81 |     7 |            19
           81 |     8 |            20
           81 |     9 |            22
           81 |    10 |            34
           81 |    11 |            38
           81 |    12 |            49
           81 |    13 |            49
           81 |    14 |            62
           81 |    15 |            65
           81 |    16 |            79
           81 |    17 |            94
           81 |    18 |            76
           81 |    19 |             0
           81 |    20 |             0
----------------------------------
           82 |     0 |           167
           82 |     1 |            97
           82 |     2 |            64
           82 |     3 |            41
           82 |     4 |            38
           82 |     5 |            30
           82 |     6 |            25
           82 |     7 |            23
           82 |     8 |            24
           82 |     9 |            35
           82 |    10 |            43
           82 |    11 |            52
           82 |    12 |            74
           82 |    13 |            77
           82 |    14 |            99
           82 |    15 |           104
           82 |    16 |           148
           82 |    17 |           130
           82 |    18 |           123
           82 |    19 |             0
           82 |    20 |             0
----------------------------------
           83 |     0 |           212
           83 |     1 |           120
           83 |     2 |            66
           83 |     3 |            63
           83 |     4 |            49
           83 |     5 |            44
           83 |     6 |            30
           83 |     7 |            38
           83 |     8 |            52
           83 |     9 |            43
           83 |    10 |            48
           83 |    11 |            60
           83 |    12 |            68
           83 |    13 |            87
           83 |    14 |           114
           83 |    15 |           135
           83 |    16 |           202
           83 |    17 |           190
           83 |    18 |           122
           83 |    19 |             0
           83 |    20 |             0
----------------------------------
           84 |     0 |           159
           84 |     1 |            86
           84 |     2 |            65
           84 |     3 |            49
           84 |     4 |            35
           84 |     5 |            36
           84 |     6 |            24
           84 |     7 |            29
           84 |     8 |            28
           84 |     9 |            24
           84 |    10 |            28
           84 |    11 |            25
           84 |    12 |            39
           84 |    13 |            58
           84 |    14 |            85
           84 |    15 |            95
           84 |    16 |           104
           84 |    17 |           136
           84 |    18 |           155
           84 |    19 |             0
           84 |    20 |             0
----------------------------------
           85 |     0 |           186
           85 |     1 |           107
           85 |     2 |            81
           85 |     3 |            56
           85 |     4 |            42
           85 |     5 |            38
           85 |     6 |            28
           85 |     7 |            26
           85 |     8 |            21
           85 |     9 |            32
           85 |    10 |            33
           85 |    11 |            44
           85 |    12 |            56
           85 |    13 |            88
           85 |    14 |            78
           85 |    15 |           127
           85 |    16 |           139
           85 |    17 |           183
           85 |    18 |           165
           85 |    19 |             0
           85 |    20 |             0
----------------------------------
           86 |     0 |           137
           86 |     1 |            96
           86 |     2 |            68
           86 |     3 |            50
           86 |     4 |            39
           86 |     5 |            32
           86 |     6 |            23
           86 |     7 |            25
           86 |     8 |            30
           86 |     9 |            29
           86 |    10 |            29
           86 |    11 |            41
           86 |    12 |            48
           86 |    13 |            49
           86 |    14 |            73
           86 |    15 |            91
           86 |    16 |            89
           86 |    17 |           136
           86 |    18 |           119
           86 |    19 |             0
           86 |    20 |             0
----------------------------------
           87 |     0 |           144
           87 |     1 |            84
           87 |     2 |            49
           87 |     3 |            42
           87 |     4 |            50
           87 |     5 |            39
           87 |     6 |            29
           87 |     7 |            38
           87 |     8 |            24
           87 |     9 |            40
           87 |    10 |            40
           87 |    11 |            32
           87 |    12 |            49
           87 |    13 |            65
           87 |    14 |            64
           87 |    15 |            75
           87 |    16 |            98
           87 |    17 |           125
           87 |    18 |           131
           87 |    19 |             0
           87 |    20 |             0
----------------------------------
           88 |     0 |           199
           88 |     1 |           109
           88 |     2 |            68
           88 |     3 |            59
           88 |     4 |            52
           88 |     5 |            37
           88 |     6 |            29
           88 |     7 |            33
           88 |     8 |            41
           88 |     9 |            44
           88 |    10 |            47
           88 |    11 |            57
           88 |    12 |            60
           88 |    13 |            79
           88 |    14 |            86
           88 |    15 |           115
           88 |    16 |           152
           88 |    17 |           169
           88 |    18 |           148
           88 |    19 |             0
           88 |    20 |             0
----------------------------------
           89 |     0 |           134
           89 |     1 |            94
           89 |     2 |            74
           89 |     3 |            37
           89 |     4 |            28
           89 |     5 |            23
           89 |     6 |            22
           89 |     7 |            19
           89 |     8 |            28
           89 |     9 |            35
           89 |    10 |            38
           89 |    11 |            43
           89 |    12 |            52
           89 |    13 |            66
           89 |    14 |            68
           89 |    15 |           106
           89 |    16 |           103
           89 |    17 |           123
           89 |    18 |           153
           89 |    19 |             0
           89 |    20 |             0
----------------------------------
           90 |     0 |           197
           90 |     1 |           115
           90 |     2 |            71
           90 |     3 |            45
           90 |     4 |            33
           90 |     5 |            34
           90 |     6 |            31
           90 |     7 |            40
           90 |     8 |            38
           90 |     9 |            33
           90 |    10 |            46
           90 |    11 |            51
           90 |    12 |           105
           90 |    13 |           109
           90 |    14 |           129
           90 |    15 |           142
           90 |    16 |           168
           90 |    17 |           176
           90 |    18 |           147
           90 |    19 |             0
           90 |    20 |             0
----------------------------------
           91 |     0 |           219
           91 |     1 |           134
           91 |     2 |            90
           91 |     3 |            58
           91 |     4 |            62
           91 |     5 |            55
           91 |     6 |            58
           91 |     7 |            54
           91 |     8 |            45
           91 |     9 |            39
           91 |    10 |            46
           91 |    11 |            69
           91 |    12 |           100
           91 |    13 |            97
           91 |    14 |            99
           91 |    15 |           156
           91 |    16 |           224
           91 |    17 |           254
           91 |    18 |           234
           91 |    19 |             0
           91 |    20 |             0
----------------------------------
           92 |     0 |           106
           92 |     1 |            69
           92 |     2 |            59
           92 |     3 |            37
           92 |     4 |            23
           92 |     5 |            31
           92 |     6 |            30
           92 |     7 |            30
           92 |     8 |            25
           92 |     9 |            35
           92 |    10 |            29
           92 |    11 |            49
           92 |    12 |            55
           92 |    13 |            67
           92 |    14 |            61
           92 |    15 |           100
           92 |    16 |            97
           92 |    17 |           114
           92 |    18 |            87
           92 |    19 |             0
           92 |    20 |             0
----------------------------------
           93 |     0 |           172
           93 |     1 |           118
           93 |     2 |            68
           93 |     3 |            47
           93 |     4 |            30
           93 |     5 |            32
           93 |     6 |            29
           93 |     7 |            26
           93 |     8 |            23
           93 |     9 |            40
           93 |    10 |            37
           93 |    11 |            59
           93 |    12 |            82
           93 |    13 |           100
           93 |    14 |            96
           93 |    15 |           123
           93 |    16 |           162
           93 |    17 |           174
           93 |    18 |           163
           93 |    19 |             0
           93 |    20 |             0
----------------------------------
           94 |     0 |           200
           94 |     1 |           123
           94 |     2 |            59
           94 |     3 |            42
           94 |     4 |            49
           94 |     5 |            39
           94 |     6 |            35
           94 |     7 |            47
           94 |     8 |            44
           94 |     9 |            35
           94 |    10 |            56
           94 |    11 |            63
           94 |    12 |            84
           94 |    13 |            96
           94 |    14 |           130
           94 |    15 |           154
           94 |    16 |           187
           94 |    17 |           182
           94 |    18 |           161
           94 |    19 |             0
           94 |    20 |             0
----------------------------------
           95 |     0 |           199
           95 |     1 |           126
           95 |     2 |            76
           95 |     3 |            69
           95 |     4 |            47
           95 |     5 |            54
           95 |     6 |            48
           95 |     7 |            50
           95 |     8 |            66
           95 |     9 |            60
           95 |    10 |            65
           95 |    11 |            68
           95 |    12 |            75
           95 |    13 |            74
           95 |    14 |           144
           95 |    15 |           190
           95 |    16 |           190
           95 |    17 |           214
           95 |    18 |           180
           95 |    19 |             0
           95 |    20 |             0
----------------------------------
           96 |     0 |           102
           96 |     1 |            70
           96 |     2 |            43
           96 |     3 |            31
           96 |     4 |            21
           96 |     5 |            22
           96 |     6 |            28
           96 |     7 |            25
           96 |     8 |            19
           96 |     9 |            35
           96 |    10 |            30
           96 |    11 |            35
           96 |    12 |            39
           96 |    13 |            58
           96 |    14 |            67
           96 |    15 |            96
           96 |    16 |            81
           96 |    17 |            90
           96 |    18 |            68
           96 |    19 |             0
           96 |    20 |             0
----------------------------------
           97 |     0 |           219
           97 |     1 |           133
           97 |     2 |           101
           97 |     3 |            61
           97 |     4 |            57
           97 |     5 |            47
           97 |     6 |            44
           97 |     7 |            48
           97 |     8 |            51
           97 |     9 |            68
           97 |    10 |            86
           97 |    11 |            92
           97 |    12 |           110
           97 |    13 |           135
           97 |    14 |           148
           97 |    15 |           176
           97 |    16 |           187
           97 |    17 |           193
           97 |    18 |           178
           97 |    19 |             0
           97 |    20 |             0
----------------------------------
           98 |     0 |           190
           98 |     1 |           115
           98 |     2 |            97
           98 |     3 |            77
           98 |     4 |            57
           98 |     5 |            59
           98 |     6 |            44
           98 |     7 |            59
           98 |     8 |            56
           98 |     9 |            68
           98 |    10 |            76
           98 |    11 |            73
           98 |    12 |            99
           98 |    13 |           103
           98 |    14 |           132
           98 |    15 |           150
           98 |    16 |           177
           98 |    17 |           176
           98 |    18 |           152
           98 |    19 |             0
           98 |    20 |             0
----------------------------------
           99 |     0 |            97
           99 |     1 |            55
           99 |     2 |            50
           99 |     3 |            41
           99 |     4 |            30
           99 |     5 |            20
           99 |     6 |            16
           99 |     7 |            14
           99 |     8 |            13
           99 |     9 |            22
           99 |    10 |            23
           99 |    11 |            33
           99 |    12 |            41
           99 |    13 |            58
           99 |    14 |            65
           99 |    15 |            83
           99 |    16 |           106
           99 |    17 |           119
           99 |    18 |           104
           99 |    19 |             0
           99 |    20 |             0
----------------------------------
          100 |     0 |           140
          100 |     1 |            89
          100 |     2 |            53
          100 |     3 |            35
          100 |     4 |            41
          100 |     5 |            49
          100 |     6 |            36
          100 |     7 |            43
          100 |     8 |            38
          100 |     9 |            38
          100 |    10 |            43
          100 |    11 |            51
          100 |    12 |            58
          100 |    13 |            68
          100 |    14 |            79
          100 |    15 |           118
          100 |    16 |           123
          100 |    17 |           150
          100 |    18 |           148
          100 |    19 |             0
          100 |    20 |             0
----------------------------------
          101 |     0 |           107
          101 |     1 |            63
          101 |     2 |            43
          101 |     3 |            36
          101 |     4 |            20
          101 |     5 |            19
          101 |     6 |            28
          101 |     7 |            39
          101 |     8 |            23
          101 |     9 |            51
          101 |    10 |            46
          101 |    11 |            58
          101 |    12 |            48
          101 |    13 |            60
          101 |    14 |            70
          101 |    15 |            95
          101 |    16 |           112
          101 |    17 |           104
          101 |    18 |            89
          101 |    19 |             0
          101 |    20 |             0
----------------------------------
          102 |     0 |            88
          102 |     1 |            54
          102 |     2 |            42
          102 |     3 |            34
          102 |     4 |            30
          102 |     5 |            28
          102 |     6 |            32
          102 |     7 |            38
          102 |     8 |            39
          102 |     9 |            40
          102 |    10 |            48
          102 |    11 |            37
          102 |    12 |            53
          102 |    13 |            50
          102 |    14 |            58
          102 |    15 |            77
          102 |    16 |           105
          102 |    17 |            99
          102 |    18 |            68
          102 |    19 |             0
          102 |    20 |             0
----------------------------------
          103 |     0 |            51
          103 |     1 |            36
          103 |     2 |            18
          103 |     3 |            12
          103 |     4 |             7
          103 |     5 |             8
          103 |     6 |             9
          103 |     7 |            16
          103 |     8 |            13
          103 |     9 |            17
          103 |    10 |            22
          103 |    11 |            28
          103 |    12 |            27
          103 |    13 |            33
          103 |    14 |            34
          103 |    15 |            37
          103 |    16 |            46
          103 |    17 |            55
          103 |    18 |            46
          103 |    19 |             0
          103 |    20 |             0
----------------------------------
          104 |     0 |            97
          104 |     1 |            67
          104 |     2 |            52
          104 |     3 |            36
          104 |     4 |            26
          104 |     5 |            21
          104 |     6 |            15
          104 |     7 |            16
          104 |     8 |            19
          104 |     9 |            27
          104 |    10 |            29
          104 |    11 |            34
          104 |    12 |            46
          104 |    13 |            59
          104 |    14 |            88
          104 |    15 |           103
          104 |    16 |           104
          104 |    17 |           110
          104 |    18 |            91
          104 |    19 |             0
          104 |    20 |             0
----------------------------------
          105 |     0 |            46
          105 |     1 |            34
          105 |     2 |            26
          105 |     3 |            18
          105 |     4 |            17
          105 |     5 |            18
          105 |     6 |            10
          105 |     7 |            10
          105 |     8 |            14
          105 |     9 |            11
          105 |    10 |            20
          105 |    11 |            18
          105 |    12 |            34
          105 |    13 |            44
          105 |    14 |            41
          105 |    15 |            43
          105 |    16 |            33
          105 |    17 |            45
          105 |    18 |            43
          105 |    19 |             0
          105 |    20 |             0
----------------------------------
          106 |     0 |           141
          106 |     1 |            74
          106 |     2 |            44
          106 |     3 |            26
          106 |     4 |            30
          106 |     5 |            27
          106 |     6 |            33
          106 |     7 |            29
          106 |     8 |            24
          106 |     9 |            24
          106 |    10 |            30
          106 |    11 |            35
          106 |    12 |            52
          106 |    13 |            61
          106 |    14 |            81
          106 |    15 |           109
          106 |    16 |           147
          106 |    17 |           162
          106 |    18 |           143
          106 |    19 |             0
          106 |    20 |             0
----------------------------------
          107 |     0 |            54
          107 |     1 |            28
          107 |     2 |            15
          107 |     3 |            15
          107 |     4 |            16
          107 |     5 |            10
          107 |     6 |            11
          107 |     7 |            10
          107 |     8 |            15
          107 |     9 |            17
          107 |    10 |            17
          107 |    11 |            22
          107 |    12 |            32
          107 |    13 |            28
          107 |    14 |            33
          107 |    15 |            35
          107 |    16 |            58
          107 |    17 |            67
          107 |    18 |            52
          107 |    19 |             0
          107 |    20 |             0
----------------------------------
          108 |     0 |            54
          108 |     1 |            36
          108 |     2 |            28
          108 |     3 |            25
          108 |     4 |            14
          108 |     5 |            24
          108 |     6 |            25
          108 |     7 |            15
          108 |     8 |            23
          108 |     9 |            22
          108 |    10 |            23
          108 |    11 |            36
          108 |    12 |            27
          108 |    13 |            32
          108 |    14 |            45
          108 |    15 |            44
          108 |    16 |            49
          108 |    17 |            68
          108 |    18 |            58
          108 |    19 |             0
          108 |    20 |             0
----------------------------------
          109 |     0 |            76
          109 |     1 |            40
          109 |     2 |            45
          109 |     3 |            27
          109 |     4 |            19
          109 |     5 |            18
          109 |     6 |            23
          109 |     7 |            13
          109 |     8 |            19
          109 |     9 |            30
          109 |    10 |            32
          109 |    11 |            40
          109 |    12 |            54
          109 |    13 |            60
          109 |    14 |            74
          109 |    15 |            86
          109 |    16 |            76
          109 |    17 |            78
          109 |    18 |            62
          109 |    19 |             0
          109 |    20 |             0
----------------------------------
          110 |     0 |            38
          110 |     1 |            24
          110 |     2 |            22
          110 |     3 |            14
          110 |     4 |            14
          110 |     5 |            14
          110 |     6 |            21
          110 |     7 |            15
          110 |     8 |            15
          110 |     9 |             9
          110 |    10 |            17
          110 |    11 |            19
          110 |    12 |            16
          110 |    13 |            16
          110 |    14 |            19
          110 |    15 |            37
          110 |    16 |            43
          110 |    17 |            47
          110 |    18 |            40
          110 |    19 |             0
          110 |    20 |             0
----------------------------------
          111 |     0 |            38
          111 |     1 |            24
          111 |     2 |            13
          111 |     3 |             5
          111 |     4 |             6
          111 |     5 |             4
          111 |     6 |             4
          111 |     7 |             4
          111 |     8 |             7
          111 |     9 |            11
          111 |    10 |             6
          111 |    11 |            11
          111 |    12 |            16
          111 |    13 |            18
          111 |    14 |            19
          111 |    15 |            29
          111 |    16 |            23
          111 |    17 |            43
          111 |    18 |            52
          111 |    19 |             0
          111 |    20 |             0
----------------------------------
          112 |     0 |            65
          112 |     1 |            51
          112 |     2 |            32
          112 |     3 |            27
          112 |     4 |            14
          112 |     5 |            21
          112 |     6 |            20
          112 |     7 |            10
          112 |     8 |            20
          112 |     9 |            23
          112 |    10 |            18
          112 |    11 |            24
          112 |    12 |            29
          112 |    13 |            46
          112 |    14 |            64
          112 |    15 |            81
          112 |    16 |            85
          112 |    17 |            92
          112 |    18 |            62
          112 |    19 |             0
          112 |    20 |             0
----------------------------------
          113 |     0 |            38
          113 |     1 |            31
          113 |     2 |            21
          113 |     3 |            15
          113 |     4 |            11
          113 |     5 |            10
          113 |     6 |            11
          113 |     7 |             4
          113 |     8 |             9
          113 |     9 |             4
          113 |    10 |            17
          113 |    11 |            13
          113 |    12 |            26
          113 |    13 |            26
          113 |    14 |            35
          113 |    15 |            47
          113 |    16 |            52
          113 |    17 |            50
          113 |    18 |            32
          113 |    19 |             0
          113 |    20 |             0
----------------------------------
          114 |     0 |            69
          114 |     1 |            33
          114 |     2 |            37
          114 |     3 |            31
          114 |     4 |            34
          114 |     5 |            32
          114 |     6 |            31
          114 |     7 |            37
          114 |     8 |            33
          114 |     9 |            36
          114 |    10 |            42
          114 |    11 |            54
          114 |    12 |            64
          114 |    13 |            63
          114 |    14 |            57
          114 |    15 |            57
          114 |    16 |            57
          114 |    17 |            73
          114 |    18 |            72
          114 |    19 |             0
          114 |    20 |             0
----------------------------------
          115 |     0 |            31
          115 |     1 |            25
          115 |     2 |            16
          115 |     3 |             8
          115 |     4 |            15
          115 |     5 |            12
          115 |     6 |             7
          115 |     7 |            10
          115 |     8 |            16
          115 |     9 |            14
          115 |    10 |            13
          115 |    11 |            27
          115 |    12 |            26
          115 |    13 |            24
          115 |    14 |            35
          115 |    15 |            56
          115 |    16 |            65
          115 |    17 |            43
          115 |    18 |            17
          115 |    19 |             0
          115 |    20 |             0
----------------------------------
          116 |     0 |            43
          116 |     1 |            19
          116 |     2 |            21
          116 |     3 |             6
          116 |     4 |             5
          116 |     5 |             5
          116 |     6 |             6
          116 |     7 |             8
          116 |     8 |             7
          116 |     9 |            10
          116 |    10 |            17
          116 |    11 |            32
          116 |    12 |            30
          116 |    13 |            37
          116 |    14 |            32
          116 |    15 |            31
          116 |    16 |            51
          116 |    17 |            66
          116 |    18 |            38
          116 |    19 |             0
          116 |    20 |             0
----------------------------------
          117 |     0 |            40
          117 |     1 |            22
          117 |     2 |             9
          117 |     3 |             8
          117 |     4 |             9
          117 |     5 |            11
          117 |     6 |             8
          117 |     7 |             9
          117 |     8 |            12
          117 |     9 |             8
          117 |    10 |            12
          117 |    11 |            18
          117 |    12 |            24
          117 |    13 |            42
          117 |    14 |            39
          117 |    15 |            56
          117 |    16 |            48
          117 |    17 |            51
          117 |    18 |            42
          117 |    19 |             0
          117 |    20 |             0
----------------------------------
          118 |     0 |             6
          118 |     1 |             8
          118 |     2 |             4
          118 |     3 |             4
          118 |     4 |             6
          118 |     5 |             1
          118 |     6 |             5
          118 |     7 |             5
          118 |     8 |             1
          118 |     9 |             4
          118 |    10 |             1
          118 |    11 |             2
          118 |    12 |             2
          118 |    13 |             2
          118 |    14 |             6
          118 |    15 |            14
          118 |    16 |            20
          118 |    17 |            16
          118 |    18 |            11
          118 |    19 |             0
          118 |    20 |             0
----------------------------------
          119 |     0 |            21
          119 |     1 |            15
          119 |     2 |            22
          119 |     3 |            16
          119 |     4 |            13
          119 |     5 |            11
          119 |     6 |            10
          119 |     7 |             5
          119 |     8 |             6
          119 |     9 |            11
          119 |    10 |            24
          119 |    11 |            18
          119 |    12 |            26
          119 |    13 |            29
          119 |    14 |            29
          119 |    15 |            34
          119 |    16 |            37
          119 |    17 |            19
          119 |    18 |            11
          119 |    19 |             0
          119 |    20 |             0
----------------------------------
          120 |     0 |            23
          120 |     1 |            12
          120 |     2 |             9
          120 |     3 |             6
          120 |     4 |             3
          120 |     5 |             5
          120 |     6 |             7
          120 |     7 |             5
          120 |     8 |             5
          120 |     9 |             7
          120 |    10 |            11
          120 |    11 |             8
          120 |    12 |            11
          120 |    13 |             9
          120 |    14 |            18
          120 |    15 |            18
          120 |    16 |            23
          120 |    17 |            33
          120 |    18 |            27
          120 |    19 |             0
          120 |    20 |             0
----------------------------------
----------------------------------
          122 |     0 |            31
          122 |     1 |            22
          122 |     2 |            16
          122 |     3 |            16
          122 |     4 |            14
          122 |     5 |            10
          122 |     6 |            21
          122 |     7 |            26
          122 |     8 |            22
          122 |     9 |            13
          122 |    10 |            16
          122 |    11 |            18
          122 |    12 |            23
          122 |    13 |            28
          122 |    14 |            31
          122 |    15 |            48
          122 |    16 |            46
          122 |    17 |            50
          122 |    18 |            37
          122 |    19 |             0
          122 |    20 |             0
----------------------------------
          123 |     0 |            37
          123 |     1 |            19
          123 |     2 |            16
          123 |     3 |            13
          123 |     4 |             7
          123 |     5 |             4
          123 |     6 |             6
          123 |     7 |             9
          123 |     8 |             3
          123 |     9 |             8
          123 |    10 |             5
          123 |    11 |             9
          123 |    12 |            18
          123 |    13 |            21
          123 |    14 |            27
          123 |    15 |            35
          123 |    16 |            41
          123 |    17 |            57
          123 |    18 |            34
          123 |    19 |             0
          123 |    20 |             0
----------------------------------
----------------------------------
          125 |     0 |            31
          125 |     1 |            20
          125 |     2 |            20
          125 |     3 |             9
          125 |     4 |             7
          125 |     5 |             7
          125 |     6 |             6
          125 |     7 |            13
          125 |     8 |             8
          125 |     9 |            14
          125 |    10 |            14
          125 |    11 |            14
          125 |    12 |            20
          125 |    13 |            27
          125 |    14 |            24
          125 |    15 |            33
          125 |    16 |            43
          125 |    17 |            33
          125 |    18 |            32
          125 |    19 |             0
          125 |    20 |             0
----------------------------------
          126 |     0 |            10
          126 |     1 |             5
          126 |     2 |             2
          126 |     3 |             3
          126 |     4 |             0
          126 |     5 |             2
          126 |     6 |             0
          126 |     7 |             0
          126 |     8 |             4
          126 |     9 |             3
          126 |    10 |             1
          126 |    11 |             8
          126 |    12 |            14
          126 |    13 |            14
          126 |    14 |            17
          126 |    15 |            11
          126 |    16 |            13
          126 |    17 |            11
          126 |    18 |             8
          126 |    19 |             0
          126 |    20 |             0
----------------------------------
----------------------------------
----------------------------------
----------------------------------
          130 |     0 |            11
          130 |     1 |             7
          130 |     2 |             3
          130 |     3 |             8
          130 |     4 |             3
          130 |     5 |             1
          130 |     6 |             3
          130 |     7 |             3
          130 |     8 |             0
          130 |     9 |             1
          130 |    10 |             5
          130 |    11 |             2
          130 |    12 |             5
          130 |    13 |            10
          130 |    14 |            14
          130 |    15 |            14
          130 |    16 |            11
          130 |    17 |            15
          130 |    18 |            14
          130 |    19 |             0
          130 |    20 |             0
----------------------------------
          131 |     0 |            11
          131 |     1 |             4
          131 |     2 |             0
          131 |     3 |             4
          131 |     4 |             0
          131 |     5 |             0
          131 |     6 |             0
          131 |     7 |             6
          131 |     8 |             2
          131 |     9 |             5
          131 |    10 |             4
          131 |    11 |             5
          131 |    12 |             7
          131 |    13 |             6
          131 |    14 |            13
          131 |    15 |            10
          131 |    16 |            23
          131 |    17 |            16
          131 |    18 |            15
          131 |    19 |             0
          131 |    20 |             0
----------------------------------
----------------------------------
----------------------------------
----------------------------------
----------------------------------
----------------------------------
          137 |     0 |             8
          137 |     1 |             5
          137 |     2 |             3
          137 |     3 |             4
          137 |     4 |             1
          137 |     5 |             1
          137 |     6 |             1
          137 |     7 |             1
          137 |     8 |             4
          137 |     9 |             3
          137 |    10 |             6
          137 |    11 |             5
          137 |    12 |             5
          137 |    13 |            12
          137 |    14 |             8
          137 |    15 |            15
          137 |    16 |            20
          137 |    17 |            21
          137 |    18 |            14
          137 |    19 |             0
          137 |    20 |             0
----------------------------------
          138 |     0 |            18
          138 |     1 |            13
          138 |     2 |             4
          138 |     3 |             5
          138 |     4 |             5
          138 |     5 |             5
          138 |     6 |             3
          138 |     7 |             5
          138 |     8 |             7
          138 |     9 |            11
          138 |    10 |            18
          138 |    11 |            11
          138 |    12 |            15
          138 |    13 |            23
          138 |    14 |            28
          138 |    15 |            30
          138 |    16 |            34
          138 |    17 |            23
          138 |    18 |            18
          138 |    19 |             0
          138 |    20 |             0
----------------------------------
----------------------------------
----------------------------------
----------------------------------
----------------------------------
----------------------------------
----------------------------------
----------------------------------
----------------------------------
----------------------------------
----------------------------------
----------------------------------
----------------------------------
----------------------------------
----------------------------------
----------------------------------
----------------------------------
----------------------------------
----------------------------------
----------------------------------
----------------------------------
----------------------------------
----------------------------------
----------------------------------
----------------------------------
----------------------------------
----------------------------------
----------------------------------
----------------------------------
----------------------------------
----------------------------------
----------------------------------
----------------------------------
----------------------------------
----------------------------------
----------------------------------
----------------------------------
----------------------------------
----------------------------------
----------------------------------
----------------------------------
----------------------------------
----------------------------------
----------------------------------
----------------------------------
----------------------------------
----------------------------------
----------------------------------
----------------------------------
----------------------------------
----------------------------------
----------------------------------
----------------------------------
