MinCut number | RSize | Number of cuts
----------------------------------
----------------------------------
----------------------------------
----------------------------------
----------------------------------
----------------------------------
----------------------------------
----------------------------------
----------------------------------
----------------------------------
----------------------------------
----------------------------------
----------------------------------
----------------------------------
----------------------------------
----------------------------------
----------------------------------
           36 |     1 |            14
           36 |     2 |             5
           36 |     3 |             5
           36 |     4 |             6
           36 |     5 |             1
           36 |     6 |             1
           36 |     7 |             3
           36 |     8 |             2
           36 |     9 |             1
           36 |    10 |             2
           36 |    11 |             0
           36 |    12 |             0
           36 |    13 |             1
           36 |    14 |             0
           36 |    15 |             0
           36 |    16 |             1
           36 |    17 |             6
           36 |    18 |             3
           36 |    19 |             0
----------------------------------
----------------------------------
----------------------------------
           39 |     1 |            18
           39 |     2 |            11
           39 |     3 |             1
           39 |     4 |             1
           39 |     5 |             0
           39 |     6 |             2
           39 |     7 |             0
           39 |     8 |             2
           39 |     9 |             1
           39 |    10 |             2
           39 |    11 |             0
           39 |    12 |             2
           39 |    13 |             1
           39 |    14 |             2
           39 |    15 |             3
           39 |    16 |             5
           39 |    17 |             3
           39 |    18 |             4
           39 |    19 |             0
----------------------------------
----------------------------------
           41 |     1 |             5
           41 |     2 |             3
           41 |     3 |             3
           41 |     4 |             2
           41 |     5 |             4
           41 |     6 |             1
           41 |     7 |             2
           41 |     8 |             1
           41 |     9 |             1
           41 |    10 |             2
           41 |    11 |             2
           41 |    12 |             0
           41 |    13 |             0
           41 |    14 |             0
           41 |    15 |             1
           41 |    16 |             0
           41 |    17 |             2
           41 |    18 |             1
           41 |    19 |             0
----------------------------------
----------------------------------
           43 |     1 |             7
           43 |     2 |            10
           43 |     3 |             8
           43 |     4 |             4
           43 |     5 |             2
           43 |     6 |             1
           43 |     7 |             1
           43 |     8 |             1
           43 |     9 |             4
           43 |    10 |             3
           43 |    11 |             2
           43 |    12 |             3
           43 |    13 |             2
           43 |    14 |             5
           43 |    15 |             2
           43 |    16 |             0
           43 |    17 |             4
           43 |    18 |             3
           43 |    19 |             0
----------------------------------
           44 |     1 |            16
           44 |     2 |             6
           44 |     3 |             2
           44 |     4 |             2
           44 |     5 |             2
           44 |     6 |             4
           44 |     7 |             6
           44 |     8 |             7
           44 |     9 |             3
           44 |    10 |             2
           44 |    11 |             1
           44 |    12 |             0
           44 |    13 |             0
           44 |    14 |             4
           44 |    15 |             3
           44 |    16 |             3
           44 |    17 |             4
           44 |    18 |             4
           44 |    19 |             0
----------------------------------
----------------------------------
           46 |     1 |            16
           46 |     2 |            17
           46 |     3 |            10
           46 |     4 |             6
           46 |     5 |             6
           46 |     6 |             3
           46 |     7 |             1
           46 |     8 |             4
           46 |     9 |             1
           46 |    10 |             3
           46 |    11 |             5
           46 |    12 |             4
           46 |    13 |             4
           46 |    14 |             2
           46 |    15 |             4
           46 |    16 |             1
           46 |    17 |             7
           46 |    18 |             4
           46 |    19 |             0
----------------------------------
           47 |     1 |            27
           47 |     2 |            13
           47 |     3 |             9
           47 |     4 |             5
           47 |     5 |             3
           47 |     6 |             3
           47 |     7 |             6
           47 |     8 |             2
           47 |     9 |             7
           47 |    10 |             2
           47 |    11 |             2
           47 |    12 |             4
           47 |    13 |             7
           47 |    14 |             8
           47 |    15 |            12
           47 |    16 |            10
           47 |    17 |             6
           47 |    18 |            11
           47 |    19 |             0
----------------------------------
           48 |     1 |            62
           48 |     2 |            43
           48 |     3 |            29
           48 |     4 |            22
           48 |     5 |            16
           48 |     6 |            13
           48 |     7 |             7
           48 |     8 |            11
           48 |     9 |            11
           48 |    10 |            10
           48 |    11 |             8
           48 |    12 |            14
           48 |    13 |            11
           48 |    14 |            14
           48 |    15 |            12
           48 |    16 |            17
           48 |    17 |            23
           48 |    18 |            25
           48 |    19 |             0
----------------------------------
           49 |     1 |            24
           49 |     2 |            15
           49 |     3 |            12
           49 |     4 |            14
           49 |     5 |             6
           49 |     6 |             5
           49 |     7 |             2
           49 |     8 |             2
           49 |     9 |             4
           49 |    10 |             1
           49 |    11 |             7
           49 |    12 |             7
           49 |    13 |            11
           49 |    14 |             7
           49 |    15 |             8
           49 |    16 |             8
           49 |    17 |            12
           49 |    18 |            10
           49 |    19 |             0
----------------------------------
           50 |     1 |            39
           50 |     2 |            24
           50 |     3 |            17
           50 |     4 |            10
           50 |     5 |             9
           50 |     6 |            10
           50 |     7 |             6
           50 |     8 |             7
           50 |     9 |             1
           50 |    10 |             4
           50 |    11 |             6
           50 |    12 |             2
           50 |    13 |             7
           50 |    14 |             7
           50 |    15 |             8
           50 |    16 |            11
           50 |    17 |            11
           50 |    18 |            10
           50 |    19 |             0
----------------------------------
           51 |     1 |            45
           51 |     2 |            38
           51 |     3 |            25
           51 |     4 |            24
           51 |     5 |            23
           51 |     6 |            24
           51 |     7 |            13
           51 |     8 |             9
           51 |     9 |            14
           51 |    10 |             9
           51 |    11 |            11
           51 |    12 |            11
           51 |    13 |             6
           51 |    14 |            10
           51 |    15 |            13
           51 |    16 |            24
           51 |    17 |            17
           51 |    18 |            18
           51 |    19 |             0
----------------------------------
           52 |     1 |            61
           52 |     2 |            51
           52 |     3 |            27
           52 |     4 |            34
           52 |     5 |            20
           52 |     6 |            14
           52 |     7 |             7
           52 |     8 |             3
           52 |     9 |             9
           52 |    10 |            11
           52 |    11 |            12
           52 |    12 |            14
           52 |    13 |            11
           52 |    14 |            19
           52 |    15 |            21
           52 |    16 |            24
           52 |    17 |            27
           52 |    18 |            19
           52 |    19 |             0
----------------------------------
           53 |     1 |            76
           53 |     2 |            52
           53 |     3 |            49
           53 |     4 |            40
           53 |     5 |            33
           53 |     6 |            34
           53 |     7 |            24
           53 |     8 |            17
           53 |     9 |            15
           53 |    10 |            24
           53 |    11 |            18
           53 |    12 |            23
           53 |    13 |            17
           53 |    14 |            19
           53 |    15 |            21
           53 |    16 |            25
           53 |    17 |            25
           53 |    18 |            14
           53 |    19 |             0
----------------------------------
           54 |     1 |            51
           54 |     2 |            43
           54 |     3 |            32
           54 |     4 |            32
           54 |     5 |            30
           54 |     6 |            14
           54 |     7 |            13
           54 |     8 |            18
           54 |     9 |            15
           54 |    10 |            17
           54 |    11 |            16
           54 |    12 |            14
           54 |    13 |            15
           54 |    14 |            20
           54 |    15 |            15
           54 |    16 |            12
           54 |    17 |            24
           54 |    18 |            21
           54 |    19 |             0
----------------------------------
           55 |     1 |            69
           55 |     2 |            43
           55 |     3 |            34
           55 |     4 |            19
           55 |     5 |            22
           55 |     6 |            16
           55 |     7 |            19
           55 |     8 |            21
           55 |     9 |            21
           55 |    10 |            11
           55 |    11 |            11
           55 |    12 |            14
           55 |    13 |            15
           55 |    14 |            17
           55 |    15 |            24
           55 |    16 |            33
           55 |    17 |            27
           55 |    18 |            30
           55 |    19 |             0
----------------------------------
           56 |     1 |            91
           56 |     2 |            63
           56 |     3 |            49
           56 |     4 |            34
           56 |     5 |            37
           56 |     6 |            42
           56 |     7 |            27
           56 |     8 |            25
           56 |     9 |            25
           56 |    10 |            21
           56 |    11 |            14
           56 |    12 |            23
           56 |    13 |            16
           56 |    14 |            28
           56 |    15 |            34
           56 |    16 |            38
           56 |    17 |            43
           56 |    18 |            29
           56 |    19 |             0
----------------------------------
           57 |     1 |            73
           57 |     2 |            52
           57 |     3 |            34
           57 |     4 |            36
           57 |     5 |            23
           57 |     6 |            16
           57 |     7 |            17
           57 |     8 |            20
           57 |     9 |            17
           57 |    10 |            22
           57 |    11 |            24
           57 |    12 |            11
           57 |    13 |            23
           57 |    14 |            32
           57 |    15 |            29
           57 |    16 |            29
           57 |    17 |            23
           57 |    18 |            41
           57 |    19 |             0
----------------------------------
           58 |     1 |            79
           58 |     2 |            58
           58 |     3 |            36
           58 |     4 |            23
           58 |     5 |            18
           58 |     6 |            14
           58 |     7 |            14
           58 |     8 |            21
           58 |     9 |            27
           58 |    10 |            24
           58 |    11 |            17
           58 |    12 |            15
           58 |    13 |            29
           58 |    14 |            25
           58 |    15 |            27
           58 |    16 |            49
           58 |    17 |            56
           58 |    18 |            35
           58 |    19 |             0
----------------------------------
           59 |     1 |            58
           59 |     2 |            34
           59 |     3 |            32
           59 |     4 |            27
           59 |     5 |            26
           59 |     6 |            13
           59 |     7 |            14
           59 |     8 |            17
           59 |     9 |            12
           59 |    10 |            19
           59 |    11 |            15
           59 |    12 |            17
           59 |    13 |            16
           59 |    14 |            19
           59 |    15 |            19
           59 |    16 |            19
           59 |    17 |            25
           59 |    18 |            21
           59 |    19 |             0
----------------------------------
           60 |     1 |            82
           60 |     2 |            57
           60 |     3 |            51
           60 |     4 |            41
           60 |     5 |            35
           60 |     6 |            29
           60 |     7 |            19
           60 |     8 |            25
           60 |     9 |            27
           60 |    10 |            29
           60 |    11 |            37
           60 |    12 |            22
           60 |    13 |            18
           60 |    14 |            14
           60 |    15 |            26
           60 |    16 |            24
           60 |    17 |            42
           60 |    18 |            25
           60 |    19 |             0
----------------------------------
           61 |     1 |           122
           61 |     2 |            84
           61 |     3 |            50
           61 |     4 |            49
           61 |     5 |            40
           61 |     6 |            47
           61 |     7 |            48
           61 |     8 |            38
           61 |     9 |            38
           61 |    10 |            41
           61 |    11 |            46
           61 |    12 |            40
           61 |    13 |            40
           61 |    14 |            45
           61 |    15 |            58
           61 |    16 |            43
           61 |    17 |            41
           61 |    18 |            41
           61 |    19 |             0
----------------------------------
           62 |     1 |           105
           62 |     2 |            67
           62 |     3 |            65
           62 |     4 |            51
           62 |     5 |            39
           62 |     6 |            29
           62 |     7 |            32
           62 |     8 |            27
           62 |     9 |            29
           62 |    10 |            28
           62 |    11 |            29
           62 |    12 |            40
           62 |    13 |            34
           62 |    14 |            46
           62 |    15 |            54
           62 |    16 |            56
           62 |    17 |            55
           62 |    18 |            36
           62 |    19 |             0
----------------------------------
           63 |     1 |           132
           63 |     2 |           103
           63 |     3 |            83
           63 |     4 |            63
           63 |     5 |            47
           63 |     6 |            61
           63 |     7 |            60
           63 |     8 |            45
           63 |     9 |            42
           63 |    10 |            37
           63 |    11 |            50
           63 |    12 |            57
           63 |    13 |            56
           63 |    14 |            70
           63 |    15 |            63
           63 |    16 |            82
           63 |    17 |            84
           63 |    18 |            47
           63 |    19 |             0
----------------------------------
           64 |     1 |           106
           64 |     2 |            79
           64 |     3 |            52
           64 |     4 |            50
           64 |     5 |            48
           64 |     6 |            39
           64 |     7 |            37
           64 |     8 |            35
           64 |     9 |            24
           64 |    10 |            22
           64 |    11 |            21
           64 |    12 |            32
           64 |    13 |            35
           64 |    14 |            57
           64 |    15 |            56
           64 |    16 |            78
           64 |    17 |            82
           64 |    18 |            55
           64 |    19 |             0
----------------------------------
           65 |     1 |           118
           65 |     2 |            77
           65 |     3 |            67
           65 |     4 |            40
           65 |     5 |            44
           65 |     6 |            34
           65 |     7 |            23
           65 |     8 |            34
           65 |     9 |            27
           65 |    10 |            27
           65 |    11 |            29
           65 |    12 |            29
           65 |    13 |            42
           65 |    14 |            42
           65 |    15 |            50
           65 |    16 |            79
           65 |    17 |            67
           65 |    18 |            40
           65 |    19 |             0
----------------------------------
           66 |     1 |           148
           66 |     2 |           104
           66 |     3 |            89
           66 |     4 |            65
           66 |     5 |            61
           66 |     6 |            39
           66 |     7 |            48
           66 |     8 |            51
           66 |     9 |            57
           66 |    10 |            53
           66 |    11 |            43
           66 |    12 |            71
           66 |    13 |            73
           66 |    14 |            85
           66 |    15 |           104
           66 |    16 |            94
           66 |    17 |            93
           66 |    18 |            81
           66 |    19 |             0
----------------------------------
           67 |     1 |           136
           67 |     2 |           102
           67 |     3 |            87
           67 |     4 |            74
           67 |     5 |            70
           67 |     6 |            59
           67 |     7 |            54
           67 |     8 |            43
           67 |     9 |            49
           67 |    10 |            50
           67 |    11 |            44
           67 |    12 |            51
           67 |    13 |            54
           67 |    14 |            60
           67 |    15 |            74
           67 |    16 |            94
           67 |    17 |            72
           67 |    18 |            82
           67 |    19 |             0
----------------------------------
           68 |     1 |           107
           68 |     2 |            88
           68 |     3 |            69
           68 |     4 |            70
           68 |     5 |            59
           68 |     6 |            39
           68 |     7 |            39
           68 |     8 |            48
           68 |     9 |            51
           68 |    10 |            41
           68 |    11 |            37
           68 |    12 |            39
           68 |    13 |            33
           68 |    14 |            41
           68 |    15 |            60
           68 |    16 |            69
           68 |    17 |            70
           68 |    18 |            39
           68 |    19 |             0
----------------------------------
           69 |     1 |           132
           69 |     2 |           102
           69 |     3 |            88
           69 |     4 |            58
           69 |     5 |            53
           69 |     6 |            61
           69 |     7 |            50
           69 |     8 |            39
           69 |     9 |            35
           69 |    10 |            38
           69 |    11 |            38
           69 |    12 |            52
           69 |    13 |            55
           69 |    14 |            60
           69 |    15 |            64
           69 |    16 |            76
           69 |    17 |            64
           69 |    18 |            57
           69 |    19 |             0
----------------------------------
           70 |     1 |           154
           70 |     2 |           126
           70 |     3 |           102
           70 |     4 |            80
           70 |     5 |            70
           70 |     6 |            74
           70 |     7 |            66
           70 |     8 |            54
           70 |     9 |            63
           70 |    10 |            52
           70 |    11 |            75
           70 |    12 |            48
           70 |    13 |            68
           70 |    14 |            86
           70 |    15 |            82
           70 |    16 |            85
           70 |    17 |            64
           70 |    18 |            51
           70 |    19 |             0
----------------------------------
           71 |     1 |           138
           71 |     2 |           115
           71 |     3 |            88
           71 |     4 |            74
           71 |     5 |            67
           71 |     6 |            68
           71 |     7 |            65
           71 |     8 |            53
           71 |     9 |            45
           71 |    10 |            41
           71 |    11 |            43
           71 |    12 |            63
           71 |    13 |            61
           71 |    14 |            71
           71 |    15 |            82
           71 |    16 |           100
           71 |    17 |           105
           71 |    18 |            88
           71 |    19 |             0
----------------------------------
           72 |     1 |           172
           72 |     2 |           112
           72 |     3 |            96
           72 |     4 |            68
           72 |     5 |            56
           72 |     6 |            53
           72 |     7 |            55
           72 |     8 |            46
           72 |     9 |            61
           72 |    10 |            60
           72 |    11 |            59
           72 |    12 |            64
           72 |    13 |            80
           72 |    14 |            92
           72 |    15 |           137
           72 |    16 |           122
           72 |    17 |           116
           72 |    18 |            90
           72 |    19 |             0
----------------------------------
           73 |     1 |           188
           73 |     2 |           106
           73 |     3 |            86
           73 |     4 |            85
           73 |     5 |            83
           73 |     6 |            83
           73 |     7 |            77
           73 |     8 |            69
           73 |     9 |            68
           73 |    10 |            80
           73 |    11 |            88
           73 |    12 |            90
           73 |    13 |            84
           73 |    14 |            98
           73 |    15 |            92
           73 |    16 |           107
           73 |    17 |           103
           73 |    18 |            77
           73 |    19 |             0
----------------------------------
           74 |     1 |           172
           74 |     2 |           119
           74 |     3 |           108
           74 |     4 |           102
           74 |     5 |            72
           74 |     6 |            72
           74 |     7 |            66
           74 |     8 |            55
           74 |     9 |            58
           74 |    10 |            51
           74 |    11 |            57
           74 |    12 |            63
           74 |    13 |            93
           74 |    14 |            96
           74 |    15 |           101
           74 |    16 |           145
           74 |    17 |           149
           74 |    18 |            96
           74 |    19 |             0
----------------------------------
           75 |     1 |           126
           75 |     2 |           104
           75 |     3 |            88
           75 |     4 |            81
           75 |     5 |            66
           75 |     6 |            59
           75 |     7 |            62
           75 |     8 |            42
           75 |     9 |            40
           75 |    10 |            48
           75 |    11 |            58
           75 |    12 |            57
           75 |    13 |            75
           75 |    14 |            81
           75 |    15 |            76
           75 |    16 |            89
           75 |    17 |            84
           75 |    18 |            74
           75 |    19 |             0
----------------------------------
           76 |     1 |           218
           76 |     2 |           176
           76 |     3 |           135
           76 |     4 |           125
           76 |     5 |            86
           76 |     6 |            97
           76 |     7 |            73
           76 |     8 |            94
           76 |     9 |            95
           76 |    10 |            81
           76 |    11 |            75
           76 |    12 |           107
           76 |    13 |           135
           76 |    14 |           142
           76 |    15 |           154
           76 |    16 |           160
           76 |    17 |           158
           76 |    18 |           104
           76 |    19 |             0
----------------------------------
           77 |     1 |           125
           77 |     2 |           113
           77 |     3 |            94
           77 |     4 |            75
           77 |     5 |            73
           77 |     6 |            92
           77 |     7 |            68
           77 |     8 |            69
           77 |     9 |            62
           77 |    10 |            72
           77 |    11 |            59
           77 |    12 |            68
           77 |    13 |            78
           77 |    14 |            83
           77 |    15 |            93
           77 |    16 |           101
           77 |    17 |           100
           77 |    18 |            78
           77 |    19 |             0
----------------------------------
           78 |     1 |           172
           78 |     2 |           138
           78 |     3 |           114
           78 |     4 |           117
           78 |     5 |            96
           78 |     6 |            94
           78 |     7 |            87
           78 |     8 |            80
           78 |     9 |            82
           78 |    10 |            81
           78 |    11 |            89
           78 |    12 |            97
           78 |    13 |           100
           78 |    14 |           114
           78 |    15 |           135
           78 |    16 |           142
           78 |    17 |           111
           78 |    18 |            90
           78 |    19 |             0
----------------------------------
           79 |     1 |           168
           79 |     2 |           120
           79 |     3 |           101
           79 |     4 |            98
           79 |     5 |            86
           79 |     6 |            98
           79 |     7 |            87
           79 |     8 |            68
           79 |     9 |            93
           79 |    10 |            84
           79 |    11 |           105
           79 |    12 |           121
           79 |    13 |           122
           79 |    14 |           122
           79 |    15 |           134
           79 |    16 |           135
           79 |    17 |           115
           79 |    18 |           106
           79 |    19 |             0
----------------------------------
           80 |     1 |           189
           80 |     2 |           134
           80 |     3 |            99
           80 |     4 |            94
           80 |     5 |            80
           80 |     6 |            74
           80 |     7 |            86
           80 |     8 |            99
           80 |     9 |            93
           80 |    10 |            97
           80 |    11 |            97
           80 |    12 |            92
           80 |    13 |           109
           80 |    14 |           116
           80 |    15 |           130
           80 |    16 |           134
           80 |    17 |           131
           80 |    18 |           115
           80 |    19 |             0
----------------------------------
           81 |     1 |           191
           81 |     2 |           145
           81 |     3 |           102
           81 |     4 |            90
           81 |     5 |            90
           81 |     6 |           110
           81 |     7 |           103
           81 |     8 |           127
           81 |     9 |           103
           81 |    10 |           103
           81 |    11 |           104
           81 |    12 |           101
           81 |    13 |           106
           81 |    14 |           121
           81 |    15 |           120
           81 |    16 |           117
           81 |    17 |            96
           81 |    18 |            91
           81 |    19 |             0
----------------------------------
           82 |     1 |           151
           82 |     2 |           110
           82 |     3 |           104
           82 |     4 |            89
           82 |     5 |            82
           82 |     6 |            89
           82 |     7 |            78
           82 |     8 |            76
           82 |     9 |            86
           82 |    10 |            95
           82 |    11 |            74
           82 |    12 |            77
           82 |    13 |            74
           82 |    14 |            87
           82 |    15 |           125
           82 |    16 |           132
           82 |    17 |           129
           82 |    18 |            90
           82 |    19 |             0
----------------------------------
           83 |     1 |           217
           83 |     2 |           167
           83 |     3 |           135
           83 |     4 |           110
           83 |     5 |            81
           83 |     6 |            99
           83 |     7 |            99
           83 |     8 |            90
           83 |     9 |            99
           83 |    10 |           113
           83 |    11 |           122
           83 |    12 |           139
           83 |    13 |           161
           83 |    14 |           168
           83 |    15 |           182
           83 |    16 |           168
           83 |    17 |           156
           83 |    18 |           143
           83 |    19 |             0
----------------------------------
           84 |     1 |           108
           84 |     2 |            87
           84 |     3 |            71
           84 |     4 |            77
           84 |     5 |            63
           84 |     6 |            67
           84 |     7 |            46
           84 |     8 |            52
           84 |     9 |            70
           84 |    10 |            69
           84 |    11 |            53
           84 |    12 |            63
           84 |    13 |            75
           84 |    14 |            78
           84 |    15 |            88
           84 |    16 |            81
           84 |    17 |            84
           84 |    18 |            54
           84 |    19 |             0
----------------------------------
           85 |     1 |           151
           85 |     2 |           116
           85 |     3 |            90
           85 |     4 |            83
           85 |     5 |            72
           85 |     6 |            66
           85 |     7 |            75
           85 |     8 |            72
           85 |     9 |            68
           85 |    10 |            83
           85 |    11 |            76
           85 |    12 |            95
           85 |    13 |           101
           85 |    14 |           112
           85 |    15 |           110
           85 |    16 |           101
           85 |    17 |           108
           85 |    18 |            99
           85 |    19 |             0
----------------------------------
           86 |     1 |           108
           86 |     2 |            94
           86 |     3 |            82
           86 |     4 |            79
           86 |     5 |            61
           86 |     6 |            60
           86 |     7 |            61
           86 |     8 |            46
           86 |     9 |            55
           86 |    10 |            46
           86 |    11 |            63
           86 |    12 |            70
           86 |    13 |            95
           86 |    14 |           100
           86 |    15 |           103
           86 |    16 |            98
           86 |    17 |            89
           86 |    18 |            66
           86 |    19 |             0
----------------------------------
           87 |     1 |           143
           87 |     2 |           124
           87 |     3 |            90
           87 |     4 |            81
           87 |     5 |            76
           87 |     6 |            86
           87 |     7 |            98
           87 |     8 |            88
           87 |     9 |            86
           87 |    10 |            94
           87 |    11 |            99
           87 |    12 |           101
           87 |    13 |           103
           87 |    14 |           117
           87 |    15 |           128
           87 |    16 |           148
           87 |    17 |           117
           87 |    18 |           111
           87 |    19 |             0
----------------------------------
           88 |     1 |            88
           88 |     2 |            64
           88 |     3 |            56
           88 |     4 |            57
           88 |     5 |            41
           88 |     6 |            55
           88 |     7 |            47
           88 |     8 |            46
           88 |     9 |            51
           88 |    10 |            53
           88 |    11 |            51
           88 |    12 |            65
           88 |    13 |            72
           88 |    14 |            76
           88 |    15 |            82
           88 |    16 |            87
           88 |    17 |            80
           88 |    18 |            51
           88 |    19 |             0
----------------------------------
           89 |     1 |           105
           89 |     2 |            84
           89 |     3 |            66
           89 |     4 |            63
           89 |     5 |            65
           89 |     6 |            55
           89 |     7 |            75
           89 |     8 |            60
           89 |     9 |            56
           89 |    10 |            61
           89 |    11 |            80
           89 |    12 |            89
           89 |    13 |            91
           89 |    14 |            94
           89 |    15 |           118
           89 |    16 |           118
           89 |    17 |            95
           89 |    18 |            68
           89 |    19 |             0
----------------------------------
           90 |     1 |            91
           90 |     2 |            67
           90 |     3 |            71
           90 |     4 |            61
           90 |     5 |            56
           90 |     6 |            54
           90 |     7 |            59
           90 |     8 |            50
           90 |     9 |            52
           90 |    10 |            46
           90 |    11 |            66
           90 |    12 |            69
           90 |    13 |            81
           90 |    14 |            94
           90 |    15 |            95
           90 |    16 |            80
           90 |    17 |            77
           90 |    18 |            45
           90 |    19 |             0
----------------------------------
           91 |     1 |            60
           91 |     2 |            48
           91 |     3 |            61
           91 |     4 |            50
           91 |     5 |            42
           91 |     6 |            37
           91 |     7 |            40
           91 |     8 |            32
           91 |     9 |            34
           91 |    10 |            40
           91 |    11 |            41
           91 |    12 |            59
           91 |    13 |            50
           91 |    14 |            53
           91 |    15 |            61
           91 |    16 |            67
           91 |    17 |            70
           91 |    18 |            50
           91 |    19 |             0
----------------------------------
           92 |     1 |            78
           92 |     2 |            69
           92 |     3 |            70
           92 |     4 |            61
           92 |     5 |            58
           92 |     6 |            50
           92 |     7 |            57
           92 |     8 |            50
           92 |     9 |            35
           92 |    10 |            49
           92 |    11 |            35
           92 |    12 |            45
           92 |    13 |            54
           92 |    14 |            72
           92 |    15 |            82
           92 |    16 |            84
           92 |    17 |            87
           92 |    18 |            56
           92 |    19 |             0
----------------------------------
           93 |     1 |            80
           93 |     2 |            66
           93 |     3 |            62
           93 |     4 |            50
           93 |     5 |            50
           93 |     6 |            68
           93 |     7 |            78
           93 |     8 |            66
           93 |     9 |            64
           93 |    10 |            60
           93 |    11 |            69
           93 |    12 |            74
           93 |    13 |            73
           93 |    14 |            69
           93 |    15 |            84
           93 |    16 |            81
           93 |    17 |            91
           93 |    18 |            80
           93 |    19 |             0
----------------------------------
           94 |     1 |            49
           94 |     2 |            49
           94 |     3 |            37
           94 |     4 |            32
           94 |     5 |            33
           94 |     6 |            30
           94 |     7 |            26
           94 |     8 |            24
           94 |     9 |            40
           94 |    10 |            32
           94 |    11 |            34
           94 |    12 |            35
           94 |    13 |            48
           94 |    14 |            36
           94 |    15 |            44
           94 |    16 |            49
           94 |    17 |            55
           94 |    18 |            34
           94 |    19 |             0
----------------------------------
           95 |     1 |            74
           95 |     2 |            69
           95 |     3 |            52
           95 |     4 |            54
           95 |     5 |            49
           95 |     6 |            52
           95 |     7 |            48
           95 |     8 |            46
           95 |     9 |            50
           95 |    10 |            64
           95 |    11 |            67
           95 |    12 |            64
           95 |    13 |            73
           95 |    14 |            67
           95 |    15 |            80
           95 |    16 |            86
           95 |    17 |            81
           95 |    18 |            46
           95 |    19 |             0
----------------------------------
           96 |     1 |            79
           96 |     2 |            78
           96 |     3 |            58
           96 |     4 |            46
           96 |     5 |            46
           96 |     6 |            47
           96 |     7 |            40
           96 |     8 |            43
           96 |     9 |            46
           96 |    10 |            41
           96 |    11 |            71
           96 |    12 |            63
           96 |    13 |            82
           96 |    14 |            78
           96 |    15 |            84
           96 |    16 |            92
           96 |    17 |            80
           96 |    18 |            62
           96 |    19 |             0
----------------------------------
           97 |     1 |            56
           97 |     2 |            43
           97 |     3 |            46
           97 |     4 |            34
           97 |     5 |            23
           97 |     6 |            31
           97 |     7 |            30
           97 |     8 |            34
           97 |     9 |            45
           97 |    10 |            52
           97 |    11 |            40
           97 |    12 |            44
           97 |    13 |            57
           97 |    14 |            57
           97 |    15 |            70
           97 |    16 |            60
           97 |    17 |            48
           97 |    18 |            37
           97 |    19 |             0
----------------------------------
           98 |     1 |            82
           98 |     2 |            64
           98 |     3 |            60
           98 |     4 |            51
           98 |     5 |            41
           98 |     6 |            39
           98 |     7 |            36
           98 |     8 |            43
           98 |     9 |            50
           98 |    10 |            56
           98 |    11 |            55
           98 |    12 |            57
           98 |    13 |            71
           98 |    14 |            74
           98 |    15 |            89
           98 |    16 |            83
           98 |    17 |            74
           98 |    18 |            50
           98 |    19 |             0
----------------------------------
           99 |     1 |            63
           99 |     2 |            57
           99 |     3 |            54
           99 |     4 |            57
           99 |     5 |            51
           99 |     6 |            48
           99 |     7 |            37
           99 |     8 |            29
           99 |     9 |            41
           99 |    10 |            37
           99 |    11 |            44
           99 |    12 |            46
           99 |    13 |            54
           99 |    14 |            57
           99 |    15 |            68
           99 |    16 |            66
           99 |    17 |            71
           99 |    18 |            47
           99 |    19 |             0
----------------------------------
          100 |     1 |            45
          100 |     2 |            32
          100 |     3 |            28
          100 |     4 |            30
          100 |     5 |            25
          100 |     6 |            33
          100 |     7 |            37
          100 |     8 |            39
          100 |     9 |            36
          100 |    10 |            33
          100 |    11 |            34
          100 |    12 |            45
          100 |    13 |            47
          100 |    14 |            49
          100 |    15 |            48
          100 |    16 |            31
          100 |    17 |            28
          100 |    18 |            25
          100 |    19 |             0
----------------------------------
          101 |     1 |            64
          101 |     2 |            38
          101 |     3 |            26
          101 |     4 |            22
          101 |     5 |            23
          101 |     6 |            26
          101 |     7 |            24
          101 |     8 |            37
          101 |     9 |            41
          101 |    10 |            43
          101 |    11 |            35
          101 |    12 |            40
          101 |    13 |            57
          101 |    14 |            59
          101 |    15 |            77
          101 |    16 |            77
          101 |    17 |            74
          101 |    18 |            61
          101 |    19 |             0
----------------------------------
          102 |     1 |            78
          102 |     2 |            47
          102 |     3 |            42
          102 |     4 |            42
          102 |     5 |            33
          102 |     6 |            30
          102 |     7 |            40
          102 |     8 |            46
          102 |     9 |            59
          102 |    10 |            55
          102 |    11 |            60
          102 |    12 |            70
          102 |    13 |            79
          102 |    14 |            65
          102 |    15 |            83
          102 |    16 |            73
          102 |    17 |            83
          102 |    18 |            48
          102 |    19 |             0
----------------------------------
          103 |     1 |            45
          103 |     2 |            32
          103 |     3 |            31
          103 |     4 |            21
          103 |     5 |            27
          103 |     6 |            28
          103 |     7 |            26
          103 |     8 |            25
          103 |     9 |            24
          103 |    10 |            35
          103 |    11 |            27
          103 |    12 |            36
          103 |    13 |            42
          103 |    14 |            37
          103 |    15 |            40
          103 |    16 |            36
          103 |    17 |            29
          103 |    18 |            35
          103 |    19 |             0
----------------------------------
          104 |     1 |            32
          104 |     2 |            28
          104 |     3 |            30
          104 |     4 |            28
          104 |     5 |            25
          104 |     6 |            18
          104 |     7 |            14
          104 |     8 |            16
          104 |     9 |            20
          104 |    10 |            36
          104 |    11 |            39
          104 |    12 |            43
          104 |    13 |            46
          104 |    14 |            39
          104 |    15 |            46
          104 |    16 |            42
          104 |    17 |            36
          104 |    18 |            33
          104 |    19 |             0
----------------------------------
          105 |     1 |            37
          105 |     2 |            31
          105 |     3 |            37
          105 |     4 |            30
          105 |     5 |            21
          105 |     6 |            26
          105 |     7 |            31
          105 |     8 |            24
          105 |     9 |            34
          105 |    10 |            43
          105 |    11 |            46
          105 |    12 |            50
          105 |    13 |            51
          105 |    14 |            57
          105 |    15 |            55
          105 |    16 |            50
          105 |    17 |            39
          105 |    18 |            21
          105 |    19 |             0
----------------------------------
          106 |     1 |            17
          106 |     2 |            12
          106 |     3 |             9
          106 |     4 |            12
          106 |     5 |            14
          106 |     6 |            14
          106 |     7 |            13
          106 |     8 |            11
          106 |     9 |            14
          106 |    10 |            19
          106 |    11 |            22
          106 |    12 |            22
          106 |    13 |            19
          106 |    14 |            19
          106 |    15 |            20
          106 |    16 |            20
          106 |    17 |            21
          106 |    18 |            14
          106 |    19 |             0
----------------------------------
          107 |     1 |            31
          107 |     2 |            22
          107 |     3 |            19
          107 |     4 |            18
          107 |     5 |            18
          107 |     6 |            16
          107 |     7 |            16
          107 |     8 |            21
          107 |     9 |            30
          107 |    10 |            26
          107 |    11 |            35
          107 |    12 |            38
          107 |    13 |            47
          107 |    14 |            44
          107 |    15 |            41
          107 |    16 |            30
          107 |    17 |            23
          107 |    18 |            17
          107 |    19 |             0
----------------------------------
          108 |     1 |            33
          108 |     2 |            16
          108 |     3 |            15
          108 |     4 |             6
          108 |     5 |            13
          108 |     6 |            11
          108 |     7 |            16
          108 |     8 |            24
          108 |     9 |            20
          108 |    10 |            15
          108 |    11 |            23
          108 |    12 |            13
          108 |    13 |            23
          108 |    14 |            35
          108 |    15 |            32
          108 |    16 |            35
          108 |    17 |            41
          108 |    18 |            29
          108 |    19 |             0
----------------------------------
          109 |     1 |            29
          109 |     2 |            30
          109 |     3 |            25
          109 |     4 |            28
          109 |     5 |            23
          109 |     6 |            32
          109 |     7 |            36
          109 |     8 |            17
          109 |     9 |            20
          109 |    10 |            23
          109 |    11 |            27
          109 |    12 |            35
          109 |    13 |            36
          109 |    14 |            34
          109 |    15 |            48
          109 |    16 |            31
          109 |    17 |            21
          109 |    18 |            18
          109 |    19 |             0
----------------------------------
          110 |     1 |            26
          110 |     2 |            12
          110 |     3 |            20
          110 |     4 |            18
          110 |     5 |            14
          110 |     6 |            17
          110 |     7 |            16
          110 |     8 |            17
          110 |     9 |            14
          110 |    10 |            17
          110 |    11 |            24
          110 |    12 |            20
          110 |    13 |            27
          110 |    14 |            32
          110 |    15 |            38
          110 |    16 |            35
          110 |    17 |            32
          110 |    18 |            26
          110 |    19 |             0
----------------------------------
          111 |     1 |            26
          111 |     2 |            15
          111 |     3 |            23
          111 |     4 |            18
          111 |     5 |            24
          111 |     6 |            23
          111 |     7 |            20
          111 |     8 |            22
          111 |     9 |            22
          111 |    10 |            28
          111 |    11 |            30
          111 |    12 |            37
          111 |    13 |            40
          111 |    14 |            42
          111 |    15 |            39
          111 |    16 |            45
          111 |    17 |            40
          111 |    18 |            21
          111 |    19 |             0
----------------------------------
          112 |     1 |            32
          112 |     2 |            34
          112 |     3 |            20
          112 |     4 |            20
          112 |     5 |            18
          112 |     6 |            23
          112 |     7 |            24
          112 |     8 |            32
          112 |     9 |            34
          112 |    10 |            39
          112 |    11 |            31
          112 |    12 |            32
          112 |    13 |            30
          112 |    14 |            33
          112 |    15 |            30
          112 |    16 |            32
          112 |    17 |            31
          112 |    18 |            23
          112 |    19 |             0
----------------------------------
          113 |     1 |            20
          113 |     2 |            15
          113 |     3 |            20
          113 |     4 |             8
          113 |     5 |            15
          113 |     6 |            17
          113 |     7 |            16
          113 |     8 |            31
          113 |     9 |            19
          113 |    10 |            17
          113 |    11 |            23
          113 |    12 |            28
          113 |    13 |            30
          113 |    14 |            33
          113 |    15 |            34
          113 |    16 |            39
          113 |    17 |            30
          113 |    18 |            23
          113 |    19 |             0
----------------------------------
          114 |     1 |             5
          114 |     2 |             4
          114 |     3 |             2
          114 |     4 |             3
          114 |     5 |             5
          114 |     6 |             8
          114 |     7 |             7
          114 |     8 |            11
          114 |     9 |             9
          114 |    10 |             9
          114 |    11 |             8
          114 |    12 |             8
          114 |    13 |             7
          114 |    14 |             8
          114 |    15 |             4
          114 |    16 |             4
          114 |    17 |             3
          114 |    18 |             3
          114 |    19 |             0
----------------------------------
          115 |     1 |             6
          115 |     2 |             7
          115 |     3 |             5
          115 |     4 |             4
          115 |     5 |             2
          115 |     6 |             4
          115 |     7 |             4
          115 |     8 |             3
          115 |     9 |             6
          115 |    10 |             9
          115 |    11 |            12
          115 |    12 |            10
          115 |    13 |             8
          115 |    14 |             8
          115 |    15 |             7
          115 |    16 |             4
          115 |    17 |             3
          115 |    18 |             2
          115 |    19 |             0
----------------------------------
          116 |     1 |            10
          116 |     2 |            11
          116 |     3 |             6
          116 |     4 |            11
          116 |     5 |            10
          116 |     6 |            11
          116 |     7 |             9
          116 |     8 |             7
          116 |     9 |            10
          116 |    10 |            10
          116 |    11 |            16
          116 |    12 |            18
          116 |    13 |            12
          116 |    14 |            15
          116 |    15 |            13
          116 |    16 |            13
          116 |    17 |            18
          116 |    18 |            14
          116 |    19 |             0
----------------------------------
          117 |     1 |             4
          117 |     2 |             5
          117 |     3 |             8
          117 |     4 |             5
          117 |     5 |             3
          117 |     6 |             6
          117 |     7 |             5
          117 |     8 |             7
          117 |     9 |             5
          117 |    10 |            10
          117 |    11 |             8
          117 |    12 |             8
          117 |    13 |             7
          117 |    14 |            10
          117 |    15 |             7
          117 |    16 |             6
          117 |    17 |             6
          117 |    18 |             1
          117 |    19 |             0
----------------------------------
----------------------------------
          119 |     1 |            12
          119 |     2 |             9
          119 |     3 |             8
          119 |     4 |             6
          119 |     5 |             5
          119 |     6 |             9
          119 |     7 |             7
          119 |     8 |             8
          119 |     9 |            11
          119 |    10 |            16
          119 |    11 |            15
          119 |    12 |            14
          119 |    13 |            19
          119 |    14 |            17
          119 |    15 |            17
          119 |    16 |            19
          119 |    17 |            15
          119 |    18 |            14
          119 |    19 |             0
----------------------------------
----------------------------------
          121 |     1 |             5
          121 |     2 |             3
          121 |     3 |             5
          121 |     4 |             7
          121 |     5 |             8
          121 |     6 |             7
          121 |     7 |             7
          121 |     8 |             6
          121 |     9 |             6
          121 |    10 |             4
          121 |    11 |             8
          121 |    12 |             9
          121 |    13 |            11
          121 |    14 |             8
          121 |    15 |             8
          121 |    16 |             6
          121 |    17 |             5
          121 |    18 |             4
          121 |    19 |             0
----------------------------------
----------------------------------
----------------------------------
          124 |     1 |             7
          124 |     2 |             2
          124 |     3 |             3
          124 |     4 |             2
          124 |     5 |             2
          124 |     6 |             5
          124 |     7 |             7
          124 |     8 |            12
          124 |     9 |            11
          124 |    10 |             8
          124 |    11 |            10
          124 |    12 |             7
          124 |    13 |             5
          124 |    14 |             9
          124 |    15 |             8
          124 |    16 |             6
          124 |    17 |             8
          124 |    18 |             5
          124 |    19 |             0
----------------------------------
----------------------------------
          126 |     1 |            15
          126 |     2 |            10
          126 |     3 |            10
          126 |     4 |             9
          126 |     5 |            10
          126 |     6 |             6
          126 |     7 |             9
          126 |     8 |             8
          126 |     9 |            10
          126 |    10 |             8
          126 |    11 |            13
          126 |    12 |            12
          126 |    13 |            20
          126 |    14 |            24
          126 |    15 |            18
          126 |    16 |            21
          126 |    17 |            17
          126 |    18 |            21
          126 |    19 |             0
----------------------------------
----------------------------------
----------------------------------
----------------------------------
----------------------------------
----------------------------------
----------------------------------
----------------------------------
----------------------------------
----------------------------------
----------------------------------
----------------------------------
----------------------------------
----------------------------------
----------------------------------
----------------------------------
----------------------------------
----------------------------------
----------------------------------
----------------------------------
----------------------------------
----------------------------------
----------------------------------
----------------------------------
----------------------------------
----------------------------------
----------------------------------
----------------------------------
----------------------------------
----------------------------------
----------------------------------
----------------------------------
----------------------------------
----------------------------------
----------------------------------
----------------------------------
----------------------------------
----------------------------------
----------------------------------
----------------------------------
----------------------------------
----------------------------------
----------------------------------
----------------------------------
----------------------------------
----------------------------------
----------------------------------
----------------------------------
----------------------------------
----------------------------------
----------------------------------
----------------------------------
----------------------------------
----------------------------------
----------------------------------
----------------------------------
----------------------------------
----------------------------------
----------------------------------
----------------------------------
----------------------------------
----------------------------------
----------------------------------
----------------------------------
----------------------------------
