MinCut number | SSize | Number of cuts
----------------------------------
----------------------------------
----------------------------------
----------------------------------
----------------------------------
----------------------------------
----------------------------------
----------------------------------
----------------------------------
----------------------------------
----------------------------------
----------------------------------
----------------------------------
----------------------------------
----------------------------------
----------------------------------
----------------------------------
----------------------------------
----------------------------------
----------------------------------
----------------------------------
----------------------------------
----------------------------------
----------------------------------
----------------------------------
----------------------------------
----------------------------------
----------------------------------
----------------------------------
----------------------------------
----------------------------------
----------------------------------
----------------------------------
----------------------------------
           53 |     1 |            11
           53 |     2 |             9
           53 |     3 |             5
           53 |     4 |             4
           53 |     5 |             4
           53 |     6 |             4
           53 |     7 |             3
           53 |     8 |             3
           53 |     9 |             3
           53 |    10 |             1
           53 |    11 |             3
           53 |    12 |             0
           53 |    13 |             0
           53 |    14 |             0
           53 |    15 |             0
           53 |    16 |             1
           53 |    17 |             1
           53 |    18 |             0
           53 |    19 |             1
----------------------------------
----------------------------------
           55 |     1 |            40
           55 |     2 |            24
           55 |     3 |            11
           55 |     4 |            13
           55 |     5 |             9
           55 |     6 |             8
           55 |     7 |             6
           55 |     8 |             7
           55 |     9 |             7
           55 |    10 |             7
           55 |    11 |             4
           55 |    12 |             5
           55 |    13 |             4
           55 |    14 |             6
           55 |    15 |             6
           55 |    16 |             3
           55 |    17 |             3
           55 |    18 |             1
           55 |    19 |             1
----------------------------------
           56 |     1 |            84
           56 |     2 |            40
           56 |     3 |            28
           56 |     4 |            31
           56 |     5 |            22
           56 |     6 |            20
           56 |     7 |            15
           56 |     8 |            13
           56 |     9 |            14
           56 |    10 |            10
           56 |    11 |             9
           56 |    12 |            10
           56 |    13 |            13
           56 |    14 |             9
           56 |    15 |             5
           56 |    16 |             4
           56 |    17 |             5
           56 |    18 |             3
           56 |    19 |             1
----------------------------------
           57 |     1 |            99
           57 |     2 |            50
           57 |     3 |            37
           57 |     4 |            36
           57 |     5 |            23
           57 |     6 |            29
           57 |     7 |            24
           57 |     8 |            15
           57 |     9 |            15
           57 |    10 |            12
           57 |    11 |            12
           57 |    12 |             7
           57 |    13 |            12
           57 |    14 |             9
           57 |    15 |             7
           57 |    16 |             4
           57 |    17 |             2
           57 |    18 |             4
           57 |    19 |             2
----------------------------------
           58 |     1 |           168
           58 |     2 |            86
           58 |     3 |            60
           58 |     4 |            56
           58 |     5 |            47
           58 |     6 |            33
           58 |     7 |            29
           58 |     8 |            26
           58 |     9 |            27
           58 |    10 |            27
           58 |    11 |            25
           58 |    12 |            19
           58 |    13 |            18
           58 |    14 |            19
           58 |    15 |            15
           58 |    16 |            14
           58 |    17 |            12
           58 |    18 |            11
           58 |    19 |             4
----------------------------------
           59 |     1 |           263
           59 |     2 |           143
           59 |     3 |           105
           59 |     4 |            69
           59 |     5 |            62
           59 |     6 |            59
           59 |     7 |            56
           59 |     8 |            47
           59 |     9 |            35
           59 |    10 |            37
           59 |    11 |            28
           59 |    12 |            32
           59 |    13 |            36
           59 |    14 |            23
           59 |    15 |            23
           59 |    16 |            17
           59 |    17 |             9
           59 |    18 |            12
           59 |    19 |             6
----------------------------------
           60 |     1 |           402
           60 |     2 |           221
           60 |     3 |           159
           60 |     4 |           127
           60 |     5 |           112
           60 |     6 |            80
           60 |     7 |            75
           60 |     8 |            69
           60 |     9 |            55
           60 |    10 |            52
           60 |    11 |            43
           60 |    12 |            44
           60 |    13 |            37
           60 |    14 |            34
           60 |    15 |            33
           60 |    16 |            32
           60 |    17 |            19
           60 |    18 |            13
           60 |    19 |            13
----------------------------------
           61 |     1 |           545
           61 |     2 |           328
           61 |     3 |           233
           61 |     4 |           189
           61 |     5 |           163
           61 |     6 |           144
           61 |     7 |           107
           61 |     8 |           105
           61 |     9 |            88
           61 |    10 |            96
           61 |    11 |            66
           61 |    12 |            50
           61 |    13 |            53
           61 |    14 |            38
           61 |    15 |            45
           61 |    16 |            40
           61 |    17 |            36
           61 |    18 |            35
           61 |    19 |            18
----------------------------------
           62 |     1 |           787
           62 |     2 |           444
           62 |     3 |           327
           62 |     4 |           234
           62 |     5 |           234
           62 |     6 |           193
           62 |     7 |           172
           62 |     8 |           143
           62 |     9 |           131
           62 |    10 |            93
           62 |    11 |           109
           62 |    12 |            93
           62 |    13 |            84
           62 |    14 |            83
           62 |    15 |            67
           62 |    16 |            60
           62 |    17 |            42
           62 |    18 |            28
           62 |    19 |            24
----------------------------------
           63 |     1 |           679
           63 |     2 |           377
           63 |     3 |           266
           63 |     4 |           224
           63 |     5 |           182
           63 |     6 |           155
           63 |     7 |           141
           63 |     8 |           121
           63 |     9 |           120
           63 |    10 |            93
           63 |    11 |            94
           63 |    12 |            83
           63 |    13 |            85
           63 |    14 |            72
           63 |    15 |            67
           63 |    16 |            42
           63 |    17 |            49
           63 |    18 |            26
           63 |    19 |            22
----------------------------------
           64 |     1 |           857
           64 |     2 |           514
           64 |     3 |           384
           64 |     4 |           302
           64 |     5 |           249
           64 |     6 |           203
           64 |     7 |           181
           64 |     8 |           161
           64 |     9 |           143
           64 |    10 |           126
           64 |    11 |           118
           64 |    12 |           111
           64 |    13 |           100
           64 |    14 |            89
           64 |    15 |            73
           64 |    16 |            58
           64 |    17 |            53
           64 |    18 |            25
           64 |    19 |            29
----------------------------------
           65 |     1 |           715
           65 |     2 |           427
           65 |     3 |           295
           65 |     4 |           259
           65 |     5 |           232
           65 |     6 |           189
           65 |     7 |           186
           65 |     8 |           145
           65 |     9 |           128
           65 |    10 |           124
           65 |    11 |            97
           65 |    12 |            94
           65 |    13 |            83
           65 |    14 |            76
           65 |    15 |            82
           65 |    16 |            59
           65 |    17 |            59
           65 |    18 |            38
           65 |    19 |            27
----------------------------------
           66 |     1 |           951
           66 |     2 |           596
           66 |     3 |           434
           66 |     4 |           360
           66 |     5 |           322
           66 |     6 |           253
           66 |     7 |           232
           66 |     8 |           201
           66 |     9 |           182
           66 |    10 |           175
           66 |    11 |           142
           66 |    12 |           120
           66 |    13 |           119
           66 |    14 |            92
           66 |    15 |            93
           66 |    16 |            85
           66 |    17 |            68
           66 |    18 |            38
           66 |    19 |            25
----------------------------------
           67 |     1 |           890
           67 |     2 |           520
           67 |     3 |           384
           67 |     4 |           273
           67 |     5 |           262
           67 |     6 |           226
           67 |     7 |           213
           67 |     8 |           189
           67 |     9 |           169
           67 |    10 |           156
           67 |    11 |           149
           67 |    12 |           119
           67 |    13 |           113
           67 |    14 |           111
           67 |    15 |            97
           67 |    16 |            76
           67 |    17 |            61
           67 |    18 |            48
           67 |    19 |            31
----------------------------------
           68 |     1 |           946
           68 |     2 |           602
           68 |     3 |           442
           68 |     4 |           346
           68 |     5 |           276
           68 |     6 |           274
           68 |     7 |           230
           68 |     8 |           192
           68 |     9 |           165
           68 |    10 |           160
           68 |    11 |           136
           68 |    12 |           125
           68 |    13 |           118
           68 |    14 |            98
           68 |    15 |            97
           68 |    16 |            72
           68 |    17 |            67
           68 |    18 |            46
           68 |    19 |            28
----------------------------------
           69 |     1 |           811
           69 |     2 |           481
           69 |     3 |           346
           69 |     4 |           312
           69 |     5 |           243
           69 |     6 |           211
           69 |     7 |           182
           69 |     8 |           178
           69 |     9 |           162
           69 |    10 |           147
           69 |    11 |           159
           69 |    12 |           122
           69 |    13 |           110
           69 |    14 |            86
           69 |    15 |           103
           69 |    16 |            74
           69 |    17 |            60
           69 |    18 |            47
           69 |    19 |            30
----------------------------------
           70 |     1 |           788
           70 |     2 |           467
           70 |     3 |           360
           70 |     4 |           296
           70 |     5 |           267
           70 |     6 |           236
           70 |     7 |           213
           70 |     8 |           172
           70 |     9 |           184
           70 |    10 |           141
           70 |    11 |           133
           70 |    12 |           130
           70 |    13 |           109
           70 |    14 |           101
           70 |    15 |            98
           70 |    16 |            87
           70 |    17 |            66
           70 |    18 |            46
           70 |    19 |            26
----------------------------------
           71 |     1 |           675
           71 |     2 |           409
           71 |     3 |           290
           71 |     4 |           249
           71 |     5 |           228
           71 |     6 |           193
           71 |     7 |           172
           71 |     8 |           148
           71 |     9 |           129
           71 |    10 |           117
           71 |    11 |           111
           71 |    12 |           102
           71 |    13 |           101
           71 |    14 |            85
           71 |    15 |            69
           71 |    16 |            66
           71 |    17 |            62
           71 |    18 |            39
           71 |    19 |            21
----------------------------------
           72 |     1 |           715
           72 |     2 |           446
           72 |     3 |           322
           72 |     4 |           258
           72 |     5 |           220
           72 |     6 |           207
           72 |     7 |           193
           72 |     8 |           169
           72 |     9 |           157
           72 |    10 |           157
           72 |    11 |           137
           72 |    12 |           132
           72 |    13 |            96
           72 |    14 |           100
           72 |    15 |            90
           72 |    16 |            75
           72 |    17 |            58
           72 |    18 |            42
           72 |    19 |            26
----------------------------------
           73 |     1 |           519
           73 |     2 |           331
           73 |     3 |           231
           73 |     4 |           206
           73 |     5 |           174
           73 |     6 |           161
           73 |     7 |           143
           73 |     8 |           131
           73 |     9 |           123
           73 |    10 |           118
           73 |    11 |           110
           73 |    12 |            97
           73 |    13 |            71
           73 |    14 |            68
           73 |    15 |            59
           73 |    16 |            59
           73 |    17 |            45
           73 |    18 |            30
           73 |    19 |            25
----------------------------------
           74 |     1 |           510
           74 |     2 |           309
           74 |     3 |           231
           74 |     4 |           182
           74 |     5 |           176
           74 |     6 |           152
           74 |     7 |           116
           74 |     8 |           124
           74 |     9 |           109
           74 |    10 |           115
           74 |    11 |            93
           74 |    12 |            85
           74 |    13 |            92
           74 |    14 |            79
           74 |    15 |            66
           74 |    16 |            57
           74 |    17 |            37
           74 |    18 |            36
           74 |    19 |            21
----------------------------------
           75 |     1 |           464
           75 |     2 |           272
           75 |     3 |           221
           75 |     4 |           169
           75 |     5 |           164
           75 |     6 |           144
           75 |     7 |           136
           75 |     8 |           117
           75 |     9 |           103
           75 |    10 |            90
           75 |    11 |            87
           75 |    12 |            89
           75 |    13 |            74
           75 |    14 |            72
           75 |    15 |            64
           75 |    16 |            58
           75 |    17 |            34
           75 |    18 |            27
           75 |    19 |            15
----------------------------------
           76 |     1 |           359
           76 |     2 |           213
           76 |     3 |           160
           76 |     4 |           150
           76 |     5 |           134
           76 |     6 |           106
           76 |     7 |           105
           76 |     8 |            90
           76 |     9 |            98
           76 |    10 |            74
           76 |    11 |            71
           76 |    12 |            67
           76 |    13 |            59
           76 |    14 |            57
           76 |    15 |            42
           76 |    16 |            37
           76 |    17 |            33
           76 |    18 |            26
           76 |    19 |            19
----------------------------------
           77 |     1 |           322
           77 |     2 |           172
           77 |     3 |           145
           77 |     4 |           129
           77 |     5 |            99
           77 |     6 |           101
           77 |     7 |            75
           77 |     8 |            83
           77 |     9 |            87
           77 |    10 |            78
           77 |    11 |            70
           77 |    12 |            73
           77 |    13 |            57
           77 |    14 |            53
           77 |    15 |            48
           77 |    16 |            38
           77 |    17 |            33
           77 |    18 |            18
           77 |    19 |            13
----------------------------------
           78 |     1 |           253
           78 |     2 |           151
           78 |     3 |           107
           78 |     4 |            81
           78 |     5 |            83
           78 |     6 |            69
           78 |     7 |            70
           78 |     8 |            68
           78 |     9 |            68
           78 |    10 |            64
           78 |    11 |            55
           78 |    12 |            51
           78 |    13 |            45
           78 |    14 |            46
           78 |    15 |            40
           78 |    16 |            31
           78 |    17 |            22
           78 |    18 |            14
           78 |    19 |             8
----------------------------------
           79 |     1 |           217
           79 |     2 |           124
           79 |     3 |           103
           79 |     4 |            77
           79 |     5 |            80
           79 |     6 |            73
           79 |     7 |            50
           79 |     8 |            68
           79 |     9 |            60
           79 |    10 |            52
           79 |    11 |            44
           79 |    12 |            52
           79 |    13 |            40
           79 |    14 |            41
           79 |    15 |            33
           79 |    16 |            24
           79 |    17 |            21
           79 |    18 |            15
           79 |    19 |            11
----------------------------------
           80 |     1 |           270
           80 |     2 |           165
           80 |     3 |           135
           80 |     4 |           115
           80 |     5 |           100
           80 |     6 |            99
           80 |     7 |            89
           80 |     8 |            83
           80 |     9 |            71
           80 |    10 |            72
           80 |    11 |            64
           80 |    12 |            52
           80 |    13 |            48
           80 |    14 |            39
           80 |    15 |            28
           80 |    16 |            35
           80 |    17 |            25
           80 |    18 |            20
           80 |    19 |            10
----------------------------------
           81 |     1 |           160
           81 |     2 |           107
           81 |     3 |            73
           81 |     4 |            59
           81 |     5 |            56
           81 |     6 |            55
           81 |     7 |            45
           81 |     8 |            44
           81 |     9 |            42
           81 |    10 |            44
           81 |    11 |            31
           81 |    12 |            34
           81 |    13 |            31
           81 |    14 |            32
           81 |    15 |            25
           81 |    16 |            22
           81 |    17 |            13
           81 |    18 |            12
           81 |    19 |             6
----------------------------------
           82 |     1 |           147
           82 |     2 |            93
           82 |     3 |            64
           82 |     4 |            59
           82 |     5 |            56
           82 |     6 |            44
           82 |     7 |            46
           82 |     8 |            46
           82 |     9 |            36
           82 |    10 |            35
           82 |    11 |            29
           82 |    12 |            36
           82 |    13 |            35
           82 |    14 |            28
           82 |    15 |            22
           82 |    16 |            16
           82 |    17 |            12
           82 |    18 |             9
           82 |    19 |             7
----------------------------------
           83 |     1 |           114
           83 |     2 |            78
           83 |     3 |            63
           83 |     4 |            52
           83 |     5 |            48
           83 |     6 |            38
           83 |     7 |            37
           83 |     8 |            31
           83 |     9 |            29
           83 |    10 |            28
           83 |    11 |            35
           83 |    12 |            23
           83 |    13 |            19
           83 |    14 |            15
           83 |    15 |            13
           83 |    16 |            13
           83 |    17 |            14
           83 |    18 |             8
           83 |    19 |             6
----------------------------------
           84 |     1 |            79
           84 |     2 |            53
           84 |     3 |            44
           84 |     4 |            39
           84 |     5 |            37
           84 |     6 |            34
           84 |     7 |            29
           84 |     8 |            28
           84 |     9 |            24
           84 |    10 |            24
           84 |    11 |            25
           84 |    12 |            19
           84 |    13 |            17
           84 |    14 |            15
           84 |    15 |            16
           84 |    16 |             6
           84 |    17 |            11
           84 |    18 |             1
           84 |    19 |             3
----------------------------------
           85 |     1 |            83
           85 |     2 |            47
           85 |     3 |            43
           85 |     4 |            38
           85 |     5 |            38
           85 |     6 |            27
           85 |     7 |            25
           85 |     8 |            28
           85 |     9 |            24
           85 |    10 |            30
           85 |    11 |            22
           85 |    12 |            20
           85 |    13 |            13
           85 |    14 |            14
           85 |    15 |            16
           85 |    16 |            16
           85 |    17 |             9
           85 |    18 |            10
           85 |    19 |             7
----------------------------------
           86 |     1 |            68
           86 |     2 |            42
           86 |     3 |            33
           86 |     4 |            34
           86 |     5 |            31
           86 |     6 |            26
           86 |     7 |            29
           86 |     8 |            25
           86 |     9 |            20
           86 |    10 |            17
           86 |    11 |            13
           86 |    12 |            16
           86 |    13 |            19
           86 |    14 |            15
           86 |    15 |            17
           86 |    16 |             9
           86 |    17 |             7
           86 |    18 |             6
           86 |    19 |             3
----------------------------------
           87 |     1 |            53
           87 |     2 |            38
           87 |     3 |            29
           87 |     4 |            22
           87 |     5 |            27
           87 |     6 |            23
           87 |     7 |            20
           87 |     8 |            19
           87 |     9 |            16
           87 |    10 |            17
           87 |    11 |            15
           87 |    12 |            14
           87 |    13 |             9
           87 |    14 |             7
           87 |    15 |            12
           87 |    16 |            11
           87 |    17 |             5
           87 |    18 |             7
           87 |    19 |             4
----------------------------------
           88 |     1 |            87
           88 |     2 |            58
           88 |     3 |            38
           88 |     4 |            29
           88 |     5 |            30
           88 |     6 |            33
           88 |     7 |            32
           88 |     8 |            31
           88 |     9 |            26
           88 |    10 |            24
           88 |    11 |            27
           88 |    12 |            24
           88 |    13 |            20
           88 |    14 |            18
           88 |    15 |            17
           88 |    16 |            16
           88 |    17 |            10
           88 |    18 |             6
           88 |    19 |             2
----------------------------------
           89 |     1 |            40
           89 |     2 |            21
           89 |     3 |            21
           89 |     4 |            16
           89 |     5 |            17
           89 |     6 |            14
           89 |     7 |            21
           89 |     8 |            21
           89 |     9 |            10
           89 |    10 |            13
           89 |    11 |            12
           89 |    12 |            13
           89 |    13 |            16
           89 |    14 |             8
           89 |    15 |             8
           89 |    16 |             7
           89 |    17 |             4
           89 |    18 |             4
           89 |    19 |             1
----------------------------------
           90 |     1 |            56
           90 |     2 |            39
           90 |     3 |            36
           90 |     4 |            23
           90 |     5 |            20
           90 |     6 |            22
           90 |     7 |            22
           90 |     8 |            20
           90 |     9 |            15
           90 |    10 |            17
           90 |    11 |            14
           90 |    12 |            16
           90 |    13 |            15
           90 |    14 |            11
           90 |    15 |            10
           90 |    16 |             8
           90 |    17 |             7
           90 |    18 |             5
           90 |    19 |             4
----------------------------------
           91 |     1 |            28
           91 |     2 |            18
           91 |     3 |            17
           91 |     4 |             8
           91 |     5 |            14
           91 |     6 |             6
           91 |     7 |            11
           91 |     8 |             9
           91 |     9 |             8
           91 |    10 |            13
           91 |    11 |             9
           91 |    12 |             9
           91 |    13 |             6
           91 |    14 |             6
           91 |    15 |             6
           91 |    16 |             6
           91 |    17 |             4
           91 |    18 |             2
           91 |    19 |             2
----------------------------------
           92 |     1 |            42
           92 |     2 |            31
           92 |     3 |            26
           92 |     4 |            19
           92 |     5 |            10
           92 |     6 |            18
           92 |     7 |            18
           92 |     8 |            16
           92 |     9 |            17
           92 |    10 |            13
           92 |    11 |             9
           92 |    12 |            10
           92 |    13 |             9
           92 |    14 |            12
           92 |    15 |             8
           92 |    16 |             6
           92 |    17 |             5
           92 |    18 |             4
           92 |    19 |             3
----------------------------------
           93 |     1 |            11
           93 |     2 |            12
           93 |     3 |             6
           93 |     4 |             4
           93 |     5 |             6
           93 |     6 |             3
           93 |     7 |             6
           93 |     8 |             5
           93 |     9 |             6
           93 |    10 |             6
           93 |    11 |             8
           93 |    12 |             5
           93 |    13 |             3
           93 |    14 |             4
           93 |    15 |             1
           93 |    16 |             1
           93 |    17 |             2
           93 |    18 |             2
           93 |    19 |             2
----------------------------------
           94 |     1 |            13
           94 |     2 |             7
           94 |     3 |             7
           94 |     4 |             6
           94 |     5 |             6
           94 |     6 |             5
           94 |     7 |             4
           94 |     8 |             6
           94 |     9 |             6
           94 |    10 |             3
           94 |    11 |             5
           94 |    12 |             6
           94 |    13 |             2
           94 |    14 |             3
           94 |    15 |             4
           94 |    16 |             3
           94 |    17 |             3
           94 |    18 |             3
           94 |    19 |             2
----------------------------------
----------------------------------
           96 |     1 |            10
           96 |     2 |            10
           96 |     3 |             9
           96 |     4 |             6
           96 |     5 |             3
           96 |     6 |             5
           96 |     7 |             5
           96 |     8 |             5
           96 |     9 |             3
           96 |    10 |             5
           96 |    11 |             6
           96 |    12 |             5
           96 |    13 |             4
           96 |    14 |             4
           96 |    15 |             5
           96 |    16 |             4
           96 |    17 |             3
           96 |    18 |             2
           96 |    19 |             2
----------------------------------
----------------------------------
----------------------------------
           99 |     1 |            13
           99 |     2 |            11
           99 |     3 |             7
           99 |     4 |             4
           99 |     5 |             7
           99 |     6 |             5
           99 |     7 |             4
           99 |     8 |             8
           99 |     9 |             4
           99 |    10 |             6
           99 |    11 |             4
           99 |    12 |             5
           99 |    13 |             6
           99 |    14 |             2
           99 |    15 |             2
           99 |    16 |             4
           99 |    17 |             3
           99 |    18 |             2
           99 |    19 |             2
----------------------------------
----------------------------------
----------------------------------
----------------------------------
----------------------------------
----------------------------------
          105 |     1 |            11
          105 |     2 |             9
          105 |     3 |             9
          105 |     4 |             8
          105 |     5 |             9
          105 |     6 |             8
          105 |     7 |             6
          105 |     8 |             6
          105 |     9 |             7
          105 |    10 |             5
          105 |    11 |             5
          105 |    12 |             1
          105 |    13 |             5
          105 |    14 |             2
          105 |    15 |             4
          105 |    16 |             3
          105 |    17 |             3
          105 |    18 |             3
          105 |    19 |             1
----------------------------------
----------------------------------
----------------------------------
----------------------------------
----------------------------------
----------------------------------
----------------------------------
----------------------------------
----------------------------------
----------------------------------
----------------------------------
----------------------------------
----------------------------------
----------------------------------
----------------------------------
----------------------------------
----------------------------------
----------------------------------
----------------------------------
----------------------------------
----------------------------------
----------------------------------
----------------------------------
----------------------------------
----------------------------------
----------------------------------
----------------------------------
----------------------------------
----------------------------------
----------------------------------
----------------------------------
----------------------------------
----------------------------------
----------------------------------
----------------------------------
----------------------------------
----------------------------------
----------------------------------
----------------------------------
----------------------------------
----------------------------------
----------------------------------
----------------------------------
----------------------------------
----------------------------------
----------------------------------
----------------------------------
----------------------------------
----------------------------------
----------------------------------
----------------------------------
----------------------------------
----------------------------------
----------------------------------
----------------------------------
----------------------------------
----------------------------------
----------------------------------
----------------------------------
----------------------------------
----------------------------------
----------------------------------
----------------------------------
----------------------------------
----------------------------------
----------------------------------
----------------------------------
----------------------------------
----------------------------------
----------------------------------
----------------------------------
----------------------------------
----------------------------------
----------------------------------
----------------------------------
----------------------------------
----------------------------------
----------------------------------
----------------------------------
----------------------------------
----------------------------------
----------------------------------
----------------------------------
----------------------------------
----------------------------------
----------------------------------
