MinCut number | RSize | Number of cuts
----------------------------------
----------------------------------
----------------------------------
----------------------------------
----------------------------------
----------------------------------
----------------------------------
----------------------------------
----------------------------------
----------------------------------
           29 |     0 |            15
           29 |     1 |             4
           29 |     2 |             0
           29 |     3 |             0
           29 |     4 |             0
           29 |     5 |             0
           29 |     6 |             0
           29 |     7 |             0
           29 |     8 |             0
           29 |     9 |             0
           29 |    10 |             0
           29 |    11 |             0
           29 |    12 |             0
           29 |    13 |             0
           29 |    14 |             0
           29 |    15 |             0
           29 |    16 |             1
           29 |    17 |             4
           29 |    18 |             5
           29 |    19 |             0
           29 |    20 |             0
----------------------------------
           30 |     0 |            11
           30 |     1 |             6
           30 |     2 |             3
           30 |     3 |             0
           30 |     4 |             0
           30 |     5 |             1
           30 |     6 |             0
           30 |     7 |             0
           30 |     8 |             0
           30 |     9 |             0
           30 |    10 |             0
           30 |    11 |             0
           30 |    12 |             1
           30 |    13 |             0
           30 |    14 |             0
           30 |    15 |             0
           30 |    16 |             4
           30 |    17 |             0
           30 |    18 |             4
           30 |    19 |             0
           30 |    20 |             0
----------------------------------
----------------------------------
----------------------------------
           33 |     0 |            14
           33 |     1 |             3
           33 |     2 |             0
           33 |     3 |             0
           33 |     4 |             0
           33 |     5 |             0
           33 |     6 |             0
           33 |     7 |             0
           33 |     8 |             0
           33 |     9 |             0
           33 |    10 |             0
           33 |    11 |             0
           33 |    12 |             0
           33 |    13 |             0
           33 |    14 |             0
           33 |    15 |             0
           33 |    16 |             1
           33 |    17 |             0
           33 |    18 |            15
           33 |    19 |             0
           33 |    20 |             0
----------------------------------
----------------------------------
           35 |     0 |            14
           35 |     1 |             5
           35 |     2 |             1
           35 |     3 |             0
           35 |     4 |             0
           35 |     5 |             0
           35 |     6 |             0
           35 |     7 |             0
           35 |     8 |             0
           35 |     9 |             0
           35 |    10 |             0
           35 |    11 |             0
           35 |    12 |             0
           35 |    13 |             0
           35 |    14 |             0
           35 |    15 |             0
           35 |    16 |             0
           35 |    17 |             2
           35 |    18 |            13
           35 |    19 |             0
           35 |    20 |             0
----------------------------------
----------------------------------
----------------------------------
----------------------------------
           39 |     0 |            24
           39 |     1 |            11
           39 |     2 |             7
           39 |     3 |             1
           39 |     4 |             0
           39 |     5 |             0
           39 |     6 |             0
           39 |     7 |             0
           39 |     8 |             0
           39 |     9 |             0
           39 |    10 |             0
           39 |    11 |             0
           39 |    12 |             0
           39 |    13 |             0
           39 |    14 |             0
           39 |    15 |             0
           39 |    16 |             0
           39 |    17 |             1
           39 |    18 |            34
           39 |    19 |             0
           39 |    20 |             0
----------------------------------
----------------------------------
           41 |     0 |            21
           41 |     1 |             7
           41 |     2 |             6
           41 |     3 |             2
           41 |     4 |             0
           41 |     5 |             1
           41 |     6 |             0
           41 |     7 |             0
           41 |     8 |             0
           41 |     9 |             0
           41 |    10 |             0
           41 |    11 |             0
           41 |    12 |             0
           41 |    13 |             0
           41 |    14 |             0
           41 |    15 |             0
           41 |    16 |             1
           41 |    17 |             7
           41 |    18 |            37
           41 |    19 |             0
           41 |    20 |             0
----------------------------------
           42 |     0 |            24
           42 |     1 |            10
           42 |     2 |             3
           42 |     3 |             1
           42 |     4 |             1
           42 |     5 |             0
           42 |     6 |             1
           42 |     7 |             0
           42 |     8 |             0
           42 |     9 |             0
           42 |    10 |             0
           42 |    11 |             0
           42 |    12 |             0
           42 |    13 |             1
           42 |    14 |             0
           42 |    15 |             1
           42 |    16 |             3
           42 |    17 |             8
           42 |    18 |            31
           42 |    19 |             0
           42 |    20 |             0
----------------------------------
           43 |     0 |            52
           43 |     1 |            17
           43 |     2 |             7
           43 |     3 |             2
           43 |     4 |             1
           43 |     5 |             0
           43 |     6 |             0
           43 |     7 |             0
           43 |     8 |             0
           43 |     9 |             1
           43 |    10 |             0
           43 |    11 |             0
           43 |    12 |             0
           43 |    13 |             1
           43 |    14 |             1
           43 |    15 |             3
           43 |    16 |             4
           43 |    17 |            14
           43 |    18 |            69
           43 |    19 |             0
           43 |    20 |             0
----------------------------------
           44 |     0 |            97
           44 |     1 |            33
           44 |     2 |            12
           44 |     3 |             5
           44 |     4 |             5
           44 |     5 |             2
           44 |     6 |             1
           44 |     7 |             0
           44 |     8 |             0
           44 |     9 |             0
           44 |    10 |             0
           44 |    11 |             0
           44 |    12 |             0
           44 |    13 |             0
           44 |    14 |             1
           44 |    15 |             1
           44 |    16 |             3
           44 |    17 |            55
           44 |    18 |           137
           44 |    19 |             0
           44 |    20 |             0
----------------------------------
           45 |     0 |            35
           45 |     1 |            13
           45 |     2 |             7
           45 |     3 |             6
           45 |     4 |             0
           45 |     5 |             0
           45 |     6 |             0
           45 |     7 |             0
           45 |     8 |             0
           45 |     9 |             0
           45 |    10 |             0
           45 |    11 |             0
           45 |    12 |             0
           45 |    13 |             0
           45 |    14 |             0
           45 |    15 |             1
           45 |    16 |             0
           45 |    17 |            16
           45 |    18 |            57
           45 |    19 |             0
           45 |    20 |             0
----------------------------------
           46 |     0 |            43
           46 |     1 |            31
           46 |     2 |             8
           46 |     3 |             5
           46 |     4 |             2
           46 |     5 |             1
           46 |     6 |             0
           46 |     7 |             0
           46 |     8 |             0
           46 |     9 |             0
           46 |    10 |             0
           46 |    11 |             0
           46 |    12 |             0
           46 |    13 |             0
           46 |    14 |             0
           46 |    15 |             0
           46 |    16 |             4
           46 |    17 |            10
           46 |    18 |            80
           46 |    19 |             0
           46 |    20 |             0
----------------------------------
           47 |     0 |            59
           47 |     1 |            11
           47 |     2 |             3
           47 |     3 |             1
           47 |     4 |             1
           47 |     5 |             0
           47 |     6 |             0
           47 |     7 |             0
           47 |     8 |             0
           47 |     9 |             0
           47 |    10 |             0
           47 |    11 |             0
           47 |    12 |             0
           47 |    13 |             0
           47 |    14 |             2
           47 |    15 |             2
           47 |    16 |            19
           47 |    17 |            17
           47 |    18 |            73
           47 |    19 |             0
           47 |    20 |             0
----------------------------------
           48 |     0 |            75
           48 |     1 |            22
           48 |     2 |            14
           48 |     3 |             4
           48 |     4 |             0
           48 |     5 |             0
           48 |     6 |             0
           48 |     7 |             0
           48 |     8 |             0
           48 |     9 |             0
           48 |    10 |             0
           48 |    11 |             0
           48 |    12 |             0
           48 |    13 |             2
           48 |    14 |             2
           48 |    15 |             1
           48 |    16 |            16
           48 |    17 |            31
           48 |    18 |           121
           48 |    19 |             0
           48 |    20 |             0
----------------------------------
           49 |     0 |           110
           49 |     1 |            32
           49 |     2 |            11
           49 |     3 |             4
           49 |     4 |             3
           49 |     5 |             3
           49 |     6 |             1
           49 |     7 |             0
           49 |     8 |             0
           49 |     9 |             0
           49 |    10 |             0
           49 |    11 |             0
           49 |    12 |             0
           49 |    13 |             2
           49 |    14 |             9
           49 |    15 |             6
           49 |    16 |            15
           49 |    17 |            49
           49 |    18 |           147
           49 |    19 |             0
           49 |    20 |             0
----------------------------------
           50 |     0 |           151
           50 |     1 |            36
           50 |     2 |             9
           50 |     3 |             3
           50 |     4 |             0
           50 |     5 |             0
           50 |     6 |             0
           50 |     7 |             0
           50 |     8 |             1
           50 |     9 |             1
           50 |    10 |             0
           50 |    11 |             0
           50 |    12 |             1
           50 |    13 |             0
           50 |    14 |             1
           50 |    15 |             2
           50 |    16 |            15
           50 |    17 |            48
           50 |    18 |           282
           50 |    19 |             0
           50 |    20 |             0
----------------------------------
           51 |     0 |           157
           51 |     1 |            67
           51 |     2 |            21
           51 |     3 |            14
           51 |     4 |             3
           51 |     5 |             3
           51 |     6 |             0
           51 |     7 |             0
           51 |     8 |             0
           51 |     9 |             0
           51 |    10 |             0
           51 |    11 |             0
           51 |    12 |             4
           51 |    13 |             1
           51 |    14 |            10
           51 |    15 |             8
           51 |    16 |            29
           51 |    17 |            78
           51 |    18 |           268
           51 |    19 |             0
           51 |    20 |             0
----------------------------------
           52 |     0 |           130
           52 |     1 |            46
           52 |     2 |            13
           52 |     3 |             6
           52 |     4 |             2
           52 |     5 |             0
           52 |     6 |             1
           52 |     7 |             0
           52 |     8 |             0
           52 |     9 |             0
           52 |    10 |             0
           52 |    11 |             0
           52 |    12 |             1
           52 |    13 |             2
           52 |    14 |             5
           52 |    15 |            16
           52 |    16 |            31
           52 |    17 |            86
           52 |    18 |           181
           52 |    19 |             0
           52 |    20 |             0
----------------------------------
           53 |     0 |           207
           53 |     1 |            73
           53 |     2 |            34
           53 |     3 |            16
           53 |     4 |            11
           53 |     5 |             7
           53 |     6 |             3
           53 |     7 |             2
           53 |     8 |             2
           53 |     9 |             0
           53 |    10 |             0
           53 |    11 |             4
           53 |    12 |             1
           53 |    13 |             5
           53 |    14 |             3
           53 |    15 |             9
           53 |    16 |            34
           53 |    17 |           115
           53 |    18 |           375
           53 |    19 |             0
           53 |    20 |             0
----------------------------------
           54 |     0 |           115
           54 |     1 |            21
           54 |     2 |            13
           54 |     3 |             3
           54 |     4 |             3
           54 |     5 |             2
           54 |     6 |             2
           54 |     7 |             0
           54 |     8 |             1
           54 |     9 |             1
           54 |    10 |             0
           54 |    11 |             0
           54 |    12 |             0
           54 |    13 |             0
           54 |    14 |             1
           54 |    15 |             3
           54 |    16 |            12
           54 |    17 |            56
           54 |    18 |           199
           54 |    19 |             0
           54 |    20 |             0
----------------------------------
           55 |     0 |           147
           55 |     1 |            42
           55 |     2 |            29
           55 |     3 |             8
           55 |     4 |             0
           55 |     5 |             0
           55 |     6 |             0
           55 |     7 |             0
           55 |     8 |             2
           55 |     9 |             4
           55 |    10 |             2
           55 |    11 |             1
           55 |    12 |             1
           55 |    13 |             6
           55 |    14 |            14
           55 |    15 |            12
           55 |    16 |            34
           55 |    17 |            90
           55 |    18 |           213
           55 |    19 |             0
           55 |    20 |             0
----------------------------------
           56 |     0 |           258
           56 |     1 |            81
           56 |     2 |            29
           56 |     3 |            10
           56 |     4 |             0
           56 |     5 |             3
           56 |     6 |             1
           56 |     7 |             0
           56 |     8 |             1
           56 |     9 |             3
           56 |    10 |             3
           56 |    11 |             2
           56 |    12 |             1
           56 |    13 |             6
           56 |    14 |             9
           56 |    15 |            13
           56 |    16 |            64
           56 |    17 |           201
           56 |    18 |           435
           56 |    19 |             0
           56 |    20 |             0
----------------------------------
           57 |     0 |           236
           57 |     1 |            68
           57 |     2 |            16
           57 |     3 |             6
           57 |     4 |             7
           57 |     5 |             3
           57 |     6 |             5
           57 |     7 |             2
           57 |     8 |             2
           57 |     9 |             1
           57 |    10 |             1
           57 |    11 |             0
           57 |    12 |             1
           57 |    13 |             6
           57 |    14 |            12
           57 |    15 |             4
           57 |    16 |            46
           57 |    17 |           168
           57 |    18 |           385
           57 |    19 |             0
           57 |    20 |             0
----------------------------------
           58 |     0 |           168
           58 |     1 |            71
           58 |     2 |            21
           58 |     3 |             5
           58 |     4 |             4
           58 |     5 |             1
           58 |     6 |             7
           58 |     7 |             3
           58 |     8 |             4
           58 |     9 |             0
           58 |    10 |             3
           58 |    11 |             5
           58 |    12 |             4
           58 |    13 |             1
           58 |    14 |             8
           58 |    15 |            12
           58 |    16 |            39
           58 |    17 |           123
           58 |    18 |           333
           58 |    19 |             0
           58 |    20 |             0
----------------------------------
           59 |     0 |           253
           59 |     1 |            52
           59 |     2 |            16
           59 |     3 |            13
           59 |     4 |             8
           59 |     5 |             7
           59 |     6 |             5
           59 |     7 |             2
           59 |     8 |             4
           59 |     9 |             2
           59 |    10 |            11
           59 |    11 |             3
           59 |    12 |             5
           59 |    13 |             3
           59 |    14 |             3
           59 |    15 |             9
           59 |    16 |            72
           59 |    17 |           136
           59 |    18 |           458
           59 |    19 |             0
           59 |    20 |             0
----------------------------------
           60 |     0 |           181
           60 |     1 |            69
           60 |     2 |            20
           60 |     3 |            18
           60 |     4 |             7
           60 |     5 |             1
           60 |     6 |             2
           60 |     7 |             2
           60 |     8 |             0
           60 |     9 |             2
           60 |    10 |             0
           60 |    11 |             1
           60 |    12 |             3
           60 |    13 |            16
           60 |    14 |             9
           60 |    15 |            16
           60 |    16 |            32
           60 |    17 |           108
           60 |    18 |           353
           60 |    19 |             0
           60 |    20 |             0
----------------------------------
           61 |     0 |           267
           61 |     1 |            81
           61 |     2 |            35
           61 |     3 |            22
           61 |     4 |             5
           61 |     5 |             3
           61 |     6 |             0
           61 |     7 |             0
           61 |     8 |             3
           61 |     9 |             0
           61 |    10 |             0
           61 |    11 |             1
           61 |    12 |             0
           61 |    13 |             4
           61 |    14 |             5
           61 |    15 |             9
           61 |    16 |            44
           61 |    17 |           203
           61 |    18 |           538
           61 |    19 |             0
           61 |    20 |             0
----------------------------------
           62 |     0 |           425
           62 |     1 |           129
           62 |     2 |            26
           62 |     3 |            15
           62 |     4 |            13
           62 |     5 |             5
           62 |     6 |             2
           62 |     7 |             3
           62 |     8 |             1
           62 |     9 |             4
           62 |    10 |             3
           62 |    11 |             5
           62 |    12 |             4
           62 |    13 |             5
           62 |    14 |            24
           62 |    15 |            45
           62 |    16 |            90
           62 |    17 |           301
           62 |    18 |           760
           62 |    19 |             0
           62 |    20 |             0
----------------------------------
           63 |     0 |           379
           63 |     1 |           115
           63 |     2 |            54
           63 |     3 |            18
           63 |     4 |            10
           63 |     5 |             3
           63 |     6 |             1
           63 |     7 |             5
           63 |     8 |             5
           63 |     9 |             1
           63 |    10 |             0
           63 |    11 |             2
           63 |    12 |            11
           63 |    13 |             4
           63 |    14 |            33
           63 |    15 |            54
           63 |    16 |           109
           63 |    17 |           280
           63 |    18 |           680
           63 |    19 |             0
           63 |    20 |             0
----------------------------------
           64 |     0 |           315
           64 |     1 |            84
           64 |     2 |            29
           64 |     3 |             9
           64 |     4 |             3
           64 |     5 |             4
           64 |     6 |             1
           64 |     7 |             1
           64 |     8 |             0
           64 |     9 |             2
           64 |    10 |             1
           64 |    11 |             4
           64 |    12 |             5
           64 |    13 |             7
           64 |    14 |            18
           64 |    15 |            50
           64 |    16 |            89
           64 |    17 |           167
           64 |    18 |           619
           64 |    19 |             0
           64 |    20 |             0
----------------------------------
           65 |     0 |           371
           65 |     1 |           133
           65 |     2 |            37
           65 |     3 |            16
           65 |     4 |             4
           65 |     5 |             6
           65 |     6 |             1
           65 |     7 |             1
           65 |     8 |             2
           65 |     9 |             2
           65 |    10 |             2
           65 |    11 |             2
           65 |    12 |             9
           65 |    13 |             8
           65 |    14 |            10
           65 |    15 |            36
           65 |    16 |           106
           65 |    17 |           344
           65 |    18 |           730
           65 |    19 |             0
           65 |    20 |             0
----------------------------------
           66 |     0 |           401
           66 |     1 |           142
           66 |     2 |            58
           66 |     3 |            50
           66 |     4 |            25
           66 |     5 |            11
           66 |     6 |             4
           66 |     7 |             7
           66 |     8 |             7
           66 |     9 |             5
           66 |    10 |             7
           66 |    11 |             5
           66 |    12 |             4
           66 |    13 |             3
           66 |    14 |            13
           66 |    15 |            57
           66 |    16 |           147
           66 |    17 |           432
           66 |    18 |           734
           66 |    19 |             0
           66 |    20 |             0
----------------------------------
           67 |     0 |           499
           67 |     1 |           144
           67 |     2 |            49
           67 |     3 |            25
           67 |     4 |            14
           67 |     5 |             5
           67 |     6 |             1
           67 |     7 |             6
           67 |     8 |             3
           67 |     9 |             1
           67 |    10 |             0
           67 |    11 |             2
           67 |    12 |            11
           67 |    13 |             9
           67 |    14 |            21
           67 |    15 |            56
           67 |    16 |           110
           67 |    17 |           416
           67 |    18 |          1040
           67 |    19 |             0
           67 |    20 |             0
----------------------------------
           68 |     0 |           376
           68 |     1 |           139
           68 |     2 |            48
           68 |     3 |            11
           68 |     4 |             4
           68 |     5 |             3
           68 |     6 |             5
           68 |     7 |             2
           68 |     8 |             2
           68 |     9 |             4
           68 |    10 |             1
           68 |    11 |             1
           68 |    12 |             0
           68 |    13 |             9
           68 |    14 |            19
           68 |    15 |            41
           68 |    16 |           141
           68 |    17 |           380
           68 |    18 |           718
           68 |    19 |             0
           68 |    20 |             0
----------------------------------
           69 |     0 |           376
           69 |     1 |           108
           69 |     2 |            35
           69 |     3 |            21
           69 |     4 |            14
           69 |     5 |            12
           69 |     6 |            17
           69 |     7 |             9
           69 |     8 |             8
           69 |     9 |             2
           69 |    10 |             8
           69 |    11 |            15
           69 |    12 |            10
           69 |    13 |            12
           69 |    14 |            32
           69 |    15 |            59
           69 |    16 |           154
           69 |    17 |           388
           69 |    18 |           652
           69 |    19 |             0
           69 |    20 |             0
----------------------------------
           70 |     0 |           288
           70 |     1 |            78
           70 |     2 |            22
           70 |     3 |            16
           70 |     4 |            13
           70 |     5 |             7
           70 |     6 |             3
           70 |     7 |             1
           70 |     8 |             0
           70 |     9 |             1
           70 |    10 |             1
           70 |    11 |             1
           70 |    12 |             4
           70 |    13 |             7
           70 |    14 |            22
           70 |    15 |            43
           70 |    16 |           129
           70 |    17 |           262
           70 |    18 |           502
           70 |    19 |             0
           70 |    20 |             0
----------------------------------
           71 |     0 |           439
           71 |     1 |           124
           71 |     2 |            38
           71 |     3 |            25
           71 |     4 |            12
           71 |     5 |             7
           71 |     6 |             5
           71 |     7 |             9
           71 |     8 |             6
           71 |     9 |             6
           71 |    10 |             3
           71 |    11 |             5
           71 |    12 |             5
           71 |    13 |            10
           71 |    14 |            46
           71 |    15 |            78
           71 |    16 |           159
           71 |    17 |           435
           71 |    18 |           860
           71 |    19 |             0
           71 |    20 |             0
----------------------------------
           72 |     0 |           383
           72 |     1 |            90
           72 |     2 |            32
           72 |     3 |            14
           72 |     4 |             7
           72 |     5 |             5
           72 |     6 |             0
           72 |     7 |             2
           72 |     8 |             0
           72 |     9 |             1
           72 |    10 |             0
           72 |    11 |             4
           72 |    12 |             8
           72 |    13 |            11
           72 |    14 |            22
           72 |    15 |            60
           72 |    16 |           148
           72 |    17 |           383
           72 |    18 |           702
           72 |    19 |             0
           72 |    20 |             0
----------------------------------
           73 |     0 |           383
           73 |     1 |           130
           73 |     2 |            52
           73 |     3 |            19
           73 |     4 |            12
           73 |     5 |             2
           73 |     6 |             3
           73 |     7 |             2
           73 |     8 |             5
           73 |     9 |             2
           73 |    10 |             1
           73 |    11 |             6
           73 |    12 |             8
           73 |    13 |            26
           73 |    14 |            45
           73 |    15 |            65
           73 |    16 |           181
           73 |    17 |           413
           73 |    18 |           762
           73 |    19 |             0
           73 |    20 |             0
----------------------------------
           74 |     0 |           256
           74 |     1 |            81
           74 |     2 |            33
           74 |     3 |            16
           74 |     4 |            15
           74 |     5 |             4
           74 |     6 |             0
           74 |     7 |             4
           74 |     8 |             4
           74 |     9 |             4
           74 |    10 |            13
           74 |    11 |            10
           74 |    12 |            10
           74 |    13 |            18
           74 |    14 |            33
           74 |    15 |            69
           74 |    16 |           110
           74 |    17 |           250
           74 |    18 |           476
           74 |    19 |             0
           74 |    20 |             0
----------------------------------
           75 |     0 |           257
           75 |     1 |            78
           75 |     2 |            37
           75 |     3 |            20
           75 |     4 |            10
           75 |     5 |            12
           75 |     6 |             4
           75 |     7 |             7
           75 |     8 |             4
           75 |     9 |             7
           75 |    10 |             0
           75 |    11 |             5
           75 |    12 |            10
           75 |    13 |             9
           75 |    14 |            30
           75 |    15 |            77
           75 |    16 |           146
           75 |    17 |           258
           75 |    18 |           529
           75 |    19 |             0
           75 |    20 |             0
----------------------------------
           76 |     0 |           448
           76 |     1 |           141
           76 |     2 |            56
           76 |     3 |            33
           76 |     4 |            19
           76 |     5 |            11
           76 |     6 |             5
           76 |     7 |             6
           76 |     8 |             7
           76 |     9 |             8
           76 |    10 |             7
           76 |    11 |            13
           76 |    12 |            11
           76 |    13 |            23
           76 |    14 |            43
           76 |    15 |            75
           76 |    16 |           178
           76 |    17 |           525
           76 |    18 |           899
           76 |    19 |             0
           76 |    20 |             0
----------------------------------
           77 |     0 |           273
           77 |     1 |            92
           77 |     2 |            29
           77 |     3 |            15
           77 |     4 |             5
           77 |     5 |             4
           77 |     6 |             1
           77 |     7 |             3
           77 |     8 |             0
           77 |     9 |             2
           77 |    10 |             4
           77 |    11 |             1
           77 |    12 |             3
           77 |    13 |             4
           77 |    14 |            26
           77 |    15 |            69
           77 |    16 |           118
           77 |    17 |           293
           77 |    18 |           598
           77 |    19 |             0
           77 |    20 |             0
----------------------------------
           78 |     0 |           364
           78 |     1 |           124
           78 |     2 |            52
           78 |     3 |            25
           78 |     4 |             7
           78 |     5 |             4
           78 |     6 |             4
           78 |     7 |             2
           78 |     8 |             2
           78 |     9 |             2
           78 |    10 |             2
           78 |    11 |             8
           78 |    12 |             5
           78 |    13 |            17
           78 |    14 |            41
           78 |    15 |            48
           78 |    16 |           199
           78 |    17 |           409
           78 |    18 |           713
           78 |    19 |             0
           78 |    20 |             0
----------------------------------
           79 |     0 |           240
           79 |     1 |            80
           79 |     2 |            32
           79 |     3 |             9
           79 |     4 |             3
           79 |     5 |             1
           79 |     6 |             1
           79 |     7 |             1
           79 |     8 |             1
           79 |     9 |             0
           79 |    10 |             0
           79 |    11 |             1
           79 |    12 |             9
           79 |    13 |            10
           79 |    14 |            29
           79 |    15 |            48
           79 |    16 |           108
           79 |    17 |           258
           79 |    18 |           512
           79 |    19 |             0
           79 |    20 |             0
----------------------------------
           80 |     0 |           306
           80 |     1 |            71
           80 |     2 |            27
           80 |     3 |            11
           80 |     4 |             5
           80 |     5 |             1
           80 |     6 |             2
           80 |     7 |             1
           80 |     8 |             2
           80 |     9 |             0
           80 |    10 |             2
           80 |    11 |             7
           80 |    12 |            15
           80 |    13 |            17
           80 |    14 |            36
           80 |    15 |            71
           80 |    16 |           144
           80 |    17 |           364
           80 |    18 |           598
           80 |    19 |             0
           80 |    20 |             0
----------------------------------
           81 |     0 |           211
           81 |     1 |            83
           81 |     2 |            29
           81 |     3 |            13
           81 |     4 |             8
           81 |     5 |             3
           81 |     6 |             3
           81 |     7 |             2
           81 |     8 |             1
           81 |     9 |             2
           81 |    10 |             2
           81 |    11 |             2
           81 |    12 |             3
           81 |    13 |             8
           81 |    14 |            27
           81 |    15 |            90
           81 |    16 |           126
           81 |    17 |           265
           81 |    18 |           418
           81 |    19 |             0
           81 |    20 |             0
----------------------------------
           82 |     0 |           340
           82 |     1 |            88
           82 |     2 |            39
           82 |     3 |            15
           82 |     4 |             8
           82 |     5 |             7
           82 |     6 |             5
           82 |     7 |             2
           82 |     8 |             4
           82 |     9 |             3
           82 |    10 |             3
           82 |    11 |             5
           82 |    12 |            15
           82 |    13 |            11
           82 |    14 |            31
           82 |    15 |            90
           82 |    16 |           191
           82 |    17 |           422
           82 |    18 |           689
           82 |    19 |             0
           82 |    20 |             0
----------------------------------
           83 |     0 |           283
           83 |     1 |            69
           83 |     2 |            37
           83 |     3 |            14
           83 |     4 |             7
           83 |     5 |             4
           83 |     6 |             3
           83 |     7 |             0
           83 |     8 |             0
           83 |     9 |             2
           83 |    10 |             3
           83 |    11 |             3
           83 |    12 |            11
           83 |    13 |            11
           83 |    14 |            28
           83 |    15 |            96
           83 |    16 |           194
           83 |    17 |           355
           83 |    18 |           540
           83 |    19 |             0
           83 |    20 |             0
----------------------------------
           84 |     0 |           306
           84 |     1 |            67
           84 |     2 |            21
           84 |     3 |             9
           84 |     4 |            10
           84 |     5 |             1
           84 |     6 |             8
           84 |     7 |             3
           84 |     8 |             5
           84 |     9 |             2
           84 |    10 |             8
           84 |    11 |            13
           84 |    12 |            13
           84 |    13 |            17
           84 |    14 |            35
           84 |    15 |            94
           84 |    16 |           197
           84 |    17 |           336
           84 |    18 |           535
           84 |    19 |             0
           84 |    20 |             0
----------------------------------
           85 |     0 |           222
           85 |     1 |            87
           85 |     2 |            38
           85 |     3 |            11
           85 |     4 |            12
           85 |     5 |             4
           85 |     6 |             1
           85 |     7 |             3
           85 |     8 |             3
           85 |     9 |             6
           85 |    10 |             6
           85 |    11 |             7
           85 |    12 |            17
           85 |    13 |            20
           85 |    14 |            39
           85 |    15 |            61
           85 |    16 |           149
           85 |    17 |           309
           85 |    18 |           450
           85 |    19 |             0
           85 |    20 |             0
----------------------------------
           86 |     0 |           254
           86 |     1 |            80
           86 |     2 |            33
           86 |     3 |            17
           86 |     4 |             7
           86 |     5 |             5
           86 |     6 |             5
           86 |     7 |             8
           86 |     8 |            10
           86 |     9 |             2
           86 |    10 |             4
           86 |    11 |            14
           86 |    12 |            14
           86 |    13 |            24
           86 |    14 |            68
           86 |    15 |            90
           86 |    16 |           184
           86 |    17 |           371
           86 |    18 |           444
           86 |    19 |             0
           86 |    20 |             0
----------------------------------
           87 |     0 |           305
           87 |     1 |            88
           87 |     2 |            36
           87 |     3 |            17
           87 |     4 |            10
           87 |     5 |            10
           87 |     6 |            12
           87 |     7 |             2
           87 |     8 |             7
           87 |     9 |             1
           87 |    10 |             4
           87 |    11 |            15
           87 |    12 |            20
           87 |    13 |            44
           87 |    14 |            76
           87 |    15 |           137
           87 |    16 |           216
           87 |    17 |           385
           87 |    18 |           529
           87 |    19 |             0
           87 |    20 |             0
----------------------------------
           88 |     0 |           173
           88 |     1 |            49
           88 |     2 |            12
           88 |     3 |             6
           88 |     4 |             2
           88 |     5 |             3
           88 |     6 |             2
           88 |     7 |             7
           88 |     8 |             7
           88 |     9 |             1
           88 |    10 |             6
           88 |    11 |            13
           88 |    12 |            13
           88 |    13 |            26
           88 |    14 |            25
           88 |    15 |            52
           88 |    16 |           114
           88 |    17 |           244
           88 |    18 |           301
           88 |    19 |             0
           88 |    20 |             0
----------------------------------
           89 |     0 |           139
           89 |     1 |            37
           89 |     2 |            18
           89 |     3 |             3
           89 |     4 |             5
           89 |     5 |             5
           89 |     6 |             3
           89 |     7 |             6
           89 |     8 |             1
           89 |     9 |             1
           89 |    10 |             4
           89 |    11 |             9
           89 |    12 |             8
           89 |    13 |             4
           89 |    14 |            15
           89 |    15 |            30
           89 |    16 |            88
           89 |    17 |           195
           89 |    18 |           319
           89 |    19 |             0
           89 |    20 |             0
----------------------------------
           90 |     0 |           229
           90 |     1 |            73
           90 |     2 |            27
           90 |     3 |            16
           90 |     4 |            10
           90 |     5 |             6
           90 |     6 |             2
           90 |     7 |             8
           90 |     8 |            12
           90 |     9 |             7
           90 |    10 |             6
           90 |    11 |             6
           90 |    12 |            10
           90 |    13 |            14
           90 |    14 |            28
           90 |    15 |            99
           90 |    16 |           190
           90 |    17 |           360
           90 |    18 |           427
           90 |    19 |             0
           90 |    20 |             0
----------------------------------
           91 |     0 |            83
           91 |     1 |            28
           91 |     2 |            15
           91 |     3 |             8
           91 |     4 |             9
           91 |     5 |             2
           91 |     6 |             1
           91 |     7 |             1
           91 |     8 |             1
           91 |     9 |             2
           91 |    10 |             1
           91 |    11 |             3
           91 |    12 |             5
           91 |    13 |             3
           91 |    14 |            11
           91 |    15 |            34
           91 |    16 |            54
           91 |    17 |           110
           91 |    18 |           175
           91 |    19 |             0
           91 |    20 |             0
----------------------------------
           92 |     0 |            88
           92 |     1 |            25
           92 |     2 |            11
           92 |     3 |             3
           92 |     4 |             2
           92 |     5 |             3
           92 |     6 |             4
           92 |     7 |             3
           92 |     8 |             1
           92 |     9 |             1
           92 |    10 |             1
           92 |    11 |             4
           92 |    12 |             5
           92 |    13 |             4
           92 |    14 |            16
           92 |    15 |            31
           92 |    16 |            64
           92 |    17 |           106
           92 |    18 |           180
           92 |    19 |             0
           92 |    20 |             0
----------------------------------
           93 |     0 |            92
           93 |     1 |            38
           93 |     2 |            10
           93 |     3 |             4
           93 |     4 |             3
           93 |     5 |             2
           93 |     6 |             2
           93 |     7 |             1
           93 |     8 |             3
           93 |     9 |             0
           93 |    10 |             1
           93 |    11 |             2
           93 |    12 |             6
           93 |    13 |            19
           93 |    14 |            21
           93 |    15 |            31
           93 |    16 |            69
           93 |    17 |           147
           93 |    18 |           200
           93 |    19 |             0
           93 |    20 |             0
----------------------------------
           94 |     0 |            46
           94 |     1 |            16
           94 |     2 |            11
           94 |     3 |             7
           94 |     4 |             7
           94 |     5 |             2
           94 |     6 |             0
           94 |     7 |             0
           94 |     8 |             1
           94 |     9 |             0
           94 |    10 |             1
           94 |    11 |             1
           94 |    12 |             6
           94 |    13 |             2
           94 |    14 |            15
           94 |    15 |            26
           94 |    16 |            50
           94 |    17 |            92
           94 |    18 |            93
           94 |    19 |             0
           94 |    20 |             0
----------------------------------
           95 |     0 |            44
           95 |     1 |             9
           95 |     2 |             3
           95 |     3 |             1
           95 |     4 |             0
           95 |     5 |             0
           95 |     6 |             0
           95 |     7 |             0
           95 |     8 |             0
           95 |     9 |             0
           95 |    10 |             0
           95 |    11 |             0
           95 |    12 |             0
           95 |    13 |             1
           95 |    14 |             0
           95 |    15 |             6
           95 |    16 |            38
           95 |    17 |            85
           95 |    18 |            98
           95 |    19 |             0
           95 |    20 |             0
----------------------------------
           96 |     0 |           112
           96 |     1 |            43
           96 |     2 |            15
           96 |     3 |             6
           96 |     4 |             5
           96 |     5 |             1
           96 |     6 |             2
           96 |     7 |             0
           96 |     8 |             3
           96 |     9 |             3
           96 |    10 |             2
           96 |    11 |             2
           96 |    12 |             5
           96 |    13 |             9
           96 |    14 |            19
           96 |    15 |            47
           96 |    16 |            93
           96 |    17 |           159
           96 |    18 |           242
           96 |    19 |             0
           96 |    20 |             0
----------------------------------
           97 |     0 |            83
           97 |     1 |            32
           97 |     2 |            16
           97 |     3 |             8
           97 |     4 |             1
           97 |     5 |             2
           97 |     6 |             2
           97 |     7 |             2
           97 |     8 |             0
           97 |     9 |             0
           97 |    10 |             1
           97 |    11 |             2
           97 |    12 |             5
           97 |    13 |             7
           97 |    14 |            26
           97 |    15 |            38
           97 |    16 |            87
           97 |    17 |            99
           97 |    18 |           171
           97 |    19 |             0
           97 |    20 |             0
----------------------------------
           98 |     0 |           119
           98 |     1 |            24
           98 |     2 |            10
           98 |     3 |             3
           98 |     4 |             5
           98 |     5 |             2
           98 |     6 |             0
           98 |     7 |             4
           98 |     8 |             2
           98 |     9 |             4
           98 |    10 |             3
           98 |    11 |             1
           98 |    12 |             4
           98 |    13 |            19
           98 |    14 |            25
           98 |    15 |            57
           98 |    16 |           108
           98 |    17 |           177
           98 |    18 |           217
           98 |    19 |             0
           98 |    20 |             0
----------------------------------
           99 |     0 |            89
           99 |     1 |            24
           99 |     2 |             9
           99 |     3 |             6
           99 |     4 |             2
           99 |     5 |             1
           99 |     6 |             1
           99 |     7 |             3
           99 |     8 |             0
           99 |     9 |             2
           99 |    10 |             3
           99 |    11 |             2
           99 |    12 |             2
           99 |    13 |             6
           99 |    14 |            18
           99 |    15 |            42
           99 |    16 |            87
           99 |    17 |           121
           99 |    18 |           176
           99 |    19 |             0
           99 |    20 |             0
----------------------------------
          100 |     0 |           161
          100 |     1 |            60
          100 |     2 |            31
          100 |     3 |             7
          100 |     4 |             5
          100 |     5 |             2
          100 |     6 |             3
          100 |     7 |             5
          100 |     8 |             3
          100 |     9 |             7
          100 |    10 |             6
          100 |    11 |             4
          100 |    12 |            13
          100 |    13 |            21
          100 |    14 |            48
          100 |    15 |           104
          100 |    16 |           168
          100 |    17 |           241
          100 |    18 |           311
          100 |    19 |             0
          100 |    20 |             0
----------------------------------
          101 |     0 |            86
          101 |     1 |            26
          101 |     2 |            11
          101 |     3 |             5
          101 |     4 |             3
          101 |     5 |             0
          101 |     6 |             3
          101 |     7 |             1
          101 |     8 |             4
          101 |     9 |             1
          101 |    10 |             2
          101 |    11 |            11
          101 |    12 |            16
          101 |    13 |            25
          101 |    14 |            22
          101 |    15 |            31
          101 |    16 |            76
          101 |    17 |           105
          101 |    18 |           178
          101 |    19 |             0
          101 |    20 |             0
----------------------------------
          102 |     0 |            79
          102 |     1 |            28
          102 |     2 |            17
          102 |     3 |            12
          102 |     4 |             9
          102 |     5 |            11
          102 |     6 |             4
          102 |     7 |             4
          102 |     8 |             2
          102 |     9 |             7
          102 |    10 |             6
          102 |    11 |             2
          102 |    12 |            11
          102 |    13 |            19
          102 |    14 |            39
          102 |    15 |            60
          102 |    16 |            87
          102 |    17 |           103
          102 |    18 |           112
          102 |    19 |             0
          102 |    20 |             0
----------------------------------
          103 |     0 |            74
          103 |     1 |            19
          103 |     2 |             4
          103 |     3 |             1
          103 |     4 |             4
          103 |     5 |             2
          103 |     6 |             2
          103 |     7 |             3
          103 |     8 |             0
          103 |     9 |             4
          103 |    10 |             3
          103 |    11 |             4
          103 |    12 |             5
          103 |    13 |            18
          103 |    14 |            23
          103 |    15 |            31
          103 |    16 |            58
          103 |    17 |           133
          103 |    18 |           127
          103 |    19 |             0
          103 |    20 |             0
----------------------------------
          104 |     0 |            51
          104 |     1 |            21
          104 |     2 |             9
          104 |     3 |             9
          104 |     4 |             0
          104 |     5 |             2
          104 |     6 |             1
          104 |     7 |             2
          104 |     8 |             0
          104 |     9 |             0
          104 |    10 |             4
          104 |    11 |            10
          104 |    12 |             6
          104 |    13 |            17
          104 |    14 |            43
          104 |    15 |            51
          104 |    16 |            50
          104 |    17 |            58
          104 |    18 |            82
          104 |    19 |             0
          104 |    20 |             0
----------------------------------
          105 |     0 |            61
          105 |     1 |            18
          105 |     2 |             3
          105 |     3 |             1
          105 |     4 |             3
          105 |     5 |             3
          105 |     6 |             0
          105 |     7 |             0
          105 |     8 |             1
          105 |     9 |             0
          105 |    10 |             2
          105 |    11 |             6
          105 |    12 |             7
          105 |    13 |            16
          105 |    14 |            25
          105 |    15 |            34
          105 |    16 |            45
          105 |    17 |            80
          105 |    18 |           115
          105 |    19 |             0
          105 |    20 |             0
----------------------------------
          106 |     0 |            11
          106 |     1 |             7
          106 |     2 |             1
          106 |     3 |             2
          106 |     4 |             3
          106 |     5 |             1
          106 |     6 |             1
          106 |     7 |             0
          106 |     8 |             0
          106 |     9 |             0
          106 |    10 |             1
          106 |    11 |             3
          106 |    12 |             1
          106 |    13 |             2
          106 |    14 |             8
          106 |    15 |            10
          106 |    16 |            11
          106 |    17 |            27
          106 |    18 |            17
          106 |    19 |             0
          106 |    20 |             0
----------------------------------
----------------------------------
          108 |     0 |            10
          108 |     1 |             6
          108 |     2 |             3
          108 |     3 |             1
          108 |     4 |             1
          108 |     5 |             1
          108 |     6 |             0
          108 |     7 |             1
          108 |     8 |             0
          108 |     9 |             0
          108 |    10 |             1
          108 |    11 |             1
          108 |    12 |             7
          108 |    13 |             8
          108 |    14 |            13
          108 |    15 |            15
          108 |    16 |            18
          108 |    17 |            16
          108 |    18 |             6
          108 |    19 |             0
          108 |    20 |             0
----------------------------------
          109 |     0 |            10
          109 |     1 |             5
          109 |     2 |             5
          109 |     3 |             5
          109 |     4 |             0
          109 |     5 |             2
          109 |     6 |             0
          109 |     7 |             1
          109 |     8 |             0
          109 |     9 |             2
          109 |    10 |             0
          109 |    11 |             0
          109 |    12 |             3
          109 |    13 |             8
          109 |    14 |             1
          109 |    15 |             9
          109 |    16 |            14
          109 |    17 |            21
          109 |    18 |            23
          109 |    19 |             0
          109 |    20 |             0
----------------------------------
          110 |     0 |            72
          110 |     1 |            33
          110 |     2 |            11
          110 |     3 |             0
          110 |     4 |             1
          110 |     5 |             0
          110 |     6 |             1
          110 |     7 |             1
          110 |     8 |             2
          110 |     9 |             0
          110 |    10 |             4
          110 |    11 |             8
          110 |    12 |             9
          110 |    13 |            15
          110 |    14 |            21
          110 |    15 |            48
          110 |    16 |            82
          110 |    17 |           119
          110 |    18 |           123
          110 |    19 |             0
          110 |    20 |             0
----------------------------------
----------------------------------
----------------------------------
----------------------------------
----------------------------------
----------------------------------
----------------------------------
          117 |     0 |            25
          117 |     1 |             9
          117 |     2 |             9
          117 |     3 |             3
          117 |     4 |             3
          117 |     5 |             4
          117 |     6 |             5
          117 |     7 |             5
          117 |     8 |             5
          117 |     9 |             2
          117 |    10 |             3
          117 |    11 |             9
          117 |    12 |             6
          117 |    13 |            15
          117 |    14 |            23
          117 |    15 |             9
          117 |    16 |            23
          117 |    17 |            40
          117 |    18 |            36
          117 |    19 |             0
          117 |    20 |             0
----------------------------------
          118 |     0 |            31
          118 |     1 |             4
          118 |     2 |             4
          118 |     3 |             4
          118 |     4 |             3
          118 |     5 |             2
          118 |     6 |             1
          118 |     7 |             4
          118 |     8 |             2
          118 |     9 |             4
          118 |    10 |             2
          118 |    11 |             0
          118 |    12 |             3
          118 |    13 |            12
          118 |    14 |            19
          118 |    15 |            19
          118 |    16 |            26
          118 |    17 |            52
          118 |    18 |            44
          118 |    19 |             0
          118 |    20 |             0
----------------------------------
----------------------------------
          120 |     0 |            16
          120 |     1 |             3
          120 |     2 |             1
          120 |     3 |             2
          120 |     4 |             0
          120 |     5 |             0
          120 |     6 |             0
          120 |     7 |             0
          120 |     8 |             0
          120 |     9 |             0
          120 |    10 |             0
          120 |    11 |             4
          120 |    12 |             1
          120 |    13 |             0
          120 |    14 |             5
          120 |    15 |             9
          120 |    16 |            21
          120 |    17 |            32
          120 |    18 |            26
          120 |    19 |             0
          120 |    20 |             0
----------------------------------
          121 |     0 |            16
          121 |     1 |             3
          121 |     2 |             1
          121 |     3 |             1
          121 |     4 |             1
          121 |     5 |             0
          121 |     6 |             0
          121 |     7 |             1
          121 |     8 |             1
          121 |     9 |             1
          121 |    10 |             3
          121 |    11 |             1
          121 |    12 |             0
          121 |    13 |             4
          121 |    14 |             5
          121 |    15 |             7
          121 |    16 |            14
          121 |    17 |            32
          121 |    18 |            30
          121 |    19 |             0
          121 |    20 |             0
----------------------------------
          122 |     0 |            16
          122 |     1 |             6
          122 |     2 |             2
          122 |     3 |             1
          122 |     4 |             0
          122 |     5 |             0
          122 |     6 |             0
          122 |     7 |             0
          122 |     8 |             0
          122 |     9 |             0
          122 |    10 |             0
          122 |    11 |             0
          122 |    12 |             0
          122 |    13 |             0
          122 |    14 |             5
          122 |    15 |            12
          122 |    16 |            23
          122 |    17 |            35
          122 |    18 |            22
          122 |    19 |             0
          122 |    20 |             0
----------------------------------
          123 |     0 |            14
          123 |     1 |             4
          123 |     2 |             3
          123 |     3 |             2
          123 |     4 |             1
          123 |     5 |             0
          123 |     6 |             0
          123 |     7 |             1
          123 |     8 |             1
          123 |     9 |             0
          123 |    10 |             3
          123 |    11 |             1
          123 |    12 |             1
          123 |    13 |             6
          123 |    14 |             4
          123 |    15 |            14
          123 |    16 |            24
          123 |    17 |            27
          123 |    18 |            17
          123 |    19 |             0
          123 |    20 |             0
----------------------------------
          124 |     0 |            14
          124 |     1 |             6
          124 |     2 |             3
          124 |     3 |             0
          124 |     4 |             0
          124 |     5 |             0
          124 |     6 |             0
          124 |     7 |             0
          124 |     8 |             0
          124 |     9 |             0
          124 |    10 |             0
          124 |    11 |             0
          124 |    12 |             1
          124 |    13 |             3
          124 |    14 |             9
          124 |    15 |            12
          124 |    16 |            31
          124 |    17 |            21
          124 |    18 |            24
          124 |    19 |             0
          124 |    20 |             0
----------------------------------
----------------------------------
----------------------------------
----------------------------------
----------------------------------
----------------------------------
----------------------------------
----------------------------------
----------------------------------
----------------------------------
----------------------------------
----------------------------------
----------------------------------
----------------------------------
----------------------------------
----------------------------------
----------------------------------
----------------------------------
----------------------------------
----------------------------------
----------------------------------
----------------------------------
----------------------------------
----------------------------------
----------------------------------
----------------------------------
----------------------------------
----------------------------------
----------------------------------
----------------------------------
----------------------------------
----------------------------------
----------------------------------
----------------------------------
----------------------------------
----------------------------------
----------------------------------
----------------------------------
----------------------------------
----------------------------------
----------------------------------
----------------------------------
----------------------------------
----------------------------------
----------------------------------
----------------------------------
----------------------------------
----------------------------------
----------------------------------
----------------------------------
----------------------------------
----------------------------------
----------------------------------
----------------------------------
----------------------------------
----------------------------------
----------------------------------
----------------------------------
----------------------------------
----------------------------------
----------------------------------
----------------------------------
----------------------------------
----------------------------------
----------------------------------
----------------------------------
----------------------------------
