MinCut number | RSize | Number of cuts
----------------------------------
----------------------------------
----------------------------------
----------------------------------
----------------------------------
----------------------------------
----------------------------------
----------------------------------
----------------------------------
----------------------------------
----------------------------------
----------------------------------
           31 |     0 |            15
           31 |     1 |             6
           31 |     2 |             2
           31 |     3 |             0
           31 |     4 |             0
           31 |     5 |             1
           31 |     6 |             1
           31 |     7 |             0
           31 |     8 |             0
           31 |     9 |             1
           31 |    10 |             0
           31 |    11 |             0
           31 |    12 |             0
           31 |    13 |             0
           31 |    14 |             1
           31 |    15 |             0
           31 |    16 |             3
           31 |    17 |             0
           31 |    18 |             1
           31 |    19 |             0
           31 |    20 |             0
----------------------------------
----------------------------------
----------------------------------
----------------------------------
----------------------------------
----------------------------------
           37 |     0 |            12
           37 |     1 |             5
           37 |     2 |             1
           37 |     3 |             2
           37 |     4 |             3
           37 |     5 |             0
           37 |     6 |             0
           37 |     7 |             1
           37 |     8 |             0
           37 |     9 |             0
           37 |    10 |             0
           37 |    11 |             0
           37 |    12 |             0
           37 |    13 |             0
           37 |    14 |             0
           37 |    15 |             0
           37 |    16 |             0
           37 |    17 |             7
           37 |    18 |             6
           37 |    19 |             0
           37 |    20 |             0
----------------------------------
----------------------------------
           39 |     0 |            24
           39 |     1 |             9
           39 |     2 |             6
           39 |     3 |             3
           39 |     4 |             2
           39 |     5 |             2
           39 |     6 |             1
           39 |     7 |             0
           39 |     8 |             0
           39 |     9 |             0
           39 |    10 |             0
           39 |    11 |             0
           39 |    12 |             0
           39 |    13 |             2
           39 |    14 |             0
           39 |    15 |             0
           39 |    16 |             2
           39 |    17 |             8
           39 |    18 |            19
           39 |    19 |             0
           39 |    20 |             0
----------------------------------
           40 |     0 |            34
           40 |     1 |            15
           40 |     2 |             7
           40 |     3 |             3
           40 |     4 |             3
           40 |     5 |             3
           40 |     6 |             1
           40 |     7 |             0
           40 |     8 |             0
           40 |     9 |             1
           40 |    10 |             0
           40 |    11 |             0
           40 |    12 |             0
           40 |    13 |             1
           40 |    14 |             2
           40 |    15 |            10
           40 |    16 |            12
           40 |    17 |             7
           40 |    18 |            21
           40 |    19 |             0
           40 |    20 |             0
----------------------------------
           41 |     0 |            31
           41 |     1 |             9
           41 |     2 |             6
           41 |     3 |             6
           41 |     4 |             8
           41 |     5 |             4
           41 |     6 |             4
           41 |     7 |             1
           41 |     8 |             1
           41 |     9 |             4
           41 |    10 |             3
           41 |    11 |             2
           41 |    12 |             1
           41 |    13 |             0
           41 |    14 |             0
           41 |    15 |             4
           41 |    16 |             2
           41 |    17 |             7
           41 |    18 |            30
           41 |    19 |             0
           41 |    20 |             0
----------------------------------
----------------------------------
           43 |     0 |            45
           43 |     1 |            20
           43 |     2 |             6
           43 |     3 |            10
           43 |     4 |             3
           43 |     5 |             3
           43 |     6 |             0
           43 |     7 |             2
           43 |     8 |             0
           43 |     9 |             0
           43 |    10 |             1
           43 |    11 |             7
           43 |    12 |             5
           43 |    13 |             2
           43 |    14 |             1
           43 |    15 |             8
           43 |    16 |             7
           43 |    17 |            22
           43 |    18 |            30
           43 |    19 |             0
           43 |    20 |             0
----------------------------------
           44 |     0 |            15
           44 |     1 |            14
           44 |     2 |            11
           44 |     3 |             3
           44 |     4 |             2
           44 |     5 |             0
           44 |     6 |             0
           44 |     7 |             1
           44 |     8 |             0
           44 |     9 |             1
           44 |    10 |             1
           44 |    11 |             2
           44 |    12 |             1
           44 |    13 |             0
           44 |    14 |             0
           44 |    15 |             2
           44 |    16 |             6
           44 |    17 |            12
           44 |    18 |            17
           44 |    19 |             0
           44 |    20 |             0
----------------------------------
           45 |     0 |            88
           45 |     1 |            46
           45 |     2 |            26
           45 |     3 |            11
           45 |     4 |             9
           45 |     5 |             5
           45 |     6 |             0
           45 |     7 |             3
           45 |     8 |             1
           45 |     9 |             2
           45 |    10 |             3
           45 |    11 |             4
           45 |    12 |             2
           45 |    13 |             4
           45 |    14 |             4
           45 |    15 |             8
           45 |    16 |            27
           45 |    17 |            46
           45 |    18 |            71
           45 |    19 |             0
           45 |    20 |             0
----------------------------------
           46 |     0 |            33
           46 |     1 |            18
           46 |     2 |             8
           46 |     3 |             7
           46 |     4 |             2
           46 |     5 |             2
           46 |     6 |             1
           46 |     7 |             1
           46 |     8 |             0
           46 |     9 |             0
           46 |    10 |             0
           46 |    11 |             0
           46 |    12 |             0
           46 |    13 |             2
           46 |    14 |             1
           46 |    15 |             2
           46 |    16 |             9
           46 |    17 |            12
           46 |    18 |            40
           46 |    19 |             0
           46 |    20 |             0
----------------------------------
           47 |     0 |            34
           47 |     1 |            21
           47 |     2 |             9
           47 |     3 |             2
           47 |     4 |             4
           47 |     5 |             3
           47 |     6 |             9
           47 |     7 |             5
           47 |     8 |             7
           47 |     9 |             6
           47 |    10 |             3
           47 |    11 |             2
           47 |    12 |             0
           47 |    13 |             0
           47 |    14 |             1
           47 |    15 |             4
           47 |    16 |             2
           47 |    17 |            11
           47 |    18 |            18
           47 |    19 |             0
           47 |    20 |             0
----------------------------------
           48 |     0 |            36
           48 |     1 |            16
           48 |     2 |             9
           48 |     3 |             5
           48 |     4 |             3
           48 |     5 |             2
           48 |     6 |             3
           48 |     7 |             1
           48 |     8 |             2
           48 |     9 |             0
           48 |    10 |             4
           48 |    11 |             0
           48 |    12 |             0
           48 |    13 |             0
           48 |    14 |             4
           48 |    15 |             5
           48 |    16 |             8
           48 |    17 |            14
           48 |    18 |            32
           48 |    19 |             0
           48 |    20 |             0
----------------------------------
           49 |     0 |            12
           49 |     1 |             6
           49 |     2 |             6
           49 |     3 |             4
           49 |     4 |             0
           49 |     5 |             1
           49 |     6 |             0
           49 |     7 |             0
           49 |     8 |             0
           49 |     9 |             0
           49 |    10 |             0
           49 |    11 |             0
           49 |    12 |             0
           49 |    13 |             0
           49 |    14 |             0
           49 |    15 |             0
           49 |    16 |             6
           49 |    17 |             4
           49 |    18 |            10
           49 |    19 |             0
           49 |    20 |             0
----------------------------------
           50 |     0 |            61
           50 |     1 |            25
           50 |     2 |            11
           50 |     3 |             4
           50 |     4 |             3
           50 |     5 |             5
           50 |     6 |             3
           50 |     7 |             6
           50 |     8 |             1
           50 |     9 |             5
           50 |    10 |             1
           50 |    11 |             0
           50 |    12 |             2
           50 |    13 |             3
           50 |    14 |             6
           50 |    15 |             6
           50 |    16 |            14
           50 |    17 |            38
           50 |    18 |            56
           50 |    19 |             0
           50 |    20 |             0
----------------------------------
           51 |     0 |            73
           51 |     1 |            38
           51 |     2 |            24
           51 |     3 |            16
           51 |     4 |             5
           51 |     5 |             5
           51 |     6 |             7
           51 |     7 |             6
           51 |     8 |             3
           51 |     9 |             5
           51 |    10 |             6
           51 |    11 |             5
           51 |    12 |             4
           51 |    13 |             8
           51 |    14 |            12
           51 |    15 |             6
           51 |    16 |            19
           51 |    17 |            32
           51 |    18 |            83
           51 |    19 |             0
           51 |    20 |             0
----------------------------------
           52 |     0 |           144
           52 |     1 |            73
           52 |     2 |            47
           52 |     3 |            25
           52 |     4 |            14
           52 |     5 |            11
           52 |     6 |             9
           52 |     7 |             5
           52 |     8 |             1
           52 |     9 |             2
           52 |    10 |             4
           52 |    11 |             1
           52 |    12 |             9
           52 |    13 |             8
           52 |    14 |            11
           52 |    15 |            43
           52 |    16 |            69
           52 |    17 |            85
           52 |    18 |           115
           52 |    19 |             0
           52 |    20 |             0
----------------------------------
           53 |     0 |           103
           53 |     1 |            42
           53 |     2 |            35
           53 |     3 |            12
           53 |     4 |             4
           53 |     5 |             3
           53 |     6 |             7
           53 |     7 |             2
           53 |     8 |             1
           53 |     9 |             1
           53 |    10 |             1
           53 |    11 |             1
           53 |    12 |             5
           53 |    13 |            10
           53 |    14 |             8
           53 |    15 |            29
           53 |    16 |            48
           53 |    17 |            76
           53 |    18 |            89
           53 |    19 |             0
           53 |    20 |             0
----------------------------------
           54 |     0 |            69
           54 |     1 |            30
           54 |     2 |            23
           54 |     3 |            10
           54 |     4 |             7
           54 |     5 |             6
           54 |     6 |             3
           54 |     7 |             2
           54 |     8 |             5
           54 |     9 |             3
           54 |    10 |             2
           54 |    11 |             1
           54 |    12 |             2
           54 |    13 |             5
           54 |    14 |             3
           54 |    15 |            11
           54 |    16 |            24
           54 |    17 |            49
           54 |    18 |            69
           54 |    19 |             0
           54 |    20 |             0
----------------------------------
           55 |     0 |            71
           55 |     1 |            31
           55 |     2 |            16
           55 |     3 |             9
           55 |     4 |             5
           55 |     5 |             2
           55 |     6 |             2
           55 |     7 |             0
           55 |     8 |             2
           55 |     9 |             1
           55 |    10 |             0
           55 |    11 |             2
           55 |    12 |             3
           55 |    13 |             9
           55 |    14 |             8
           55 |    15 |            12
           55 |    16 |            24
           55 |    17 |            47
           55 |    18 |            86
           55 |    19 |             0
           55 |    20 |             0
----------------------------------
           56 |     0 |           116
           56 |     1 |            58
           56 |     2 |            24
           56 |     3 |            16
           56 |     4 |             8
           56 |     5 |             2
           56 |     6 |             9
           56 |     7 |             6
           56 |     8 |             8
           56 |     9 |             3
           56 |    10 |             9
           56 |    11 |            22
           56 |    12 |             5
           56 |    13 |            16
           56 |    14 |            22
           56 |    15 |            27
           56 |    16 |            37
           56 |    17 |            67
           56 |    18 |           105
           56 |    19 |             0
           56 |    20 |             0
----------------------------------
           57 |     0 |           222
           57 |     1 |            91
           57 |     2 |            50
           57 |     3 |            21
           57 |     4 |            20
           57 |     5 |            10
           57 |     6 |             8
           57 |     7 |             7
           57 |     8 |            12
           57 |     9 |            12
           57 |    10 |             8
           57 |    11 |            15
           57 |    12 |             9
           57 |    13 |            12
           57 |    14 |            13
           57 |    15 |            56
           57 |    16 |            78
           57 |    17 |           146
           57 |    18 |           236
           57 |    19 |             0
           57 |    20 |             0
----------------------------------
           58 |     0 |           172
           58 |     1 |            91
           58 |     2 |            46
           58 |     3 |            29
           58 |     4 |            13
           58 |     5 |            10
           58 |     6 |            10
           58 |     7 |             7
           58 |     8 |             5
           58 |     9 |             7
           58 |    10 |             9
           58 |    11 |             5
           58 |    12 |             9
           58 |    13 |            13
           58 |    14 |            14
           58 |    15 |            23
           58 |    16 |            65
           58 |    17 |           127
           58 |    18 |           215
           58 |    19 |             0
           58 |    20 |             0
----------------------------------
           59 |     0 |           126
           59 |     1 |            54
           59 |     2 |            36
           59 |     3 |            19
           59 |     4 |            12
           59 |     5 |            10
           59 |     6 |             9
           59 |     7 |             6
           59 |     8 |            10
           59 |     9 |             1
           59 |    10 |             5
           59 |    11 |             5
           59 |    12 |             8
           59 |    13 |            13
           59 |    14 |            14
           59 |    15 |            42
           59 |    16 |            62
           59 |    17 |            85
           59 |    18 |           132
           59 |    19 |             0
           59 |    20 |             0
----------------------------------
           60 |     0 |           148
           60 |     1 |            71
           60 |     2 |            40
           60 |     3 |            23
           60 |     4 |            11
           60 |     5 |            10
           60 |     6 |             3
           60 |     7 |             3
           60 |     8 |             4
           60 |     9 |             4
           60 |    10 |             5
           60 |    11 |             3
           60 |    12 |            13
           60 |    13 |            23
           60 |    14 |            27
           60 |    15 |            60
           60 |    16 |            58
           60 |    17 |           115
           60 |    18 |           159
           60 |    19 |             0
           60 |    20 |             0
----------------------------------
           61 |     0 |           162
           61 |     1 |            88
           61 |     2 |            42
           61 |     3 |            34
           61 |     4 |            30
           61 |     5 |            17
           61 |     6 |            11
           61 |     7 |            13
           61 |     8 |            11
           61 |     9 |            14
           61 |    10 |            14
           61 |    11 |            23
           61 |    12 |            20
           61 |    13 |            20
           61 |    14 |            32
           61 |    15 |            50
           61 |    16 |            65
           61 |    17 |           110
           61 |    18 |           159
           61 |    19 |             0
           61 |    20 |             0
----------------------------------
           62 |     0 |           185
           62 |     1 |            95
           62 |     2 |            50
           62 |     3 |            29
           62 |     4 |            14
           62 |     5 |            13
           62 |     6 |            13
           62 |     7 |             9
           62 |     8 |             9
           62 |     9 |            11
           62 |    10 |             3
           62 |    11 |             8
           62 |    12 |             7
           62 |    13 |            20
           62 |    14 |            43
           62 |    15 |            72
           62 |    16 |            78
           62 |    17 |           130
           62 |    18 |           203
           62 |    19 |             0
           62 |    20 |             0
----------------------------------
           63 |     0 |           164
           63 |     1 |            83
           63 |     2 |            26
           63 |     3 |            14
           63 |     4 |            13
           63 |     5 |             9
           63 |     6 |            10
           63 |     7 |             8
           63 |     8 |             1
           63 |     9 |             5
           63 |    10 |            12
           63 |    11 |             8
           63 |    12 |            12
           63 |    13 |            17
           63 |    14 |            27
           63 |    15 |            32
           63 |    16 |            64
           63 |    17 |           112
           63 |    18 |           202
           63 |    19 |             0
           63 |    20 |             0
----------------------------------
           64 |     0 |           202
           64 |     1 |           107
           64 |     2 |            56
           64 |     3 |            50
           64 |     4 |            24
           64 |     5 |            23
           64 |     6 |            18
           64 |     7 |            13
           64 |     8 |            13
           64 |     9 |            13
           64 |    10 |             6
           64 |    11 |            15
           64 |    12 |             8
           64 |    13 |            13
           64 |    14 |            29
           64 |    15 |            28
           64 |    16 |            80
           64 |    17 |           182
           64 |    18 |           272
           64 |    19 |             0
           64 |    20 |             0
----------------------------------
           65 |     0 |           172
           65 |     1 |            84
           65 |     2 |            47
           65 |     3 |            24
           65 |     4 |            23
           65 |     5 |            14
           65 |     6 |            12
           65 |     7 |            11
           65 |     8 |            11
           65 |     9 |            10
           65 |    10 |            18
           65 |    11 |            19
           65 |    12 |            13
           65 |    13 |            16
           65 |    14 |            37
           65 |    15 |            75
           65 |    16 |            95
           65 |    17 |           114
           65 |    18 |           180
           65 |    19 |             0
           65 |    20 |             0
----------------------------------
           66 |     0 |           328
           66 |     1 |           164
           66 |     2 |            81
           66 |     3 |            50
           66 |     4 |            33
           66 |     5 |            28
           66 |     6 |            21
           66 |     7 |            29
           66 |     8 |            16
           66 |     9 |            22
           66 |    10 |            20
           66 |    11 |            30
           66 |    12 |            48
           66 |    13 |            60
           66 |    14 |            66
           66 |    15 |           104
           66 |    16 |           170
           66 |    17 |           274
           66 |    18 |           436
           66 |    19 |             0
           66 |    20 |             0
----------------------------------
           67 |     0 |           177
           67 |     1 |            93
           67 |     2 |            55
           67 |     3 |            43
           67 |     4 |            31
           67 |     5 |            21
           67 |     6 |            16
           67 |     7 |            16
           67 |     8 |             8
           67 |     9 |             7
           67 |    10 |            13
           67 |    11 |             6
           67 |    12 |            21
           67 |    13 |            22
           67 |    14 |            42
           67 |    15 |            53
           67 |    16 |            90
           67 |    17 |           148
           67 |    18 |           210
           67 |    19 |             0
           67 |    20 |             0
----------------------------------
           68 |     0 |           285
           68 |     1 |           149
           68 |     2 |            81
           68 |     3 |            61
           68 |     4 |            39
           68 |     5 |            35
           68 |     6 |            22
           68 |     7 |            25
           68 |     8 |            23
           68 |     9 |            22
           68 |    10 |            29
           68 |    11 |            33
           68 |    12 |            43
           68 |    13 |            43
           68 |    14 |            53
           68 |    15 |            96
           68 |    16 |           150
           68 |    17 |           229
           68 |    18 |           350
           68 |    19 |             0
           68 |    20 |             0
----------------------------------
           69 |     0 |           155
           69 |     1 |            76
           69 |     2 |            37
           69 |     3 |            28
           69 |     4 |            22
           69 |     5 |            17
           69 |     6 |            10
           69 |     7 |            10
           69 |     8 |             7
           69 |     9 |             5
           69 |    10 |             7
           69 |    11 |             6
           69 |    12 |             2
           69 |    13 |            11
           69 |    14 |            24
           69 |    15 |            53
           69 |    16 |            88
           69 |    17 |           165
           69 |    18 |           174
           69 |    19 |             0
           69 |    20 |             0
----------------------------------
           70 |     0 |           316
           70 |     1 |           137
           70 |     2 |            74
           70 |     3 |            40
           70 |     4 |            30
           70 |     5 |            26
           70 |     6 |            20
           70 |     7 |            19
           70 |     8 |            14
           70 |     9 |            14
           70 |    10 |            15
           70 |    11 |            14
           70 |    12 |            28
           70 |    13 |            26
           70 |    14 |            65
           70 |    15 |           114
           70 |    16 |           160
           70 |    17 |           302
           70 |    18 |           406
           70 |    19 |             0
           70 |    20 |             0
----------------------------------
           71 |     0 |           345
           71 |     1 |           174
           71 |     2 |           103
           71 |     3 |            52
           71 |     4 |            41
           71 |     5 |            27
           71 |     6 |            28
           71 |     7 |            28
           71 |     8 |            30
           71 |     9 |            34
           71 |    10 |            36
           71 |    11 |            32
           71 |    12 |            32
           71 |    13 |            47
           71 |    14 |            59
           71 |    15 |           139
           71 |    16 |           202
           71 |    17 |           292
           71 |    18 |           429
           71 |    19 |             0
           71 |    20 |             0
----------------------------------
           72 |     0 |           283
           72 |     1 |           139
           72 |     2 |            77
           72 |     3 |            56
           72 |     4 |            35
           72 |     5 |            38
           72 |     6 |            32
           72 |     7 |            32
           72 |     8 |            20
           72 |     9 |            15
           72 |    10 |            17
           72 |    11 |            23
           72 |    12 |            28
           72 |    13 |            34
           72 |    14 |            80
           72 |    15 |           136
           72 |    16 |           209
           72 |    17 |           322
           72 |    18 |           368
           72 |    19 |             0
           72 |    20 |             0
----------------------------------
           73 |     0 |           188
           73 |     1 |            96
           73 |     2 |            68
           73 |     3 |            39
           73 |     4 |            21
           73 |     5 |            18
           73 |     6 |             7
           73 |     7 |            10
           73 |     8 |            10
           73 |     9 |            12
           73 |    10 |            14
           73 |    11 |            19
           73 |    12 |            27
           73 |    13 |            29
           73 |    14 |            37
           73 |    15 |            68
           73 |    16 |           113
           73 |    17 |           184
           73 |    18 |           208
           73 |    19 |             0
           73 |    20 |             0
----------------------------------
           74 |     0 |           167
           74 |     1 |            75
           74 |     2 |            38
           74 |     3 |            39
           74 |     4 |            25
           74 |     5 |            18
           74 |     6 |            24
           74 |     7 |            17
           74 |     8 |            15
           74 |     9 |            26
           74 |    10 |            20
           74 |    11 |            20
           74 |    12 |            35
           74 |    13 |            39
           74 |    14 |            55
           74 |    15 |            72
           74 |    16 |           115
           74 |    17 |           180
           74 |    18 |           204
           74 |    19 |             0
           74 |    20 |             0
----------------------------------
           75 |     0 |           138
           75 |     1 |            69
           75 |     2 |            35
           75 |     3 |            21
           75 |     4 |            21
           75 |     5 |            16
           75 |     6 |            11
           75 |     7 |             9
           75 |     8 |             9
           75 |     9 |             8
           75 |    10 |            12
           75 |    11 |            15
           75 |    12 |            30
           75 |    13 |            32
           75 |    14 |            42
           75 |    15 |            70
           75 |    16 |            68
           75 |    17 |           120
           75 |    18 |           174
           75 |    19 |             0
           75 |    20 |             0
----------------------------------
           76 |     0 |           291
           76 |     1 |           129
           76 |     2 |            59
           76 |     3 |            49
           76 |     4 |            36
           76 |     5 |            34
           76 |     6 |            22
           76 |     7 |            21
           76 |     8 |            27
           76 |     9 |            18
           76 |    10 |            36
           76 |    11 |            38
           76 |    12 |            55
           76 |    13 |            77
           76 |    14 |            83
           76 |    15 |           129
           76 |    16 |           206
           76 |    17 |           301
           76 |    18 |           365
           76 |    19 |             0
           76 |    20 |             0
----------------------------------
           77 |     0 |           294
           77 |     1 |           124
           77 |     2 |            79
           77 |     3 |            46
           77 |     4 |            34
           77 |     5 |            33
           77 |     6 |            35
           77 |     7 |            25
           77 |     8 |            18
           77 |     9 |            18
           77 |    10 |            29
           77 |    11 |            47
           77 |    12 |            61
           77 |    13 |            84
           77 |    14 |           119
           77 |    15 |           162
           77 |    16 |           196
           77 |    17 |           280
           77 |    18 |           318
           77 |    19 |             0
           77 |    20 |             0
----------------------------------
           78 |     0 |           211
           78 |     1 |            98
           78 |     2 |            45
           78 |     3 |            24
           78 |     4 |            15
           78 |     5 |            13
           78 |     6 |            15
           78 |     7 |            13
           78 |     8 |            13
           78 |     9 |            10
           78 |    10 |            23
           78 |    11 |            26
           78 |    12 |            36
           78 |    13 |            55
           78 |    14 |            60
           78 |    15 |           100
           78 |    16 |           148
           78 |    17 |           183
           78 |    18 |           238
           78 |    19 |             0
           78 |    20 |             0
----------------------------------
           79 |     0 |           291
           79 |     1 |           143
           79 |     2 |            83
           79 |     3 |            43
           79 |     4 |            28
           79 |     5 |            18
           79 |     6 |            15
           79 |     7 |            25
           79 |     8 |            27
           79 |     9 |            29
           79 |    10 |            32
           79 |    11 |            43
           79 |    12 |            50
           79 |    13 |            50
           79 |    14 |            79
           79 |    15 |           130
           79 |    16 |           195
           79 |    17 |           295
           79 |    18 |           399
           79 |    19 |             0
           79 |    20 |             0
----------------------------------
           80 |     0 |           215
           80 |     1 |           109
           80 |     2 |            61
           80 |     3 |            37
           80 |     4 |            22
           80 |     5 |            20
           80 |     6 |            23
           80 |     7 |            23
           80 |     8 |            29
           80 |     9 |            21
           80 |    10 |            26
           80 |    11 |            27
           80 |    12 |            42
           80 |    13 |            52
           80 |    14 |            64
           80 |    15 |           128
           80 |    16 |           186
           80 |    17 |           258
           80 |    18 |           257
           80 |    19 |             0
           80 |    20 |             0
----------------------------------
           81 |     0 |           168
           81 |     1 |            67
           81 |     2 |            36
           81 |     3 |            22
           81 |     4 |             8
           81 |     5 |            10
           81 |     6 |            10
           81 |     7 |            14
           81 |     8 |             5
           81 |     9 |            10
           81 |    10 |             8
           81 |    11 |            22
           81 |    12 |            36
           81 |    13 |            33
           81 |    14 |            61
           81 |    15 |            80
           81 |    16 |           105
           81 |    17 |           157
           81 |    18 |           201
           81 |    19 |             0
           81 |    20 |             0
----------------------------------
           82 |     0 |           203
           82 |     1 |           115
           82 |     2 |            60
           82 |     3 |            43
           82 |     4 |            36
           82 |     5 |            24
           82 |     6 |            21
           82 |     7 |            17
           82 |     8 |            22
           82 |     9 |            26
           82 |    10 |            38
           82 |    11 |            43
           82 |    12 |            36
           82 |    13 |            56
           82 |    14 |            67
           82 |    15 |           102
           82 |    16 |           186
           82 |    17 |           218
           82 |    18 |           245
           82 |    19 |             0
           82 |    20 |             0
----------------------------------
           83 |     0 |           366
           83 |     1 |           178
           83 |     2 |           105
           83 |     3 |            58
           83 |     4 |            45
           83 |     5 |            40
           83 |     6 |            23
           83 |     7 |            29
           83 |     8 |            28
           83 |     9 |            28
           83 |    10 |            25
           83 |    11 |            25
           83 |    12 |            40
           83 |    13 |            62
           83 |    14 |           133
           83 |    15 |           197
           83 |    16 |           275
           83 |    17 |           449
           83 |    18 |           467
           83 |    19 |             0
           83 |    20 |             0
----------------------------------
           84 |     0 |           207
           84 |     1 |           103
           84 |     2 |            45
           84 |     3 |            38
           84 |     4 |            20
           84 |     5 |            16
           84 |     6 |            19
           84 |     7 |            16
           84 |     8 |             8
           84 |     9 |            20
           84 |    10 |            21
           84 |    11 |            36
           84 |    12 |            34
           84 |    13 |            58
           84 |    14 |            81
           84 |    15 |           111
           84 |    16 |           156
           84 |    17 |           268
           84 |    18 |           255
           84 |    19 |             0
           84 |    20 |             0
----------------------------------
           85 |     0 |           302
           85 |     1 |           171
           85 |     2 |            89
           85 |     3 |            44
           85 |     4 |            25
           85 |     5 |            26
           85 |     6 |            14
           85 |     7 |            17
           85 |     8 |            11
           85 |     9 |            14
           85 |    10 |            25
           85 |    11 |            27
           85 |    12 |            48
           85 |    13 |            87
           85 |    14 |           127
           85 |    15 |           187
           85 |    16 |           283
           85 |    17 |           390
           85 |    18 |           408
           85 |    19 |             0
           85 |    20 |             0
----------------------------------
           86 |     0 |           380
           86 |     1 |           190
           86 |     2 |            99
           86 |     3 |            64
           86 |     4 |            37
           86 |     5 |            37
           86 |     6 |            22
           86 |     7 |            23
           86 |     8 |            30
           86 |     9 |            24
           86 |    10 |            29
           86 |    11 |            46
           86 |    12 |            73
           86 |    13 |           110
           86 |    14 |           145
           86 |    15 |           217
           86 |    16 |           322
           86 |    17 |           435
           86 |    18 |           469
           86 |    19 |             0
           86 |    20 |             0
----------------------------------
           87 |     0 |           185
           87 |     1 |            94
           87 |     2 |            40
           87 |     3 |            29
           87 |     4 |            12
           87 |     5 |            19
           87 |     6 |            11
           87 |     7 |             9
           87 |     8 |             8
           87 |     9 |            12
           87 |    10 |            17
           87 |    11 |            14
           87 |    12 |            15
           87 |    13 |            44
           87 |    14 |            52
           87 |    15 |           114
           87 |    16 |           178
           87 |    17 |           234
           87 |    18 |           218
           87 |    19 |             0
           87 |    20 |             0
----------------------------------
           88 |     0 |           189
           88 |     1 |            91
           88 |     2 |            63
           88 |     3 |            37
           88 |     4 |            28
           88 |     5 |            17
           88 |     6 |            10
           88 |     7 |             6
           88 |     8 |             5
           88 |     9 |             8
           88 |    10 |             7
           88 |    11 |            15
           88 |    12 |            28
           88 |    13 |            28
           88 |    14 |            71
           88 |    15 |            85
           88 |    16 |           175
           88 |    17 |           254
           88 |    18 |           291
           88 |    19 |             0
           88 |    20 |             0
----------------------------------
           89 |     0 |           246
           89 |     1 |           124
           89 |     2 |            63
           89 |     3 |            46
           89 |     4 |            32
           89 |     5 |            27
           89 |     6 |            15
           89 |     7 |            15
           89 |     8 |            25
           89 |     9 |            28
           89 |    10 |            31
           89 |    11 |            42
           89 |    12 |            45
           89 |    13 |            83
           89 |    14 |            95
           89 |    15 |           156
           89 |    16 |           270
           89 |    17 |           284
           89 |    18 |           242
           89 |    19 |             0
           89 |    20 |             0
----------------------------------
           90 |     0 |           106
           90 |     1 |            57
           90 |     2 |            29
           90 |     3 |            20
           90 |     4 |            18
           90 |     5 |            13
           90 |     6 |             9
           90 |     7 |             9
           90 |     8 |             4
           90 |     9 |             9
           90 |    10 |             3
           90 |    11 |            10
           90 |    12 |            21
           90 |    13 |            23
           90 |    14 |            35
           90 |    15 |            54
           90 |    16 |            80
           90 |    17 |           148
           90 |    18 |           162
           90 |    19 |             0
           90 |    20 |             0
----------------------------------
           91 |     0 |           116
           91 |     1 |            43
           91 |     2 |            29
           91 |     3 |            18
           91 |     4 |            22
           91 |     5 |            13
           91 |     6 |            11
           91 |     7 |            20
           91 |     8 |            10
           91 |     9 |             7
           91 |    10 |            10
           91 |    11 |            15
           91 |    12 |            12
           91 |    13 |            21
           91 |    14 |            38
           91 |    15 |            71
           91 |    16 |            93
           91 |    17 |           143
           91 |    18 |           127
           91 |    19 |             0
           91 |    20 |             0
----------------------------------
           92 |     0 |           187
           92 |     1 |            74
           92 |     2 |            41
           92 |     3 |            36
           92 |     4 |            31
           92 |     5 |            27
           92 |     6 |            16
           92 |     7 |            16
           92 |     8 |            14
           92 |     9 |            17
           92 |    10 |            20
           92 |    11 |            34
           92 |    12 |            53
           92 |    13 |            49
           92 |    14 |            78
           92 |    15 |           120
           92 |    16 |           169
           92 |    17 |           202
           92 |    18 |           196
           92 |    19 |             0
           92 |    20 |             0
----------------------------------
           93 |     0 |           189
           93 |     1 |           111
           93 |     2 |            57
           93 |     3 |            47
           93 |     4 |            32
           93 |     5 |            21
           93 |     6 |            19
           93 |     7 |            25
           93 |     8 |            16
           93 |     9 |            23
           93 |    10 |            20
           93 |    11 |            28
           93 |    12 |            37
           93 |    13 |            61
           93 |    14 |            95
           93 |    15 |           174
           93 |    16 |           206
           93 |    17 |           267
           93 |    18 |           246
           93 |    19 |             0
           93 |    20 |             0
----------------------------------
           94 |     0 |            97
           94 |     1 |            64
           94 |     2 |            37
           94 |     3 |            25
           94 |     4 |            18
           94 |     5 |            16
           94 |     6 |            13
           94 |     7 |            11
           94 |     8 |            12
           94 |     9 |            18
           94 |    10 |            10
           94 |    11 |            12
           94 |    12 |            17
           94 |    13 |            18
           94 |    14 |            31
           94 |    15 |            60
           94 |    16 |            96
           94 |    17 |           145
           94 |    18 |           146
           94 |    19 |             0
           94 |    20 |             0
----------------------------------
           95 |     0 |           197
           95 |     1 |            78
           95 |     2 |            55
           95 |     3 |            40
           95 |     4 |            28
           95 |     5 |            29
           95 |     6 |            26
           95 |     7 |            23
           95 |     8 |            27
           95 |     9 |            21
           95 |    10 |            30
           95 |    11 |            30
           95 |    12 |            51
           95 |    13 |            57
           95 |    14 |            82
           95 |    15 |           134
           95 |    16 |           168
           95 |    17 |           220
           95 |    18 |           224
           95 |    19 |             0
           95 |    20 |             0
----------------------------------
           96 |     0 |            78
           96 |     1 |            39
           96 |     2 |            27
           96 |     3 |            12
           96 |     4 |             9
           96 |     5 |            10
           96 |     6 |             7
           96 |     7 |             9
           96 |     8 |             9
           96 |     9 |             9
           96 |    10 |            14
           96 |    11 |            12
           96 |    12 |            22
           96 |    13 |            23
           96 |    14 |            39
           96 |    15 |            70
           96 |    16 |            92
           96 |    17 |           103
           96 |    18 |            88
           96 |    19 |             0
           96 |    20 |             0
----------------------------------
           97 |     0 |           152
           97 |     1 |            77
           97 |     2 |            34
           97 |     3 |            23
           97 |     4 |            21
           97 |     5 |            10
           97 |     6 |            13
           97 |     7 |            18
           97 |     8 |             9
           97 |     9 |            15
           97 |    10 |            14
           97 |    11 |            31
           97 |    12 |            34
           97 |    13 |            63
           97 |    14 |            88
           97 |    15 |           124
           97 |    16 |           149
           97 |    17 |           186
           97 |    18 |           200
           97 |    19 |             0
           97 |    20 |             0
----------------------------------
           98 |     0 |           122
           98 |     1 |            77
           98 |     2 |            38
           98 |     3 |            24
           98 |     4 |            19
           98 |     5 |            18
           98 |     6 |            16
           98 |     7 |            15
           98 |     8 |            14
           98 |     9 |            18
           98 |    10 |            39
           98 |    11 |            38
           98 |    12 |            43
           98 |    13 |            38
           98 |    14 |            58
           98 |    15 |            70
           98 |    16 |           128
           98 |    17 |           160
           98 |    18 |           143
           98 |    19 |             0
           98 |    20 |             0
----------------------------------
           99 |     0 |           232
           99 |     1 |           106
           99 |     2 |            62
           99 |     3 |            45
           99 |     4 |            23
           99 |     5 |            23
           99 |     6 |            22
           99 |     7 |            36
           99 |     8 |            30
           99 |     9 |            42
           99 |    10 |            42
           99 |    11 |            52
           99 |    12 |            61
           99 |    13 |            96
           99 |    14 |           139
           99 |    15 |           192
           99 |    16 |           257
           99 |    17 |           318
           99 |    18 |           301
           99 |    19 |             0
           99 |    20 |             0
----------------------------------
          100 |     0 |           143
          100 |     1 |            76
          100 |     2 |            29
          100 |     3 |            16
          100 |     4 |            15
          100 |     5 |            11
          100 |     6 |            18
          100 |     7 |            14
          100 |     8 |            19
          100 |     9 |            22
          100 |    10 |            21
          100 |    11 |            29
          100 |    12 |            48
          100 |    13 |            46
          100 |    14 |            64
          100 |    15 |            83
          100 |    16 |           129
          100 |    17 |           188
          100 |    18 |           229
          100 |    19 |             0
          100 |    20 |             0
----------------------------------
          101 |     0 |           103
          101 |     1 |            58
          101 |     2 |            29
          101 |     3 |            18
          101 |     4 |            10
          101 |     5 |             6
          101 |     6 |             4
          101 |     7 |             3
          101 |     8 |             6
          101 |     9 |            15
          101 |    10 |            12
          101 |    11 |            17
          101 |    12 |            23
          101 |    13 |            27
          101 |    14 |            41
          101 |    15 |            53
          101 |    16 |            86
          101 |    17 |           138
          101 |    18 |           159
          101 |    19 |             0
          101 |    20 |             0
----------------------------------
          102 |     0 |           139
          102 |     1 |            73
          102 |     2 |            41
          102 |     3 |            30
          102 |     4 |            16
          102 |     5 |            10
          102 |     6 |             9
          102 |     7 |             7
          102 |     8 |            10
          102 |     9 |            20
          102 |    10 |            20
          102 |    11 |            28
          102 |    12 |            34
          102 |    13 |            60
          102 |    14 |            97
          102 |    15 |           130
          102 |    16 |           171
          102 |    17 |           168
          102 |    18 |           161
          102 |    19 |             0
          102 |    20 |             0
----------------------------------
          103 |     0 |            67
          103 |     1 |            25
          103 |     2 |            25
          103 |     3 |            16
          103 |     4 |            11
          103 |     5 |            10
          103 |     6 |            11
          103 |     7 |             7
          103 |     8 |             4
          103 |     9 |             3
          103 |    10 |             8
          103 |    11 |            10
          103 |    12 |            21
          103 |    13 |            34
          103 |    14 |            43
          103 |    15 |            62
          103 |    16 |            74
          103 |    17 |            96
          103 |    18 |            91
          103 |    19 |             0
          103 |    20 |             0
----------------------------------
          104 |     0 |           119
          104 |     1 |            64
          104 |     2 |            37
          104 |     3 |            20
          104 |     4 |            22
          104 |     5 |            15
          104 |     6 |            10
          104 |     7 |            11
          104 |     8 |             6
          104 |     9 |            13
          104 |    10 |            17
          104 |    11 |            21
          104 |    12 |            32
          104 |    13 |            49
          104 |    14 |            64
          104 |    15 |            88
          104 |    16 |           156
          104 |    17 |           161
          104 |    18 |           135
          104 |    19 |             0
          104 |    20 |             0
----------------------------------
          105 |     0 |            79
          105 |     1 |            46
          105 |     2 |            24
          105 |     3 |            17
          105 |     4 |            13
          105 |     5 |            11
          105 |     6 |            11
          105 |     7 |            12
          105 |     8 |             7
          105 |     9 |            10
          105 |    10 |            12
          105 |    11 |            21
          105 |    12 |            19
          105 |    13 |            37
          105 |    14 |            45
          105 |    15 |            61
          105 |    16 |            92
          105 |    17 |           117
          105 |    18 |           101
          105 |    19 |             0
          105 |    20 |             0
----------------------------------
          106 |     0 |            59
          106 |     1 |            26
          106 |     2 |            14
          106 |     3 |            10
          106 |     4 |             8
          106 |     5 |             6
          106 |     6 |             6
          106 |     7 |             4
          106 |     8 |             7
          106 |     9 |             8
          106 |    10 |            11
          106 |    11 |             2
          106 |    12 |             3
          106 |    13 |            17
          106 |    14 |            33
          106 |    15 |            61
          106 |    16 |            79
          106 |    17 |            94
          106 |    18 |            82
          106 |    19 |             0
          106 |    20 |             0
----------------------------------
          107 |     0 |            64
          107 |     1 |            33
          107 |     2 |            26
          107 |     3 |            21
          107 |     4 |             9
          107 |     5 |             6
          107 |     6 |             7
          107 |     7 |             7
          107 |     8 |            10
          107 |     9 |             8
          107 |    10 |            14
          107 |    11 |            29
          107 |    12 |            34
          107 |    13 |            34
          107 |    14 |            57
          107 |    15 |            63
          107 |    16 |            73
          107 |    17 |            87
          107 |    18 |            60
          107 |    19 |             0
          107 |    20 |             0
----------------------------------
          108 |     0 |            39
          108 |     1 |            21
          108 |     2 |            15
          108 |     3 |             9
          108 |     4 |             8
          108 |     5 |             8
          108 |     6 |             9
          108 |     7 |             5
          108 |     8 |             7
          108 |     9 |            17
          108 |    10 |            10
          108 |    11 |            17
          108 |    12 |            22
          108 |    13 |            37
          108 |    14 |            43
          108 |    15 |            44
          108 |    16 |            38
          108 |    17 |            47
          108 |    18 |            36
          108 |    19 |             0
          108 |    20 |             0
----------------------------------
          109 |     0 |            76
          109 |     1 |            55
          109 |     2 |            32
          109 |     3 |            23
          109 |     4 |            19
          109 |     5 |            16
          109 |     6 |            19
          109 |     7 |            23
          109 |     8 |            16
          109 |     9 |            21
          109 |    10 |            23
          109 |    11 |            19
          109 |    12 |            34
          109 |    13 |            42
          109 |    14 |            64
          109 |    15 |            81
          109 |    16 |           105
          109 |    17 |           113
          109 |    18 |            91
          109 |    19 |             0
          109 |    20 |             0
----------------------------------
          110 |     0 |            82
          110 |     1 |            52
          110 |     2 |            22
          110 |     3 |            11
          110 |     4 |            10
          110 |     5 |             7
          110 |     6 |             4
          110 |     7 |             9
          110 |     8 |            20
          110 |     9 |            21
          110 |    10 |            31
          110 |    11 |            28
          110 |    12 |            25
          110 |    13 |            51
          110 |    14 |            60
          110 |    15 |            89
          110 |    16 |           100
          110 |    17 |           126
          110 |    18 |           132
          110 |    19 |             0
          110 |    20 |             0
----------------------------------
          111 |     0 |            44
          111 |     1 |            20
          111 |     2 |             7
          111 |     3 |             5
          111 |     4 |             9
          111 |     5 |             3
          111 |     6 |            10
          111 |     7 |             5
          111 |     8 |             7
          111 |     9 |             7
          111 |    10 |             8
          111 |    11 |             9
          111 |    12 |            10
          111 |    13 |            31
          111 |    14 |            44
          111 |    15 |            57
          111 |    16 |            62
          111 |    17 |            65
          111 |    18 |            41
          111 |    19 |             0
          111 |    20 |             0
----------------------------------
          112 |     0 |            74
          112 |     1 |            37
          112 |     2 |            16
          112 |     3 |             5
          112 |     4 |             6
          112 |     5 |             6
          112 |     6 |             4
          112 |     7 |             8
          112 |     8 |            10
          112 |     9 |             9
          112 |    10 |            20
          112 |    11 |            20
          112 |    12 |            27
          112 |    13 |            59
          112 |    14 |            61
          112 |    15 |            69
          112 |    16 |            84
          112 |    17 |            80
          112 |    18 |            77
          112 |    19 |             0
          112 |    20 |             0
----------------------------------
          113 |     0 |            34
          113 |     1 |            21
          113 |     2 |             9
          113 |     3 |             7
          113 |     4 |            11
          113 |     5 |             7
          113 |     6 |             5
          113 |     7 |             3
          113 |     8 |             4
          113 |     9 |             6
          113 |    10 |             6
          113 |    11 |             8
          113 |    12 |            13
          113 |    13 |            13
          113 |    14 |            28
          113 |    15 |            30
          113 |    16 |            41
          113 |    17 |            45
          113 |    18 |            48
          113 |    19 |             0
          113 |    20 |             0
----------------------------------
          114 |     0 |            45
          114 |     1 |            18
          114 |     2 |            11
          114 |     3 |             6
          114 |     4 |             6
          114 |     5 |             2
          114 |     6 |             2
          114 |     7 |             5
          114 |     8 |            10
          114 |     9 |            13
          114 |    10 |            18
          114 |    11 |            20
          114 |    12 |            14
          114 |    13 |            19
          114 |    14 |            38
          114 |    15 |            58
          114 |    16 |            59
          114 |    17 |            68
          114 |    18 |            44
          114 |    19 |             0
          114 |    20 |             0
----------------------------------
----------------------------------
          116 |     0 |            36
          116 |     1 |            18
          116 |     2 |             4
          116 |     3 |            10
          116 |     4 |            13
          116 |     5 |            10
          116 |     6 |            10
          116 |     7 |            11
          116 |     8 |            13
          116 |     9 |            10
          116 |    10 |            17
          116 |    11 |            14
          116 |    12 |             6
          116 |    13 |             6
          116 |    14 |            23
          116 |    15 |            34
          116 |    16 |            38
          116 |    17 |            28
          116 |    18 |            47
          116 |    19 |             0
          116 |    20 |             0
----------------------------------
          117 |     0 |             9
          117 |     1 |             4
          117 |     2 |             8
          117 |     3 |             1
          117 |     4 |             1
          117 |     5 |             0
          117 |     6 |             1
          117 |     7 |             0
          117 |     8 |             0
          117 |     9 |             1
          117 |    10 |             1
          117 |    11 |             1
          117 |    12 |             2
          117 |    13 |             7
          117 |    14 |            10
          117 |    15 |            23
          117 |    16 |            16
          117 |    17 |            16
          117 |    18 |            16
          117 |    19 |             0
          117 |    20 |             0
----------------------------------
          118 |     0 |             6
          118 |     1 |             6
          118 |     2 |             5
          118 |     3 |             3
          118 |     4 |             1
          118 |     5 |             4
          118 |     6 |             5
          118 |     7 |             4
          118 |     8 |             2
          118 |     9 |             1
          118 |    10 |             4
          118 |    11 |             2
          118 |    12 |             7
          118 |    13 |            13
          118 |    14 |            11
          118 |    15 |            10
          118 |    16 |            13
          118 |    17 |            15
          118 |    18 |             6
          118 |    19 |             0
          118 |    20 |             0
----------------------------------
          119 |     0 |            28
          119 |     1 |             8
          119 |     2 |             3
          119 |     3 |             4
          119 |     4 |             3
          119 |     5 |             0
          119 |     6 |             1
          119 |     7 |             2
          119 |     8 |             6
          119 |     9 |             6
          119 |    10 |             9
          119 |    11 |            10
          119 |    12 |            15
          119 |    13 |            21
          119 |    14 |            24
          119 |    15 |            19
          119 |    16 |            27
          119 |    17 |            34
          119 |    18 |            18
          119 |    19 |             0
          119 |    20 |             0
----------------------------------
          120 |     0 |            72
          120 |     1 |            33
          120 |     2 |            18
          120 |     3 |            16
          120 |     4 |             6
          120 |     5 |             9
          120 |     6 |            15
          120 |     7 |            14
          120 |     8 |            23
          120 |     9 |            22
          120 |    10 |            24
          120 |    11 |            24
          120 |    12 |            29
          120 |    13 |            40
          120 |    14 |            53
          120 |    15 |            65
          120 |    16 |            93
          120 |    17 |            91
          120 |    18 |            73
          120 |    19 |             0
          120 |    20 |             0
----------------------------------
          121 |     0 |            19
          121 |     1 |             9
          121 |     2 |             8
          121 |     3 |             2
          121 |     4 |             4
          121 |     5 |             3
          121 |     6 |             4
          121 |     7 |             1
          121 |     8 |             2
          121 |     9 |             3
          121 |    10 |             8
          121 |    11 |            10
          121 |    12 |            17
          121 |    13 |            18
          121 |    14 |            21
          121 |    15 |            22
          121 |    16 |            28
          121 |    17 |            31
          121 |    18 |            32
          121 |    19 |             0
          121 |    20 |             0
----------------------------------
          122 |     0 |            17
          122 |     1 |            11
          122 |     2 |             9
          122 |     3 |             9
          122 |     4 |             8
          122 |     5 |             6
          122 |     6 |             5
          122 |     7 |             7
          122 |     8 |            10
          122 |     9 |            19
          122 |    10 |            15
          122 |    11 |            13
          122 |    12 |            18
          122 |    13 |            18
          122 |    14 |            17
          122 |    15 |            17
          122 |    16 |            15
          122 |    17 |            17
          122 |    18 |            13
          122 |    19 |             0
          122 |    20 |             0
----------------------------------
          123 |     0 |            29
          123 |     1 |            14
          123 |     2 |            16
          123 |     3 |             8
          123 |     4 |             5
          123 |     5 |             1
          123 |     6 |             2
          123 |     7 |             3
          123 |     8 |             4
          123 |     9 |            13
          123 |    10 |             8
          123 |    11 |             9
          123 |    12 |            18
          123 |    13 |            24
          123 |    14 |            28
          123 |    15 |            48
          123 |    16 |            49
          123 |    17 |            50
          123 |    18 |            40
          123 |    19 |             0
          123 |    20 |             0
----------------------------------
----------------------------------
          125 |     0 |            25
          125 |     1 |            10
          125 |     2 |             5
          125 |     3 |             6
          125 |     4 |             7
          125 |     5 |             3
          125 |     6 |             5
          125 |     7 |             6
          125 |     8 |             3
          125 |     9 |             4
          125 |    10 |             2
          125 |    11 |             4
          125 |    12 |            10
          125 |    13 |            15
          125 |    14 |            14
          125 |    15 |            25
          125 |    16 |            34
          125 |    17 |            41
          125 |    18 |            31
          125 |    19 |             0
          125 |    20 |             0
----------------------------------
----------------------------------
          127 |     0 |            11
          127 |     1 |             6
          127 |     2 |             5
          127 |     3 |             7
          127 |     4 |             1
          127 |     5 |             6
          127 |     6 |             3
          127 |     7 |             2
          127 |     8 |             4
          127 |     9 |             2
          127 |    10 |             2
          127 |    11 |             3
          127 |    12 |             4
          127 |    13 |             9
          127 |    14 |            10
          127 |    15 |             8
          127 |    16 |            12
          127 |    17 |            19
          127 |    18 |            13
          127 |    19 |             0
          127 |    20 |             0
----------------------------------
          128 |     0 |            12
          128 |     1 |             7
          128 |     2 |             3
          128 |     3 |             0
          128 |     4 |             0
          128 |     5 |             0
          128 |     6 |             1
          128 |     7 |             1
          128 |     8 |             2
          128 |     9 |             4
          128 |    10 |             3
          128 |    11 |             4
          128 |    12 |             9
          128 |    13 |             7
          128 |    14 |             5
          128 |    15 |            14
          128 |    16 |            11
          128 |    17 |            18
          128 |    18 |            27
          128 |    19 |             0
          128 |    20 |             0
----------------------------------
----------------------------------
----------------------------------
----------------------------------
----------------------------------
          133 |     0 |             7
          133 |     1 |             4
          133 |     2 |            10
          133 |     3 |             7
          133 |     4 |             6
          133 |     5 |             6
          133 |     6 |             5
          133 |     7 |             2
          133 |     8 |             4
          133 |     9 |             4
          133 |    10 |             7
          133 |    11 |             7
          133 |    12 |             3
          133 |    13 |             3
          133 |    14 |             6
          133 |    15 |             6
          133 |    16 |            13
          133 |    17 |            20
          133 |    18 |            13
          133 |    19 |             0
          133 |    20 |             0
----------------------------------
----------------------------------
----------------------------------
----------------------------------
----------------------------------
          138 |     0 |            12
          138 |     1 |             5
          138 |     2 |             1
          138 |     3 |             3
          138 |     4 |             3
          138 |     5 |             5
          138 |     6 |             3
          138 |     7 |             4
          138 |     8 |             4
          138 |     9 |             4
          138 |    10 |             9
          138 |    11 |             8
          138 |    12 |             8
          138 |    13 |             9
          138 |    14 |            11
          138 |    15 |            11
          138 |    16 |            10
          138 |    17 |            13
          138 |    18 |            15
          138 |    19 |             0
          138 |    20 |             0
----------------------------------
----------------------------------
----------------------------------
          141 |     0 |             8
          141 |     1 |             3
          141 |     2 |             3
          141 |     3 |             2
          141 |     4 |             4
          141 |     5 |             4
          141 |     6 |             5
          141 |     7 |             6
          141 |     8 |             5
          141 |     9 |             2
          141 |    10 |             1
          141 |    11 |             7
          141 |    12 |             4
          141 |    13 |             6
          141 |    14 |            12
          141 |    15 |             8
          141 |    16 |            19
          141 |    17 |            22
          141 |    18 |            20
          141 |    19 |             0
          141 |    20 |             0
----------------------------------
----------------------------------
----------------------------------
----------------------------------
----------------------------------
----------------------------------
----------------------------------
----------------------------------
----------------------------------
----------------------------------
----------------------------------
----------------------------------
----------------------------------
----------------------------------
----------------------------------
----------------------------------
----------------------------------
----------------------------------
----------------------------------
----------------------------------
----------------------------------
----------------------------------
----------------------------------
----------------------------------
----------------------------------
----------------------------------
----------------------------------
----------------------------------
----------------------------------
----------------------------------
----------------------------------
----------------------------------
----------------------------------
----------------------------------
----------------------------------
----------------------------------
----------------------------------
----------------------------------
----------------------------------
----------------------------------
----------------------------------
----------------------------------
----------------------------------
----------------------------------
----------------------------------
----------------------------------
----------------------------------
----------------------------------
----------------------------------
----------------------------------
