MinCut number | RSize | Number of cuts
----------------------------------
----------------------------------
----------------------------------
----------------------------------
----------------------------------
----------------------------------
----------------------------------
----------------------------------
----------------------------------
----------------------------------
----------------------------------
----------------------------------
----------------------------------
----------------------------------
           33 |     0 |            12
           33 |     1 |             5
           33 |     2 |             2
           33 |     3 |             0
           33 |     4 |             0
           33 |     5 |             1
           33 |     6 |             0
           33 |     7 |             0
           33 |     8 |             0
           33 |     9 |             0
           33 |    10 |             0
           33 |    11 |             0
           33 |    12 |             0
           33 |    13 |             0
           33 |    14 |             0
           33 |    15 |             1
           33 |    16 |             0
           33 |    17 |             5
           33 |    18 |             7
           33 |    19 |             0
           33 |    20 |             0
----------------------------------
           34 |     0 |            13
           34 |     1 |             4
           34 |     2 |             3
           34 |     3 |             1
           34 |     4 |             1
           34 |     5 |             1
           34 |     6 |             0
           34 |     7 |             1
           34 |     8 |             0
           34 |     9 |             0
           34 |    10 |             0
           34 |    11 |             0
           34 |    12 |             2
           34 |    13 |             0
           34 |    14 |             0
           34 |    15 |             5
           34 |    16 |             0
           34 |    17 |             1
           34 |    18 |             2
           34 |    19 |             0
           34 |    20 |             0
----------------------------------
----------------------------------
----------------------------------
----------------------------------
           38 |     0 |            52
           38 |     1 |            18
           38 |     2 |             6
           38 |     3 |             2
           38 |     4 |             0
           38 |     5 |             0
           38 |     6 |             1
           38 |     7 |             0
           38 |     8 |             0
           38 |     9 |             0
           38 |    10 |             0
           38 |    11 |             1
           38 |    12 |             0
           38 |    13 |             0
           38 |    14 |             0
           38 |    15 |             3
           38 |    16 |            10
           38 |    17 |            17
           38 |    18 |            42
           38 |    19 |             0
           38 |    20 |             0
----------------------------------
----------------------------------
           40 |     0 |            27
           40 |     1 |             9
           40 |     2 |             2
           40 |     3 |             0
           40 |     4 |             0
           40 |     5 |             0
           40 |     6 |             0
           40 |     7 |             0
           40 |     8 |             0
           40 |     9 |             1
           40 |    10 |             1
           40 |    11 |             0
           40 |    12 |             0
           40 |    13 |             1
           40 |    14 |             2
           40 |    15 |             0
           40 |    16 |             2
           40 |    17 |            16
           40 |    18 |            19
           40 |    19 |             0
           40 |    20 |             0
----------------------------------
           41 |     0 |            32
           41 |     1 |            10
           41 |     2 |            12
           41 |     3 |             8
           41 |     4 |             6
           41 |     5 |             3
           41 |     6 |             1
           41 |     7 |             1
           41 |     8 |             0
           41 |     9 |             2
           41 |    10 |             1
           41 |    11 |             0
           41 |    12 |             2
           41 |    13 |             4
           41 |    14 |             5
           41 |    15 |             4
           41 |    16 |             3
           41 |    17 |             7
           41 |    18 |            22
           41 |    19 |             0
           41 |    20 |             0
----------------------------------
           42 |     0 |            30
           42 |     1 |             7
           42 |     2 |             5
           42 |     3 |             3
           42 |     4 |             0
           42 |     5 |             0
           42 |     6 |             0
           42 |     7 |             0
           42 |     8 |             0
           42 |     9 |             0
           42 |    10 |             1
           42 |    11 |             0
           42 |    12 |             0
           42 |    13 |             0
           42 |    14 |             1
           42 |    15 |             1
           42 |    16 |             1
           42 |    17 |            13
           42 |    18 |            22
           42 |    19 |             0
           42 |    20 |             0
----------------------------------
           43 |     0 |            33
           43 |     1 |            14
           43 |     2 |            12
           43 |     3 |             7
           43 |     4 |             2
           43 |     5 |             1
           43 |     6 |             0
           43 |     7 |             0
           43 |     8 |             0
           43 |     9 |             1
           43 |    10 |             1
           43 |    11 |             0
           43 |    12 |             0
           43 |    13 |             0
           43 |    14 |             0
           43 |    15 |             1
           43 |    16 |             2
           43 |    17 |            26
           43 |    18 |            29
           43 |    19 |             0
           43 |    20 |             0
----------------------------------
           44 |     0 |            57
           44 |     1 |            14
           44 |     2 |             6
           44 |     3 |             2
           44 |     4 |             1
           44 |     5 |             0
           44 |     6 |             0
           44 |     7 |             1
           44 |     8 |             0
           44 |     9 |             0
           44 |    10 |             0
           44 |    11 |             0
           44 |    12 |             1
           44 |    13 |             2
           44 |    14 |             1
           44 |    15 |             6
           44 |    16 |            14
           44 |    17 |            18
           44 |    18 |            53
           44 |    19 |             0
           44 |    20 |             0
----------------------------------
           45 |     0 |            23
           45 |     1 |             9
           45 |     2 |             3
           45 |     3 |             2
           45 |     4 |             1
           45 |     5 |             0
           45 |     6 |             3
           45 |     7 |             3
           45 |     8 |             1
           45 |     9 |             0
           45 |    10 |             0
           45 |    11 |             0
           45 |    12 |             0
           45 |    13 |             2
           45 |    14 |             0
           45 |    15 |             1
           45 |    16 |             6
           45 |    17 |             8
           45 |    18 |            28
           45 |    19 |             0
           45 |    20 |             0
----------------------------------
           46 |     0 |            35
           46 |     1 |            11
           46 |     2 |             9
           46 |     3 |             4
           46 |     4 |             0
           46 |     5 |             0
           46 |     6 |             0
           46 |     7 |             0
           46 |     8 |             0
           46 |     9 |             0
           46 |    10 |             0
           46 |    11 |             0
           46 |    12 |             0
           46 |    13 |             0
           46 |    14 |             0
           46 |    15 |             2
           46 |    16 |            13
           46 |    17 |             5
           46 |    18 |            59
           46 |    19 |             0
           46 |    20 |             0
----------------------------------
           47 |     0 |            59
           47 |     1 |            28
           47 |     2 |            18
           47 |     3 |            10
           47 |     4 |             3
           47 |     5 |             5
           47 |     6 |             2
           47 |     7 |             2
           47 |     8 |             1
           47 |     9 |             0
           47 |    10 |             0
           47 |    11 |             0
           47 |    12 |             1
           47 |    13 |             0
           47 |    14 |             1
           47 |    15 |             4
           47 |    16 |            13
           47 |    17 |            47
           47 |    18 |            88
           47 |    19 |             0
           47 |    20 |             0
----------------------------------
           48 |     0 |            65
           48 |     1 |            25
           48 |     2 |            14
           48 |     3 |            10
           48 |     4 |             7
           48 |     5 |             2
           48 |     6 |             1
           48 |     7 |             0
           48 |     8 |             4
           48 |     9 |             2
           48 |    10 |             1
           48 |    11 |             1
           48 |    12 |             2
           48 |    13 |             3
           48 |    14 |             4
           48 |    15 |             5
           48 |    16 |            13
           48 |    17 |            35
           48 |    18 |            94
           48 |    19 |             0
           48 |    20 |             0
----------------------------------
           49 |     0 |            72
           49 |     1 |            33
           49 |     2 |            13
           49 |     3 |             5
           49 |     4 |             3
           49 |     5 |             0
           49 |     6 |             1
           49 |     7 |             2
           49 |     8 |             0
           49 |     9 |             0
           49 |    10 |             1
           49 |    11 |             1
           49 |    12 |             2
           49 |    13 |             1
           49 |    14 |             4
           49 |    15 |             9
           49 |    16 |            26
           49 |    17 |            33
           49 |    18 |            88
           49 |    19 |             0
           49 |    20 |             0
----------------------------------
           50 |     0 |            88
           50 |     1 |            50
           50 |     2 |            19
           50 |     3 |            13
           50 |     4 |             6
           50 |     5 |             2
           50 |     6 |             3
           50 |     7 |             0
           50 |     8 |             1
           50 |     9 |             1
           50 |    10 |             0
           50 |    11 |             1
           50 |    12 |             0
           50 |    13 |             6
           50 |    14 |            13
           50 |    15 |            12
           50 |    16 |            18
           50 |    17 |            57
           50 |    18 |           110
           50 |    19 |             0
           50 |    20 |             0
----------------------------------
           51 |     0 |            85
           51 |     1 |            35
           51 |     2 |            19
           51 |     3 |             6
           51 |     4 |             3
           51 |     5 |             2
           51 |     6 |             2
           51 |     7 |             0
           51 |     8 |             3
           51 |     9 |             1
           51 |    10 |             1
           51 |    11 |             1
           51 |    12 |            11
           51 |    13 |             0
           51 |    14 |             6
           51 |    15 |             7
           51 |    16 |            29
           51 |    17 |            64
           51 |    18 |            82
           51 |    19 |             0
           51 |    20 |             0
----------------------------------
           52 |     0 |           150
           52 |     1 |            72
           52 |     2 |            21
           52 |     3 |            13
           52 |     4 |            17
           52 |     5 |             7
           52 |     6 |             7
           52 |     7 |             4
           52 |     8 |             2
           52 |     9 |             7
           52 |    10 |             8
           52 |    11 |             1
           52 |    12 |             4
           52 |    13 |             9
           52 |    14 |             4
           52 |    15 |             7
           52 |    16 |            27
           52 |    17 |           109
           52 |    18 |           207
           52 |    19 |             0
           52 |    20 |             0
----------------------------------
           53 |     0 |           130
           53 |     1 |            58
           53 |     2 |            26
           53 |     3 |            15
           53 |     4 |             7
           53 |     5 |             4
           53 |     6 |             9
           53 |     7 |             6
           53 |     8 |             6
           53 |     9 |             1
           53 |    10 |             1
           53 |    11 |             2
           53 |    12 |             6
           53 |    13 |             4
           53 |    14 |            14
           53 |    15 |            16
           53 |    16 |            29
           53 |    17 |            80
           53 |    18 |           169
           53 |    19 |             0
           53 |    20 |             0
----------------------------------
           54 |     0 |           208
           54 |     1 |            87
           54 |     2 |            34
           54 |     3 |            26
           54 |     4 |            15
           54 |     5 |             5
           54 |     6 |             5
           54 |     7 |             5
           54 |     8 |             2
           54 |     9 |             4
           54 |    10 |             1
           54 |    11 |             4
           54 |    12 |             3
           54 |    13 |            11
           54 |    14 |            12
           54 |    15 |            41
           54 |    16 |            54
           54 |    17 |           128
           54 |    18 |           327
           54 |    19 |             0
           54 |    20 |             0
----------------------------------
           55 |     0 |           218
           55 |     1 |            90
           55 |     2 |            39
           55 |     3 |            17
           55 |     4 |             8
           55 |     5 |             3
           55 |     6 |             3
           55 |     7 |             5
           55 |     8 |             5
           55 |     9 |            13
           55 |    10 |             4
           55 |    11 |             4
           55 |    12 |             4
           55 |    13 |             4
           55 |    14 |            11
           55 |    15 |            23
           55 |    16 |            47
           55 |    17 |           164
           55 |    18 |           328
           55 |    19 |             0
           55 |    20 |             0
----------------------------------
           56 |     0 |           176
           56 |     1 |            61
           56 |     2 |            25
           56 |     3 |             9
           56 |     4 |             2
           56 |     5 |             2
           56 |     6 |             1
           56 |     7 |             1
           56 |     8 |             1
           56 |     9 |             0
           56 |    10 |             3
           56 |    11 |             1
           56 |    12 |             1
           56 |    13 |             3
           56 |    14 |             5
           56 |    15 |            17
           56 |    16 |            40
           56 |    17 |           120
           56 |    18 |           260
           56 |    19 |             0
           56 |    20 |             0
----------------------------------
           57 |     0 |           243
           57 |     1 |            74
           57 |     2 |            28
           57 |     3 |            21
           57 |     4 |             8
           57 |     5 |             7
           57 |     6 |             3
           57 |     7 |             1
           57 |     8 |             2
           57 |     9 |             1
           57 |    10 |             2
           57 |    11 |             2
           57 |    12 |             1
           57 |    13 |             7
           57 |    14 |            19
           57 |    15 |            55
           57 |    16 |            82
           57 |    17 |           179
           57 |    18 |           291
           57 |    19 |             0
           57 |    20 |             0
----------------------------------
           58 |     0 |           218
           58 |     1 |            69
           58 |     2 |            36
           58 |     3 |            24
           58 |     4 |            15
           58 |     5 |             4
           58 |     6 |             4
           58 |     7 |             6
           58 |     8 |            11
           58 |     9 |             3
           58 |    10 |             2
           58 |    11 |             1
           58 |    12 |             5
           58 |    13 |             8
           58 |    14 |            18
           58 |    15 |            45
           58 |    16 |            59
           58 |    17 |           178
           58 |    18 |           280
           58 |    19 |             0
           58 |    20 |             0
----------------------------------
           59 |     0 |           127
           59 |     1 |            51
           59 |     2 |            19
           59 |     3 |             9
           59 |     4 |             8
           59 |     5 |             3
           59 |     6 |             0
           59 |     7 |             3
           59 |     8 |             2
           59 |     9 |             1
           59 |    10 |             1
           59 |    11 |             2
           59 |    12 |             1
           59 |    13 |             2
           59 |    14 |             0
           59 |    15 |            16
           59 |    16 |            50
           59 |    17 |           121
           59 |    18 |           174
           59 |    19 |             0
           59 |    20 |             0
----------------------------------
           60 |     0 |           280
           60 |     1 |           100
           60 |     2 |            45
           60 |     3 |            20
           60 |     4 |             8
           60 |     5 |             9
           60 |     6 |             7
           60 |     7 |            13
           60 |     8 |            10
           60 |     9 |            15
           60 |    10 |             8
           60 |    11 |            13
           60 |    12 |            14
           60 |    13 |            16
           60 |    14 |            32
           60 |    15 |            60
           60 |    16 |            90
           60 |    17 |           201
           60 |    18 |           379
           60 |    19 |             0
           60 |    20 |             0
----------------------------------
           61 |     0 |           346
           61 |     1 |           133
           61 |     2 |            58
           61 |     3 |            30
           61 |     4 |            25
           61 |     5 |            11
           61 |     6 |             4
           61 |     7 |             7
           61 |     8 |             9
           61 |     9 |             6
           61 |    10 |             3
           61 |    11 |             8
           61 |    12 |             9
           61 |    13 |            16
           61 |    14 |            34
           61 |    15 |            69
           61 |    16 |           115
           61 |    17 |           291
           61 |    18 |           534
           61 |    19 |             0
           61 |    20 |             0
----------------------------------
           62 |     0 |           264
           62 |     1 |           118
           62 |     2 |            47
           62 |     3 |            21
           62 |     4 |            13
           62 |     5 |             6
           62 |     6 |             7
           62 |     7 |             7
           62 |     8 |             0
           62 |     9 |             4
           62 |    10 |             4
           62 |    11 |             5
           62 |    12 |             6
           62 |    13 |             7
           62 |    14 |            23
           62 |    15 |            48
           62 |    16 |            76
           62 |    17 |           236
           62 |    18 |           410
           62 |    19 |             0
           62 |    20 |             0
----------------------------------
           63 |     0 |           157
           63 |     1 |            58
           63 |     2 |            27
           63 |     3 |            11
           63 |     4 |             2
           63 |     5 |             5
           63 |     6 |             3
           63 |     7 |             2
           63 |     8 |             5
           63 |     9 |             4
           63 |    10 |             8
           63 |    11 |             3
           63 |    12 |             5
           63 |    13 |             9
           63 |    14 |            21
           63 |    15 |            25
           63 |    16 |            51
           63 |    17 |           139
           63 |    18 |           221
           63 |    19 |             0
           63 |    20 |             0
----------------------------------
           64 |     0 |           361
           64 |     1 |           154
           64 |     2 |            83
           64 |     3 |            51
           64 |     4 |            33
           64 |     5 |            17
           64 |     6 |            12
           64 |     7 |            15
           64 |     8 |            13
           64 |     9 |             8
           64 |    10 |             5
           64 |    11 |             8
           64 |    12 |            13
           64 |    13 |            31
           64 |    14 |            27
           64 |    15 |            52
           64 |    16 |           164
           64 |    17 |           326
           64 |    18 |           547
           64 |    19 |             0
           64 |    20 |             0
----------------------------------
           65 |     0 |           368
           65 |     1 |           146
           65 |     2 |            65
           65 |     3 |            35
           65 |     4 |            19
           65 |     5 |            16
           65 |     6 |            12
           65 |     7 |             7
           65 |     8 |            10
           65 |     9 |             4
           65 |    10 |             3
           65 |    11 |             7
           65 |    12 |            10
           65 |    13 |            19
           65 |    14 |            18
           65 |    15 |            59
           65 |    16 |           164
           65 |    17 |           351
           65 |    18 |           572
           65 |    19 |             0
           65 |    20 |             0
----------------------------------
           66 |     0 |           173
           66 |     1 |            67
           66 |     2 |            32
           66 |     3 |            13
           66 |     4 |             8
           66 |     5 |             9
           66 |     6 |            10
           66 |     7 |             7
           66 |     8 |             7
           66 |     9 |            12
           66 |    10 |             2
           66 |    11 |             4
           66 |    12 |             6
           66 |    13 |            13
           66 |    14 |            29
           66 |    15 |            55
           66 |    16 |            99
           66 |    17 |           143
           66 |    18 |           235
           66 |    19 |             0
           66 |    20 |             0
----------------------------------
           67 |     0 |           303
           67 |     1 |           127
           67 |     2 |            55
           67 |     3 |            22
           67 |     4 |            15
           67 |     5 |            13
           67 |     6 |            20
           67 |     7 |             6
           67 |     8 |             6
           67 |     9 |            12
           67 |    10 |             9
           67 |    11 |             5
           67 |    12 |             6
           67 |    13 |            12
           67 |    14 |            31
           67 |    15 |            59
           67 |    16 |           160
           67 |    17 |           278
           67 |    18 |           469
           67 |    19 |             0
           67 |    20 |             0
----------------------------------
           68 |     0 |           290
           68 |     1 |           118
           68 |     2 |            51
           68 |     3 |            25
           68 |     4 |            14
           68 |     5 |             7
           68 |     6 |             4
           68 |     7 |             0
           68 |     8 |             4
           68 |     9 |             2
           68 |    10 |             1
           68 |    11 |             3
           68 |    12 |            15
           68 |    13 |            17
           68 |    14 |            37
           68 |    15 |            65
           68 |    16 |           151
           68 |    17 |           285
           68 |    18 |           407
           68 |    19 |             0
           68 |    20 |             0
----------------------------------
           69 |     0 |           267
           69 |     1 |           124
           69 |     2 |            52
           69 |     3 |            21
           69 |     4 |            16
           69 |     5 |            11
           69 |     6 |            14
           69 |     7 |            17
           69 |     8 |            11
           69 |     9 |             8
           69 |    10 |             9
           69 |    11 |            18
           69 |    12 |            19
           69 |    13 |            26
           69 |    14 |            62
           69 |    15 |           107
           69 |    16 |           144
           69 |    17 |           200
           69 |    18 |           392
           69 |    19 |             0
           69 |    20 |             0
----------------------------------
           70 |     0 |           311
           70 |     1 |           116
           70 |     2 |            52
           70 |     3 |            22
           70 |     4 |            20
           70 |     5 |            17
           70 |     6 |            16
           70 |     7 |             9
           70 |     8 |             7
           70 |     9 |             6
           70 |    10 |             3
           70 |    11 |             8
           70 |    12 |             6
           70 |    13 |            13
           70 |    14 |            28
           70 |    15 |            64
           70 |    16 |           168
           70 |    17 |           328
           70 |    18 |           486
           70 |    19 |             0
           70 |    20 |             0
----------------------------------
           71 |     0 |           256
           71 |     1 |           107
           71 |     2 |            62
           71 |     3 |            34
           71 |     4 |            29
           71 |     5 |            26
           71 |     6 |            12
           71 |     7 |            13
           71 |     8 |            13
           71 |     9 |            12
           71 |    10 |             8
           71 |    11 |             9
           71 |    12 |            25
           71 |    13 |            19
           71 |    14 |            34
           71 |    15 |            53
           71 |    16 |           128
           71 |    17 |           234
           71 |    18 |           417
           71 |    19 |             0
           71 |    20 |             0
----------------------------------
           72 |     0 |           284
           72 |     1 |           117
           72 |     2 |            55
           72 |     3 |            36
           72 |     4 |            17
           72 |     5 |            17
           72 |     6 |            14
           72 |     7 |            10
           72 |     8 |            12
           72 |     9 |             8
           72 |    10 |             4
           72 |    11 |            14
           72 |    12 |            19
           72 |    13 |            15
           72 |    14 |            32
           72 |    15 |            83
           72 |    16 |           177
           72 |    17 |           262
           72 |    18 |           480
           72 |    19 |             0
           72 |    20 |             0
----------------------------------
           73 |     0 |           252
           73 |     1 |           127
           73 |     2 |            71
           73 |     3 |            22
           73 |     4 |            10
           73 |     5 |            12
           73 |     6 |             7
           73 |     7 |             8
           73 |     8 |             7
           73 |     9 |             8
           73 |    10 |             2
           73 |    11 |             7
           73 |    12 |             5
           73 |    13 |            13
           73 |    14 |            33
           73 |    15 |            80
           73 |    16 |           178
           73 |    17 |           274
           73 |    18 |           417
           73 |    19 |             0
           73 |    20 |             0
----------------------------------
           74 |     0 |           223
           74 |     1 |            90
           74 |     2 |            39
           74 |     3 |            19
           74 |     4 |            10
           74 |     5 |            10
           74 |     6 |            15
           74 |     7 |            14
           74 |     8 |             7
           74 |     9 |             9
           74 |    10 |            13
           74 |    11 |            16
           74 |    12 |            16
           74 |    13 |            14
           74 |    14 |            42
           74 |    15 |            70
           74 |    16 |           162
           74 |    17 |           206
           74 |    18 |           357
           74 |    19 |             0
           74 |    20 |             0
----------------------------------
           75 |     0 |           227
           75 |     1 |            73
           75 |     2 |            39
           75 |     3 |            13
           75 |     4 |             7
           75 |     5 |             5
           75 |     6 |             2
           75 |     7 |             3
           75 |     8 |             5
           75 |     9 |             7
           75 |    10 |             7
           75 |    11 |             6
           75 |    12 |            23
           75 |    13 |            17
           75 |    14 |            25
           75 |    15 |            62
           75 |    16 |           106
           75 |    17 |           238
           75 |    18 |           335
           75 |    19 |             0
           75 |    20 |             0
----------------------------------
           76 |     0 |           290
           76 |     1 |           109
           76 |     2 |            45
           76 |     3 |            17
           76 |     4 |            11
           76 |     5 |            13
           76 |     6 |             5
           76 |     7 |             4
           76 |     8 |             7
           76 |     9 |             8
           76 |    10 |            11
           76 |    11 |            17
           76 |    12 |            20
           76 |    13 |            35
           76 |    14 |            40
           76 |    15 |            75
           76 |    16 |           203
           76 |    17 |           342
           76 |    18 |           420
           76 |    19 |             0
           76 |    20 |             0
----------------------------------
           77 |     0 |           242
           77 |     1 |            89
           77 |     2 |            49
           77 |     3 |            36
           77 |     4 |            14
           77 |     5 |            10
           77 |     6 |             9
           77 |     7 |             9
           77 |     8 |             7
           77 |     9 |             6
           77 |    10 |             4
           77 |    11 |             8
           77 |    12 |            23
           77 |    13 |            28
           77 |    14 |            55
           77 |    15 |            68
           77 |    16 |           158
           77 |    17 |           295
           77 |    18 |           353
           77 |    19 |             0
           77 |    20 |             0
----------------------------------
           78 |     0 |           364
           78 |     1 |           142
           78 |     2 |            59
           78 |     3 |            35
           78 |     4 |            22
           78 |     5 |            19
           78 |     6 |             9
           78 |     7 |             4
           78 |     8 |            11
           78 |     9 |            14
           78 |    10 |            13
           78 |    11 |            20
           78 |    12 |            23
           78 |    13 |            52
           78 |    14 |            79
           78 |    15 |           140
           78 |    16 |           240
           78 |    17 |           414
           78 |    18 |           602
           78 |    19 |             0
           78 |    20 |             0
----------------------------------
           79 |     0 |           306
           79 |     1 |           126
           79 |     2 |            78
           79 |     3 |            34
           79 |     4 |            30
           79 |     5 |            24
           79 |     6 |            17
           79 |     7 |            11
           79 |     8 |            13
           79 |     9 |             3
           79 |    10 |             9
           79 |    11 |            18
           79 |    12 |            15
           79 |    13 |            32
           79 |    14 |            43
           79 |    15 |            82
           79 |    16 |           186
           79 |    17 |           382
           79 |    18 |           487
           79 |    19 |             0
           79 |    20 |             0
----------------------------------
           80 |     0 |           305
           80 |     1 |           133
           80 |     2 |            80
           80 |     3 |            32
           80 |     4 |            19
           80 |     5 |            13
           80 |     6 |            12
           80 |     7 |             6
           80 |     8 |             7
           80 |     9 |             8
           80 |    10 |            15
           80 |    11 |            18
           80 |    12 |            27
           80 |    13 |            42
           80 |    14 |            97
           80 |    15 |           117
           80 |    16 |           261
           80 |    17 |           394
           80 |    18 |           494
           80 |    19 |             0
           80 |    20 |             0
----------------------------------
           81 |     0 |           363
           81 |     1 |           130
           81 |     2 |            53
           81 |     3 |            21
           81 |     4 |            24
           81 |     5 |            17
           81 |     6 |            11
           81 |     7 |            10
           81 |     8 |            18
           81 |     9 |            13
           81 |    10 |            18
           81 |    11 |            30
           81 |    12 |            37
           81 |    13 |            26
           81 |    14 |            60
           81 |    15 |           120
           81 |    16 |           220
           81 |    17 |           397
           81 |    18 |           619
           81 |    19 |             0
           81 |    20 |             0
----------------------------------
           82 |     0 |           252
           82 |     1 |           114
           82 |     2 |            62
           82 |     3 |            35
           82 |     4 |            23
           82 |     5 |            11
           82 |     6 |             6
           82 |     7 |             6
           82 |     8 |            14
           82 |     9 |            13
           82 |    10 |            13
           82 |    11 |            14
           82 |    12 |            32
           82 |    13 |            61
           82 |    14 |            71
           82 |    15 |           128
           82 |    16 |           186
           82 |    17 |           324
           82 |    18 |           357
           82 |    19 |             0
           82 |    20 |             0
----------------------------------
           83 |     0 |           335
           83 |     1 |           140
           83 |     2 |            57
           83 |     3 |            31
           83 |     4 |            19
           83 |     5 |            23
           83 |     6 |            19
           83 |     7 |            16
           83 |     8 |            23
           83 |     9 |            15
           83 |    10 |            25
           83 |    11 |            18
           83 |    12 |            32
           83 |    13 |            40
           83 |    14 |            87
           83 |    15 |           118
           83 |    16 |           277
           83 |    17 |           440
           83 |    18 |           526
           83 |    19 |             0
           83 |    20 |             0
----------------------------------
           84 |     0 |           259
           84 |     1 |           112
           84 |     2 |            51
           84 |     3 |            31
           84 |     4 |            13
           84 |     5 |            12
           84 |     6 |            10
           84 |     7 |             9
           84 |     8 |            10
           84 |     9 |            15
           84 |    10 |            14
           84 |    11 |            15
           84 |    12 |            22
           84 |    13 |            44
           84 |    14 |            92
           84 |    15 |           130
           84 |    16 |           187
           84 |    17 |           278
           84 |    18 |           376
           84 |    19 |             0
           84 |    20 |             0
----------------------------------
           85 |     0 |           239
           85 |     1 |           104
           85 |     2 |            53
           85 |     3 |            25
           85 |     4 |            19
           85 |     5 |            10
           85 |     6 |             4
           85 |     7 |             3
           85 |     8 |            12
           85 |     9 |            11
           85 |    10 |            21
           85 |    11 |            33
           85 |    12 |            30
           85 |    13 |            57
           85 |    14 |            66
           85 |    15 |           142
           85 |    16 |           205
           85 |    17 |           328
           85 |    18 |           338
           85 |    19 |             0
           85 |    20 |             0
----------------------------------
           86 |     0 |           281
           86 |     1 |           100
           86 |     2 |            48
           86 |     3 |            33
           86 |     4 |            12
           86 |     5 |            11
           86 |     6 |            12
           86 |     7 |            14
           86 |     8 |            10
           86 |     9 |             9
           86 |    10 |            14
           86 |    11 |            10
           86 |    12 |            24
           86 |    13 |            34
           86 |    14 |            68
           86 |    15 |           136
           86 |    16 |           239
           86 |    17 |           316
           86 |    18 |           349
           86 |    19 |             0
           86 |    20 |             0
----------------------------------
           87 |     0 |           127
           87 |     1 |            52
           87 |     2 |            29
           87 |     3 |            17
           87 |     4 |            13
           87 |     5 |            10
           87 |     6 |             6
           87 |     7 |             5
           87 |     8 |             7
           87 |     9 |             4
           87 |    10 |             3
           87 |    11 |             4
           87 |    12 |             8
           87 |    13 |            14
           87 |    14 |            35
           87 |    15 |            48
           87 |    16 |           127
           87 |    17 |           216
           87 |    18 |           232
           87 |    19 |             0
           87 |    20 |             0
----------------------------------
           88 |     0 |           205
           88 |     1 |            78
           88 |     2 |            38
           88 |     3 |            13
           88 |     4 |            12
           88 |     5 |            11
           88 |     6 |             5
           88 |     7 |             6
           88 |     8 |             5
           88 |     9 |             6
           88 |    10 |            10
           88 |    11 |            18
           88 |    12 |            21
           88 |    13 |            27
           88 |    14 |            39
           88 |    15 |            71
           88 |    16 |           167
           88 |    17 |           311
           88 |    18 |           365
           88 |    19 |             0
           88 |    20 |             0
----------------------------------
           89 |     0 |           266
           89 |     1 |            96
           89 |     2 |            53
           89 |     3 |            30
           89 |     4 |            18
           89 |     5 |            12
           89 |     6 |            17
           89 |     7 |             8
           89 |     8 |             8
           89 |     9 |            13
           89 |    10 |             5
           89 |    11 |            13
           89 |    12 |            27
           89 |    13 |            43
           89 |    14 |            78
           89 |    15 |           133
           89 |    16 |           259
           89 |    17 |           372
           89 |    18 |           418
           89 |    19 |             0
           89 |    20 |             0
----------------------------------
           90 |     0 |           124
           90 |     1 |            62
           90 |     2 |            25
           90 |     3 |            12
           90 |     4 |             9
           90 |     5 |             6
           90 |     6 |             5
           90 |     7 |             1
           90 |     8 |             1
           90 |     9 |             3
           90 |    10 |             7
           90 |    11 |             8
           90 |    12 |            10
           90 |    13 |            20
           90 |    14 |            30
           90 |    15 |            55
           90 |    16 |           129
           90 |    17 |           181
           90 |    18 |           212
           90 |    19 |             0
           90 |    20 |             0
----------------------------------
           91 |     0 |           192
           91 |     1 |            91
           91 |     2 |            47
           91 |     3 |            27
           91 |     4 |             8
           91 |     5 |             8
           91 |     6 |             4
           91 |     7 |             4
           91 |     8 |             3
           91 |     9 |             7
           91 |    10 |             9
           91 |    11 |             9
           91 |    12 |            18
           91 |    13 |            32
           91 |    14 |            68
           91 |    15 |           144
           91 |    16 |           221
           91 |    17 |           261
           91 |    18 |           303
           91 |    19 |             0
           91 |    20 |             0
----------------------------------
           92 |     0 |           113
           92 |     1 |            51
           92 |     2 |            26
           92 |     3 |            10
           92 |     4 |             6
           92 |     5 |             3
           92 |     6 |             7
           92 |     7 |             3
           92 |     8 |             6
           92 |     9 |             3
           92 |    10 |             4
           92 |    11 |             4
           92 |    12 |             5
           92 |    13 |            12
           92 |    14 |            35
           92 |    15 |            58
           92 |    16 |            94
           92 |    17 |           156
           92 |    18 |           232
           92 |    19 |             0
           92 |    20 |             0
----------------------------------
           93 |     0 |           158
           93 |     1 |            63
           93 |     2 |            45
           93 |     3 |            26
           93 |     4 |            13
           93 |     5 |            10
           93 |     6 |            12
           93 |     7 |            10
           93 |     8 |             6
           93 |     9 |             4
           93 |    10 |             7
           93 |    11 |             7
           93 |    12 |            36
           93 |    13 |            32
           93 |    14 |            51
           93 |    15 |            85
           93 |    16 |           137
           93 |    17 |           247
           93 |    18 |           260
           93 |    19 |             0
           93 |    20 |             0
----------------------------------
           94 |     0 |           136
           94 |     1 |            51
           94 |     2 |            18
           94 |     3 |            12
           94 |     4 |            11
           94 |     5 |             7
           94 |     6 |             6
           94 |     7 |             7
           94 |     8 |             2
           94 |     9 |            11
           94 |    10 |             9
           94 |    11 |            13
           94 |    12 |            27
           94 |    13 |            37
           94 |    14 |            79
           94 |    15 |            91
           94 |    16 |           119
           94 |    17 |           180
           94 |    18 |           218
           94 |    19 |             0
           94 |    20 |             0
----------------------------------
           95 |     0 |           153
           95 |     1 |            75
           95 |     2 |            41
           95 |     3 |            23
           95 |     4 |             9
           95 |     5 |             6
           95 |     6 |             7
           95 |     7 |             8
           95 |     8 |             8
           95 |     9 |             8
           95 |    10 |            10
           95 |    11 |            13
           95 |    12 |            26
           95 |    13 |            34
           95 |    14 |            76
           95 |    15 |           111
           95 |    16 |           166
           95 |    17 |           220
           95 |    18 |           241
           95 |    19 |             0
           95 |    20 |             0
----------------------------------
           96 |     0 |           125
           96 |     1 |            52
           96 |     2 |            25
           96 |     3 |            12
           96 |     4 |             9
           96 |     5 |             6
           96 |     6 |            10
           96 |     7 |             4
           96 |     8 |             3
           96 |     9 |             5
           96 |    10 |             4
           96 |    11 |            12
           96 |    12 |            16
           96 |    13 |            23
           96 |    14 |            42
           96 |    15 |            93
           96 |    16 |           109
           96 |    17 |           201
           96 |    18 |           209
           96 |    19 |             0
           96 |    20 |             0
----------------------------------
           97 |     0 |           106
           97 |     1 |            46
           97 |     2 |            18
           97 |     3 |            10
           97 |     4 |             6
           97 |     5 |             2
           97 |     6 |             1
           97 |     7 |             2
           97 |     8 |             2
           97 |     9 |             2
           97 |    10 |             4
           97 |    11 |             3
           97 |    12 |             4
           97 |    13 |            12
           97 |    14 |            15
           97 |    15 |            32
           97 |    16 |           100
           97 |    17 |           180
           97 |    18 |           231
           97 |    19 |             0
           97 |    20 |             0
----------------------------------
           98 |     0 |           109
           98 |     1 |            34
           98 |     2 |            13
           98 |     3 |             8
           98 |     4 |             7
           98 |     5 |             4
           98 |     6 |             7
           98 |     7 |             4
           98 |     8 |             2
           98 |     9 |             3
           98 |    10 |             7
           98 |    11 |             7
           98 |    12 |             8
           98 |    13 |            17
           98 |    14 |            43
           98 |    15 |            49
           98 |    16 |           113
           98 |    17 |           177
           98 |    18 |           172
           98 |    19 |             0
           98 |    20 |             0
----------------------------------
           99 |     0 |           111
           99 |     1 |            59
           99 |     2 |            32
           99 |     3 |            14
           99 |     4 |            10
           99 |     5 |             7
           99 |     6 |             7
           99 |     7 |             6
           99 |     8 |             8
           99 |     9 |             8
           99 |    10 |            11
           99 |    11 |            14
           99 |    12 |            13
           99 |    13 |            29
           99 |    14 |            60
           99 |    15 |            75
           99 |    16 |           110
           99 |    17 |           147
           99 |    18 |           170
           99 |    19 |             0
           99 |    20 |             0
----------------------------------
          100 |     0 |           113
          100 |     1 |            41
          100 |     2 |            27
          100 |     3 |            21
          100 |     4 |            13
          100 |     5 |             9
          100 |     6 |             4
          100 |     7 |            12
          100 |     8 |            11
          100 |     9 |            23
          100 |    10 |            18
          100 |    11 |            11
          100 |    12 |            17
          100 |    13 |            38
          100 |    14 |            59
          100 |    15 |            76
          100 |    16 |            94
          100 |    17 |           168
          100 |    18 |           145
          100 |    19 |             0
          100 |    20 |             0
----------------------------------
          101 |     0 |            75
          101 |     1 |            20
          101 |     2 |            14
          101 |     3 |            10
          101 |     4 |             7
          101 |     5 |             6
          101 |     6 |             7
          101 |     7 |             9
          101 |     8 |             3
          101 |     9 |             3
          101 |    10 |             0
          101 |    11 |             0
          101 |    12 |             2
          101 |    13 |             9
          101 |    14 |            30
          101 |    15 |            74
          101 |    16 |            93
          101 |    17 |           128
          101 |    18 |           116
          101 |    19 |             0
          101 |    20 |             0
----------------------------------
          102 |     0 |            74
          102 |     1 |            24
          102 |     2 |            15
          102 |     3 |            14
          102 |     4 |             4
          102 |     5 |             3
          102 |     6 |             2
          102 |     7 |             2
          102 |     8 |             3
          102 |     9 |             5
          102 |    10 |             6
          102 |    11 |            16
          102 |    12 |            28
          102 |    13 |            35
          102 |    14 |            39
          102 |    15 |            58
          102 |    16 |            90
          102 |    17 |           108
          102 |    18 |            86
          102 |    19 |             0
          102 |    20 |             0
----------------------------------
          103 |     0 |            27
          103 |     1 |             8
          103 |     2 |             6
          103 |     3 |             7
          103 |     4 |             3
          103 |     5 |             0
          103 |     6 |             0
          103 |     7 |             1
          103 |     8 |             1
          103 |     9 |             1
          103 |    10 |             2
          103 |    11 |             2
          103 |    12 |             7
          103 |    13 |            11
          103 |    14 |            11
          103 |    15 |            20
          103 |    16 |            22
          103 |    17 |            40
          103 |    18 |            37
          103 |    19 |             0
          103 |    20 |             0
----------------------------------
          104 |     0 |            33
          104 |     1 |            19
          104 |     2 |            11
          104 |     3 |             5
          104 |     4 |             5
          104 |     5 |             1
          104 |     6 |             4
          104 |     7 |             2
          104 |     8 |             4
          104 |     9 |             1
          104 |    10 |             7
          104 |    11 |             5
          104 |    12 |             4
          104 |    13 |             5
          104 |    14 |            16
          104 |    15 |            30
          104 |    16 |            47
          104 |    17 |            55
          104 |    18 |            58
          104 |    19 |             0
          104 |    20 |             0
----------------------------------
          105 |     0 |            68
          105 |     1 |            21
          105 |     2 |             9
          105 |     3 |             5
          105 |     4 |             4
          105 |     5 |             2
          105 |     6 |             1
          105 |     7 |             1
          105 |     8 |             2
          105 |     9 |             4
          105 |    10 |             3
          105 |    11 |            14
          105 |    12 |            16
          105 |    13 |            30
          105 |    14 |            35
          105 |    15 |            68
          105 |    16 |            67
          105 |    17 |            80
          105 |    18 |            95
          105 |    19 |             0
          105 |    20 |             0
----------------------------------
          106 |     0 |            41
          106 |     1 |            20
          106 |     2 |            11
          106 |     3 |             4
          106 |     4 |             2
          106 |     5 |             0
          106 |     6 |             3
          106 |     7 |             0
          106 |     8 |             2
          106 |     9 |             0
          106 |    10 |             0
          106 |    11 |             3
          106 |    12 |             4
          106 |    13 |             6
          106 |    14 |            13
          106 |    15 |            31
          106 |    16 |            53
          106 |    17 |            64
          106 |    18 |            61
          106 |    19 |             0
          106 |    20 |             0
----------------------------------
          107 |     0 |            11
          107 |     1 |             6
          107 |     2 |             3
          107 |     3 |             2
          107 |     4 |             2
          107 |     5 |             1
          107 |     6 |             2
          107 |     7 |             1
          107 |     8 |             0
          107 |     9 |             1
          107 |    10 |             2
          107 |    11 |             1
          107 |    12 |             1
          107 |    13 |             3
          107 |    14 |             1
          107 |    15 |            11
          107 |    16 |            16
          107 |    17 |            27
          107 |    18 |            16
          107 |    19 |             0
          107 |    20 |             0
----------------------------------
          108 |     0 |            38
          108 |     1 |            19
          108 |     2 |             9
          108 |     3 |             3
          108 |     4 |             3
          108 |     5 |             2
          108 |     6 |             0
          108 |     7 |             0
          108 |     8 |             0
          108 |     9 |             6
          108 |    10 |             5
          108 |    11 |             9
          108 |    12 |            12
          108 |    13 |            23
          108 |    14 |            32
          108 |    15 |            35
          108 |    16 |            37
          108 |    17 |            56
          108 |    18 |            35
          108 |    19 |             0
          108 |    20 |             0
----------------------------------
          109 |     0 |            53
          109 |     1 |            20
          109 |     2 |            13
          109 |     3 |             4
          109 |     4 |             1
          109 |     5 |             1
          109 |     6 |             1
          109 |     7 |             3
          109 |     8 |             1
          109 |     9 |             0
          109 |    10 |             8
          109 |    11 |             4
          109 |    12 |             9
          109 |    13 |            15
          109 |    14 |            15
          109 |    15 |            37
          109 |    16 |            52
          109 |    17 |            98
          109 |    18 |           101
          109 |    19 |             0
          109 |    20 |             0
----------------------------------
          110 |     0 |            51
          110 |     1 |            14
          110 |     2 |            13
          110 |     3 |             6
          110 |     4 |             1
          110 |     5 |             2
          110 |     6 |             0
          110 |     7 |             0
          110 |     8 |             6
          110 |     9 |             5
          110 |    10 |             3
          110 |    11 |             7
          110 |    12 |            15
          110 |    13 |            21
          110 |    14 |            27
          110 |    15 |            43
          110 |    16 |            50
          110 |    17 |            74
          110 |    18 |           102
          110 |    19 |             0
          110 |    20 |             0
----------------------------------
          111 |     0 |            11
          111 |     1 |             5
          111 |     2 |             3
          111 |     3 |             2
          111 |     4 |             1
          111 |     5 |             0
          111 |     6 |             1
          111 |     7 |             1
          111 |     8 |             5
          111 |     9 |             2
          111 |    10 |             8
          111 |    11 |             5
          111 |    12 |             7
          111 |    13 |             4
          111 |    14 |             3
          111 |    15 |             6
          111 |    16 |            12
          111 |    17 |             8
          111 |    18 |            27
          111 |    19 |             0
          111 |    20 |             0
----------------------------------
          112 |     0 |            55
          112 |     1 |            30
          112 |     2 |             8
          112 |     3 |             7
          112 |     4 |             7
          112 |     5 |             3
          112 |     6 |             5
          112 |     7 |             3
          112 |     8 |             1
          112 |     9 |             2
          112 |    10 |             4
          112 |    11 |             0
          112 |    12 |            11
          112 |    13 |            23
          112 |    14 |            31
          112 |    15 |            67
          112 |    16 |            66
          112 |    17 |            62
          112 |    18 |            63
          112 |    19 |             0
          112 |    20 |             0
----------------------------------
          113 |     0 |            54
          113 |     1 |            15
          113 |     2 |             5
          113 |     3 |             5
          113 |     4 |             1
          113 |     5 |             2
          113 |     6 |             1
          113 |     7 |             0
          113 |     8 |             2
          113 |     9 |             0
          113 |    10 |             4
          113 |    11 |            13
          113 |    12 |            17
          113 |    13 |            21
          113 |    14 |            37
          113 |    15 |            59
          113 |    16 |            74
          113 |    17 |            68
          113 |    18 |            74
          113 |    19 |             0
          113 |    20 |             0
----------------------------------
          114 |     0 |            38
          114 |     1 |            20
          114 |     2 |             4
          114 |     3 |             2
          114 |     4 |             1
          114 |     5 |             0
          114 |     6 |             0
          114 |     7 |             0
          114 |     8 |             1
          114 |     9 |             1
          114 |    10 |             2
          114 |    11 |             5
          114 |    12 |             1
          114 |    13 |             9
          114 |    14 |            20
          114 |    15 |            31
          114 |    16 |            51
          114 |    17 |            86
          114 |    18 |            70
          114 |    19 |             0
          114 |    20 |             0
----------------------------------
          115 |     0 |            10
          115 |     1 |             3
          115 |     2 |             1
          115 |     3 |             1
          115 |     4 |             1
          115 |     5 |             0
          115 |     6 |             1
          115 |     7 |             0
          115 |     8 |             1
          115 |     9 |             1
          115 |    10 |             0
          115 |    11 |             1
          115 |    12 |             1
          115 |    13 |             9
          115 |    14 |            21
          115 |    15 |            17
          115 |    16 |            24
          115 |    17 |            16
          115 |    18 |             7
          115 |    19 |             0
          115 |    20 |             0
----------------------------------
          116 |     0 |            12
          116 |     1 |            12
          116 |     2 |             8
          116 |     3 |             0
          116 |     4 |             1
          116 |     5 |             1
          116 |     6 |             0
          116 |     7 |             0
          116 |     8 |             0
          116 |     9 |             0
          116 |    10 |             0
          116 |    11 |             0
          116 |    12 |             1
          116 |    13 |             1
          116 |    14 |             6
          116 |    15 |            19
          116 |    16 |            17
          116 |    17 |            20
          116 |    18 |            18
          116 |    19 |             0
          116 |    20 |             0
----------------------------------
          117 |     0 |            31
          117 |     1 |            10
          117 |     2 |             4
          117 |     3 |             1
          117 |     4 |             4
          117 |     5 |             2
          117 |     6 |             2
          117 |     7 |             1
          117 |     8 |             2
          117 |     9 |             0
          117 |    10 |             2
          117 |    11 |             1
          117 |    12 |             4
          117 |    13 |             7
          117 |    14 |            17
          117 |    15 |            22
          117 |    16 |            53
          117 |    17 |            34
          117 |    18 |            37
          117 |    19 |             0
          117 |    20 |             0
----------------------------------
          118 |     0 |             8
          118 |     1 |             5
          118 |     2 |             6
          118 |     3 |             4
          118 |     4 |             2
          118 |     5 |             1
          118 |     6 |             1
          118 |     7 |             1
          118 |     8 |             1
          118 |     9 |             0
          118 |    10 |             1
          118 |    11 |             2
          118 |    12 |             6
          118 |    13 |             4
          118 |    14 |            12
          118 |    15 |            14
          118 |    16 |            22
          118 |    17 |            16
          118 |    18 |            12
          118 |    19 |             0
          118 |    20 |             0
----------------------------------
----------------------------------
          120 |     0 |            11
          120 |     1 |             3
          120 |     2 |             4
          120 |     3 |             0
          120 |     4 |             1
          120 |     5 |             0
          120 |     6 |             1
          120 |     7 |             0
          120 |     8 |             2
          120 |     9 |             1
          120 |    10 |             0
          120 |    11 |             5
          120 |    12 |             7
          120 |    13 |            16
          120 |    14 |            24
          120 |    15 |            10
          120 |    16 |             8
          120 |    17 |            10
          120 |    18 |            17
          120 |    19 |             0
          120 |    20 |             0
----------------------------------
----------------------------------
          122 |     0 |            13
          122 |     1 |             4
          122 |     2 |             4
          122 |     3 |             0
          122 |     4 |             2
          122 |     5 |             0
          122 |     6 |             1
          122 |     7 |             0
          122 |     8 |             0
          122 |     9 |             0
          122 |    10 |             2
          122 |    11 |             1
          122 |    12 |             0
          122 |    13 |             0
          122 |    14 |            10
          122 |    15 |            22
          122 |    16 |            32
          122 |    17 |            24
          122 |    18 |             7
          122 |    19 |             0
          122 |    20 |             0
----------------------------------
----------------------------------
----------------------------------
----------------------------------
          126 |     0 |            13
          126 |     1 |             3
          126 |     2 |             3
          126 |     3 |             0
          126 |     4 |             1
          126 |     5 |             0
          126 |     6 |             1
          126 |     7 |             0
          126 |     8 |             1
          126 |     9 |             1
          126 |    10 |             5
          126 |    11 |             3
          126 |    12 |             3
          126 |    13 |            10
          126 |    14 |            17
          126 |    15 |            14
          126 |    16 |             9
          126 |    17 |            21
          126 |    18 |            21
          126 |    19 |             0
          126 |    20 |             0
----------------------------------
----------------------------------
----------------------------------
----------------------------------
----------------------------------
----------------------------------
----------------------------------
----------------------------------
----------------------------------
----------------------------------
----------------------------------
----------------------------------
----------------------------------
----------------------------------
          140 |     0 |             8
          140 |     1 |             5
          140 |     2 |             4
          140 |     3 |             8
          140 |     4 |             5
          140 |     5 |             2
          140 |     6 |             0
          140 |     7 |             0
          140 |     8 |             0
          140 |     9 |             1
          140 |    10 |             2
          140 |    11 |             6
          140 |    12 |             6
          140 |    13 |             8
          140 |    14 |             9
          140 |    15 |            19
          140 |    16 |            18
          140 |    17 |            26
          140 |    18 |            13
          140 |    19 |             0
          140 |    20 |             0
----------------------------------
----------------------------------
----------------------------------
----------------------------------
----------------------------------
----------------------------------
----------------------------------
----------------------------------
----------------------------------
----------------------------------
----------------------------------
----------------------------------
----------------------------------
----------------------------------
----------------------------------
----------------------------------
----------------------------------
----------------------------------
----------------------------------
----------------------------------
----------------------------------
----------------------------------
----------------------------------
----------------------------------
----------------------------------
----------------------------------
----------------------------------
----------------------------------
----------------------------------
----------------------------------
----------------------------------
----------------------------------
----------------------------------
----------------------------------
----------------------------------
----------------------------------
----------------------------------
----------------------------------
----------------------------------
----------------------------------
----------------------------------
----------------------------------
----------------------------------
----------------------------------
----------------------------------
----------------------------------
----------------------------------
----------------------------------
----------------------------------
----------------------------------
----------------------------------
