MinCut number | RSize | Number of cuts
----------------------------------
----------------------------------
----------------------------------
----------------------------------
----------------------------------
----------------------------------
----------------------------------
----------------------------------
----------------------------------
----------------------------------
----------------------------------
----------------------------------
----------------------------------
----------------------------------
----------------------------------
----------------------------------
----------------------------------
----------------------------------
----------------------------------
----------------------------------
----------------------------------
----------------------------------
----------------------------------
----------------------------------
----------------------------------
----------------------------------
----------------------------------
----------------------------------
----------------------------------
----------------------------------
----------------------------------
----------------------------------
----------------------------------
----------------------------------
           53 |     0 |            14
           53 |     1 |             7
           53 |     2 |             5
           53 |     3 |             3
           53 |     4 |             4
           53 |     5 |             4
           53 |     6 |             3
           53 |     7 |             2
           53 |     8 |             1
           53 |     9 |             1
           53 |    10 |             1
           53 |    11 |             3
           53 |    12 |             1
           53 |    13 |             1
           53 |    14 |             1
           53 |    15 |             0
           53 |    16 |             0
           53 |    17 |             2
           53 |    18 |             0
           53 |    19 |             0
           53 |    20 |             0
----------------------------------
----------------------------------
           55 |     0 |            39
           55 |     1 |            21
           55 |     2 |            16
           55 |     3 |            11
           55 |     4 |            10
           55 |     5 |             9
           55 |     6 |             3
           55 |     7 |            10
           55 |     8 |             8
           55 |     9 |             4
           55 |    10 |             6
           55 |    11 |             4
           55 |    12 |             5
           55 |    13 |             3
           55 |    14 |             6
           55 |    15 |             3
           55 |    16 |             4
           55 |    17 |             3
           55 |    18 |             0
           55 |    19 |             0
           55 |    20 |             0
----------------------------------
           56 |     0 |            79
           56 |     1 |            42
           56 |     2 |            36
           56 |     3 |            23
           56 |     4 |            21
           56 |     5 |            18
           56 |     6 |            14
           56 |     7 |            17
           56 |     8 |            12
           56 |     9 |            13
           56 |    10 |             8
           56 |    11 |            13
           56 |    12 |             6
           56 |    13 |             6
           56 |    14 |            10
           56 |    15 |             8
           56 |    16 |             7
           56 |    17 |             3
           56 |    18 |             0
           56 |    19 |             0
           56 |    20 |             0
----------------------------------
           57 |     0 |            84
           57 |     1 |            56
           57 |     2 |            36
           57 |     3 |            28
           57 |     4 |            25
           57 |     5 |            18
           57 |     6 |            23
           57 |     7 |            17
           57 |     8 |            14
           57 |     9 |            18
           57 |    10 |            14
           57 |    11 |            17
           57 |    12 |             6
           57 |    13 |             4
           57 |    14 |            11
           57 |    15 |            11
           57 |    16 |             7
           57 |    17 |             5
           57 |    18 |             5
           57 |    19 |             0
           57 |    20 |             0
----------------------------------
           58 |     0 |           153
           58 |     1 |            98
           58 |     2 |            72
           58 |     3 |            56
           58 |     4 |            44
           58 |     5 |            34
           58 |     6 |            35
           58 |     7 |            40
           58 |     8 |            26
           58 |     9 |            21
           58 |    10 |            14
           58 |    11 |            17
           58 |    12 |            16
           58 |    13 |            18
           58 |    14 |            10
           58 |    15 |            18
           58 |    16 |            10
           58 |    17 |             8
           58 |    18 |             6
           58 |    19 |             0
           58 |    20 |             0
----------------------------------
           59 |     0 |           228
           59 |     1 |           128
           59 |     2 |           109
           59 |     3 |            84
           59 |     4 |            77
           59 |     5 |            60
           59 |     6 |            54
           59 |     7 |            49
           59 |     8 |            46
           59 |     9 |            29
           59 |    10 |            28
           59 |    11 |            33
           59 |    12 |            31
           59 |    13 |            30
           59 |    14 |            18
           59 |    15 |            20
           59 |    16 |            17
           59 |    17 |            12
           59 |    18 |             9
           59 |    19 |             0
           59 |    20 |             0
----------------------------------
           60 |     0 |           320
           60 |     1 |           227
           60 |     2 |           155
           60 |     3 |           122
           60 |     4 |           100
           60 |     5 |            92
           60 |     6 |            70
           60 |     7 |            74
           60 |     8 |            60
           60 |     9 |            71
           60 |    10 |            57
           60 |    11 |            51
           60 |    12 |            53
           60 |    13 |            44
           60 |    14 |            30
           60 |    15 |            32
           60 |    16 |            27
           60 |    17 |            27
           60 |    18 |             8
           60 |    19 |             0
           60 |    20 |             0
----------------------------------
           61 |     0 |           502
           61 |     1 |           308
           61 |     2 |           219
           61 |     3 |           167
           61 |     4 |           145
           61 |     5 |           140
           61 |     6 |           105
           61 |     7 |           109
           61 |     8 |           100
           61 |     9 |            99
           61 |    10 |            93
           61 |    11 |            72
           61 |    12 |            75
           61 |    13 |            64
           61 |    14 |            60
           61 |    15 |            41
           61 |    16 |            39
           61 |    17 |            23
           61 |    18 |            18
           61 |    19 |             0
           61 |    20 |             0
----------------------------------
           62 |     0 |           703
           62 |     1 |           432
           62 |     2 |           313
           62 |     3 |           270
           62 |     4 |           227
           62 |     5 |           186
           62 |     6 |           154
           62 |     7 |           141
           62 |     8 |           142
           62 |     9 |           125
           62 |    10 |           123
           62 |    11 |           109
           62 |    12 |            93
           62 |    13 |            68
           62 |    14 |            76
           62 |    15 |            69
           62 |    16 |            48
           62 |    17 |            45
           62 |    18 |            24
           62 |    19 |             0
           62 |    20 |             0
----------------------------------
           63 |     0 |           584
           63 |     1 |           392
           63 |     2 |           276
           63 |     3 |           252
           63 |     4 |           192
           63 |     5 |           168
           63 |     6 |           144
           63 |     7 |           128
           63 |     8 |           117
           63 |     9 |           102
           63 |    10 |            98
           63 |    11 |            82
           63 |    12 |            75
           63 |    13 |            66
           63 |    14 |            68
           63 |    15 |            51
           63 |    16 |            47
           63 |    17 |            30
           63 |    18 |            26
           63 |    19 |             0
           63 |    20 |             0
----------------------------------
           64 |     0 |           746
           64 |     1 |           499
           64 |     2 |           348
           64 |     3 |           281
           64 |     4 |           262
           64 |     5 |           233
           64 |     6 |           197
           64 |     7 |           180
           64 |     8 |           155
           64 |     9 |           136
           64 |    10 |           122
           64 |    11 |           130
           64 |    12 |            96
           64 |    13 |            95
           64 |    14 |            72
           64 |    15 |            72
           64 |    16 |            70
           64 |    17 |            55
           64 |    18 |            27
           64 |    19 |             0
           64 |    20 |             0
----------------------------------
           65 |     0 |           652
           65 |     1 |           424
           65 |     2 |           314
           65 |     3 |           279
           65 |     4 |           215
           65 |     5 |           189
           65 |     6 |           168
           65 |     7 |           148
           65 |     8 |           141
           65 |     9 |           118
           65 |    10 |           112
           65 |    11 |            94
           65 |    12 |           104
           65 |    13 |            91
           65 |    14 |            79
           65 |    15 |            60
           65 |    16 |            54
           65 |    17 |            44
           65 |    18 |            29
           65 |    19 |             0
           65 |    20 |             0
----------------------------------
           66 |     0 |           912
           66 |     1 |           583
           66 |     2 |           411
           66 |     3 |           328
           66 |     4 |           279
           66 |     5 |           268
           66 |     6 |           225
           66 |     7 |           203
           66 |     8 |           206
           66 |     9 |           171
           66 |    10 |           164
           66 |    11 |           144
           66 |    12 |           134
           66 |    13 |           118
           66 |    14 |            99
           66 |    15 |            84
           66 |    16 |            75
           66 |    17 |            48
           66 |    18 |            36
           66 |    19 |             0
           66 |    20 |             0
----------------------------------
           67 |     0 |           772
           67 |     1 |           525
           67 |     2 |           392
           67 |     3 |           320
           67 |     4 |           283
           67 |     5 |           237
           67 |     6 |           214
           67 |     7 |           204
           67 |     8 |           184
           67 |     9 |           150
           67 |    10 |           145
           67 |    11 |           135
           67 |    12 |           119
           67 |    13 |           107
           67 |    14 |            92
           67 |    15 |            85
           67 |    16 |            52
           67 |    17 |            50
           67 |    18 |            21
           67 |    19 |             0
           67 |    20 |             0
----------------------------------
           68 |     0 |           825
           68 |     1 |           568
           68 |     2 |           439
           68 |     3 |           326
           68 |     4 |           296
           68 |     5 |           261
           68 |     6 |           233
           68 |     7 |           208
           68 |     8 |           193
           68 |     9 |           168
           68 |    10 |           168
           68 |    11 |           130
           68 |    12 |           128
           68 |    13 |           113
           68 |    14 |           117
           68 |    15 |            84
           68 |    16 |            76
           68 |    17 |            54
           68 |    18 |            33
           68 |    19 |             0
           68 |    20 |             0
----------------------------------
           69 |     0 |           717
           69 |     1 |           511
           69 |     2 |           360
           69 |     3 |           298
           69 |     4 |           243
           69 |     5 |           232
           69 |     6 |           192
           69 |     7 |           181
           69 |     8 |           163
           69 |     9 |           173
           69 |    10 |           139
           69 |    11 |           119
           69 |    12 |           116
           69 |    13 |           103
           69 |    14 |            91
           69 |    15 |            82
           69 |    16 |            70
           69 |    17 |            45
           69 |    18 |            29
           69 |    19 |             0
           69 |    20 |             0
----------------------------------
           70 |     0 |           749
           70 |     1 |           477
           70 |     2 |           378
           70 |     3 |           302
           70 |     4 |           271
           70 |     5 |           230
           70 |     6 |           200
           70 |     7 |           184
           70 |     8 |           163
           70 |     9 |           143
           70 |    10 |           143
           70 |    11 |           132
           70 |    12 |           110
           70 |    13 |           113
           70 |    14 |            88
           70 |    15 |            90
           70 |    16 |            63
           70 |    17 |            53
           70 |    18 |            31
           70 |    19 |             0
           70 |    20 |             0
----------------------------------
           71 |     0 |           610
           71 |     1 |           412
           71 |     2 |           311
           71 |     3 |           247
           71 |     4 |           209
           71 |     5 |           192
           71 |     6 |           168
           71 |     7 |           155
           71 |     8 |           143
           71 |     9 |           152
           71 |    10 |           124
           71 |    11 |           109
           71 |    12 |            93
           71 |    13 |            96
           71 |    14 |            78
           71 |    15 |            54
           71 |    16 |            49
           71 |    17 |            35
           71 |    18 |            29
           71 |    19 |             0
           71 |    20 |             0
----------------------------------
           72 |     0 |           653
           72 |     1 |           448
           72 |     2 |           342
           72 |     3 |           297
           72 |     4 |           228
           72 |     5 |           205
           72 |     6 |           191
           72 |     7 |           173
           72 |     8 |           170
           72 |     9 |           149
           72 |    10 |           128
           72 |    11 |           112
           72 |    12 |           107
           72 |    13 |           103
           72 |    14 |            78
           72 |    15 |            80
           72 |    16 |            59
           72 |    17 |            44
           72 |    18 |            33
           72 |    19 |             0
           72 |    20 |             0
----------------------------------
           73 |     0 |           468
           73 |     1 |           327
           73 |     2 |           250
           73 |     3 |           208
           73 |     4 |           180
           73 |     5 |           144
           73 |     6 |           145
           73 |     7 |           116
           73 |     8 |           128
           73 |     9 |           115
           73 |    10 |           123
           73 |    11 |            87
           73 |    12 |            92
           73 |    13 |            79
           73 |    14 |            75
           73 |    15 |            57
           73 |    16 |            47
           73 |    17 |            43
           73 |    18 |            17
           73 |    19 |             0
           73 |    20 |             0
----------------------------------
           74 |     0 |           442
           74 |     1 |           283
           74 |     2 |           220
           74 |     3 |           195
           74 |     4 |           167
           74 |     5 |           178
           74 |     6 |           150
           74 |     7 |           137
           74 |     8 |           125
           74 |     9 |           106
           74 |    10 |           109
           74 |    11 |            93
           74 |    12 |            83
           74 |    13 |            74
           74 |    14 |            65
           74 |    15 |            62
           74 |    16 |            52
           74 |    17 |            29
           74 |    18 |            20
           74 |    19 |             0
           74 |    20 |             0
----------------------------------
           75 |     0 |           417
           75 |     1 |           284
           75 |     2 |           223
           75 |     3 |           178
           75 |     4 |           174
           75 |     5 |           124
           75 |     6 |           131
           75 |     7 |           125
           75 |     8 |           116
           75 |     9 |            97
           75 |    10 |            92
           75 |    11 |            84
           75 |    12 |            82
           75 |    13 |            65
           75 |    14 |            58
           75 |    15 |            54
           75 |    16 |            47
           75 |    17 |            29
           75 |    18 |            20
           75 |    19 |             0
           75 |    20 |             0
----------------------------------
           76 |     0 |           313
           76 |     1 |           217
           76 |     2 |           174
           76 |     3 |           143
           76 |     4 |           139
           76 |     5 |           114
           76 |     6 |           108
           76 |     7 |            94
           76 |     8 |            90
           76 |     9 |            79
           76 |    10 |            76
           76 |    11 |            69
           76 |    12 |            56
           76 |    13 |            57
           76 |    14 |            48
           76 |    15 |            39
           76 |    16 |            36
           76 |    17 |            35
           76 |    18 |            13
           76 |    19 |             0
           76 |    20 |             0
----------------------------------
           77 |     0 |           275
           77 |     1 |           196
           77 |     2 |           144
           77 |     3 |           123
           77 |     4 |           109
           77 |     5 |           112
           77 |     6 |            97
           77 |     7 |            78
           77 |     8 |            82
           77 |     9 |            79
           77 |    10 |            74
           77 |    11 |            72
           77 |    12 |            52
           77 |    13 |            46
           77 |    14 |            46
           77 |    15 |            36
           77 |    16 |            37
           77 |    17 |            23
           77 |    18 |            13
           77 |    19 |             0
           77 |    20 |             0
----------------------------------
           78 |     0 |           207
           78 |     1 |           156
           78 |     2 |           114
           78 |     3 |           100
           78 |     4 |            88
           78 |     5 |            79
           78 |     6 |            74
           78 |     7 |            68
           78 |     8 |            64
           78 |     9 |            58
           78 |    10 |            59
           78 |    11 |            54
           78 |    12 |            56
           78 |    13 |            46
           78 |    14 |            34
           78 |    15 |            27
           78 |    16 |            20
           78 |    17 |            11
           78 |    18 |            11
           78 |    19 |             0
           78 |    20 |             0
----------------------------------
           79 |     0 |           195
           79 |     1 |           138
           79 |     2 |           102
           79 |     3 |            84
           79 |     4 |            68
           79 |     5 |            67
           79 |     6 |            70
           79 |     7 |            54
           79 |     8 |            64
           79 |     9 |            59
           79 |    10 |            46
           79 |    11 |            46
           79 |    12 |            45
           79 |    13 |            26
           79 |    14 |            34
           79 |    15 |            35
           79 |    16 |            25
           79 |    17 |            16
           79 |    18 |            11
           79 |    19 |             0
           79 |    20 |             0
----------------------------------
           80 |     0 |           235
           80 |     1 |           171
           80 |     2 |           139
           80 |     3 |           110
           80 |     4 |           106
           80 |     5 |            81
           80 |     6 |            80
           80 |     7 |            73
           80 |     8 |            80
           80 |     9 |            68
           80 |    10 |            65
           80 |    11 |            56
           80 |    12 |            54
           80 |    13 |            51
           80 |    14 |            46
           80 |    15 |            44
           80 |    16 |            28
           80 |    17 |            20
           80 |    18 |            13
           80 |    19 |             0
           80 |    20 |             0
----------------------------------
           81 |     0 |           135
           81 |     1 |           113
           81 |     2 |            72
           81 |     3 |            54
           81 |     4 |            54
           81 |     5 |            53
           81 |     6 |            59
           81 |     7 |            47
           81 |     8 |            52
           81 |     9 |            41
           81 |    10 |            41
           81 |    11 |            31
           81 |    12 |            27
           81 |    13 |            30
           81 |    14 |            25
           81 |    15 |            22
           81 |    16 |            16
           81 |    17 |            12
           81 |    18 |             7
           81 |    19 |             0
           81 |    20 |             0
----------------------------------
           82 |     0 |           132
           82 |     1 |            80
           82 |     2 |            66
           82 |     3 |            55
           82 |     4 |            49
           82 |     5 |            45
           82 |     6 |            49
           82 |     7 |            50
           82 |     8 |            43
           82 |     9 |            38
           82 |    10 |            28
           82 |    11 |            33
           82 |    12 |            34
           82 |    13 |            31
           82 |    14 |            19
           82 |    15 |            27
           82 |    16 |            19
           82 |    17 |            14
           82 |    18 |             8
           82 |    19 |             0
           82 |    20 |             0
----------------------------------
           83 |     0 |            97
           83 |     1 |            66
           83 |     2 |            55
           83 |     3 |            53
           83 |     4 |            44
           83 |     5 |            34
           83 |     6 |            38
           83 |     7 |            35
           83 |     8 |            34
           83 |     9 |            34
           83 |    10 |            34
           83 |    11 |            18
           83 |    12 |            30
           83 |    13 |            22
           83 |    14 |            20
           83 |    15 |            16
           83 |    16 |            14
           83 |    17 |            11
           83 |    18 |             9
           83 |    19 |             0
           83 |    20 |             0
----------------------------------
           84 |     0 |            85
           84 |     1 |            48
           84 |     2 |            28
           84 |     3 |            38
           84 |     4 |            27
           84 |     5 |            35
           84 |     6 |            36
           84 |     7 |            32
           84 |     8 |            26
           84 |     9 |            23
           84 |    10 |            28
           84 |    11 |            24
           84 |    12 |            21
           84 |    13 |            12
           84 |    14 |            10
           84 |    15 |            10
           84 |    16 |            13
           84 |    17 |             4
           84 |    18 |             4
           84 |    19 |             0
           84 |    20 |             0
----------------------------------
           85 |     0 |            75
           85 |     1 |            50
           85 |     2 |            41
           85 |     3 |            36
           85 |     4 |            34
           85 |     5 |            32
           85 |     6 |            24
           85 |     7 |            24
           85 |     8 |            24
           85 |     9 |            27
           85 |    10 |            22
           85 |    11 |            23
           85 |    12 |            21
           85 |    13 |            21
           85 |    14 |            15
           85 |    15 |            17
           85 |    16 |            11
           85 |    17 |            10
           85 |    18 |             3
           85 |    19 |             0
           85 |    20 |             0
----------------------------------
           86 |     0 |            69
           86 |     1 |            48
           86 |     2 |            38
           86 |     3 |            34
           86 |     4 |            29
           86 |     5 |            28
           86 |     6 |            23
           86 |     7 |            26
           86 |     8 |            19
           86 |     9 |            15
           86 |    10 |            19
           86 |    11 |            15
           86 |    12 |            18
           86 |    13 |            14
           86 |    14 |             8
           86 |    15 |             8
           86 |    16 |             9
           86 |    17 |             7
           86 |    18 |             3
           86 |    19 |             0
           86 |    20 |             0
----------------------------------
           87 |     0 |            50
           87 |     1 |            35
           87 |     2 |            32
           87 |     3 |            24
           87 |     4 |            27
           87 |     5 |            19
           87 |     6 |            18
           87 |     7 |            14
           87 |     8 |            18
           87 |     9 |            15
           87 |    10 |            17
           87 |    11 |            14
           87 |    12 |            15
           87 |    13 |             9
           87 |    14 |            11
           87 |    15 |            11
           87 |    16 |            10
           87 |    17 |             5
           87 |    18 |             4
           87 |    19 |             0
           87 |    20 |             0
----------------------------------
           88 |     0 |            71
           88 |     1 |            54
           88 |     2 |            46
           88 |     3 |            39
           88 |     4 |            38
           88 |     5 |            33
           88 |     6 |            24
           88 |     7 |            25
           88 |     8 |            32
           88 |     9 |            25
           88 |    10 |            25
           88 |    11 |            23
           88 |    12 |            24
           88 |    13 |            17
           88 |    14 |            19
           88 |    15 |            11
           88 |    16 |             9
           88 |    17 |             9
           88 |    18 |             4
           88 |    19 |             0
           88 |    20 |             0
----------------------------------
           89 |     0 |            39
           89 |     1 |            20
           89 |     2 |            22
           89 |     3 |            22
           89 |     4 |            19
           89 |     5 |            18
           89 |     6 |            14
           89 |     7 |            17
           89 |     8 |            18
           89 |     9 |            12
           89 |    10 |            11
           89 |    11 |             8
           89 |    12 |            12
           89 |    13 |            14
           89 |    14 |             5
           89 |    15 |             5
           89 |    16 |             5
           89 |    17 |             5
           89 |    18 |             1
           89 |    19 |             0
           89 |    20 |             0
----------------------------------
           90 |     0 |            49
           90 |     1 |            39
           90 |     2 |            30
           90 |     3 |            23
           90 |     4 |            21
           90 |     5 |            20
           90 |     6 |            18
           90 |     7 |            19
           90 |     8 |            18
           90 |     9 |            18
           90 |    10 |            19
           90 |    11 |            15
           90 |    12 |            17
           90 |    13 |            18
           90 |    14 |             8
           90 |    15 |             9
           90 |    16 |             7
           90 |    17 |             8
           90 |    18 |             4
           90 |    19 |             0
           90 |    20 |             0
----------------------------------
           91 |     0 |            29
           91 |     1 |            23
           91 |     2 |            18
           91 |     3 |            15
           91 |     4 |            13
           91 |     5 |             9
           91 |     6 |            10
           91 |     7 |             9
           91 |     8 |             9
           91 |     9 |             8
           91 |    10 |             8
           91 |    11 |             6
           91 |    12 |             3
           91 |    13 |             6
           91 |    14 |             3
           91 |    15 |             6
           91 |    16 |             3
           91 |    17 |             3
           91 |    18 |             1
           91 |    19 |             0
           91 |    20 |             0
----------------------------------
           92 |     0 |            39
           92 |     1 |            26
           92 |     2 |            24
           92 |     3 |            16
           92 |     4 |            15
           92 |     5 |            12
           92 |     6 |            15
           92 |     7 |            11
           92 |     8 |            16
           92 |     9 |            15
           92 |    10 |            16
           92 |    11 |            15
           92 |    12 |            12
           92 |    13 |            12
           92 |    14 |            11
           92 |    15 |             4
           92 |    16 |             7
           92 |    17 |             7
           92 |    18 |             3
           92 |    19 |             0
           92 |    20 |             0
----------------------------------
           93 |     0 |            15
           93 |     1 |            10
           93 |     2 |             6
           93 |     3 |             7
           93 |     4 |             4
           93 |     5 |             4
           93 |     6 |             9
           93 |     7 |             5
           93 |     8 |             5
           93 |     9 |             6
           93 |    10 |             5
           93 |    11 |             4
           93 |    12 |             4
           93 |    13 |             2
           93 |    14 |             2
           93 |    15 |             3
           93 |    16 |             0
           93 |    17 |             1
           93 |    18 |             1
           93 |    19 |             0
           93 |    20 |             0
----------------------------------
           94 |     0 |            14
           94 |     1 |            10
           94 |     2 |            11
           94 |     3 |             9
           94 |     4 |             4
           94 |     5 |             5
           94 |     6 |             5
           94 |     7 |             1
           94 |     8 |             5
           94 |     9 |             4
           94 |    10 |             4
           94 |    11 |             4
           94 |    12 |             4
           94 |    13 |             1
           94 |    14 |             4
           94 |    15 |             4
           94 |    16 |             2
           94 |    17 |             2
           94 |    18 |             1
           94 |    19 |             0
           94 |    20 |             0
----------------------------------
----------------------------------
           96 |     0 |            14
           96 |     1 |            12
           96 |     2 |             7
           96 |     3 |             9
           96 |     4 |             7
           96 |     5 |             7
           96 |     6 |             4
           96 |     7 |             5
           96 |     8 |             5
           96 |     9 |             5
           96 |    10 |             3
           96 |    11 |             5
           96 |    12 |             5
           96 |    13 |             3
           96 |    14 |             1
           96 |    15 |             1
           96 |    16 |             1
           96 |    17 |             1
           96 |    18 |             1
           96 |    19 |             0
           96 |    20 |             0
----------------------------------
----------------------------------
----------------------------------
           99 |     0 |            11
           99 |     1 |            11
           99 |     2 |             6
           99 |     3 |             9
           99 |     4 |             8
           99 |     5 |             5
           99 |     6 |             4
           99 |     7 |             7
           99 |     8 |             6
           99 |     9 |             6
           99 |    10 |             4
           99 |    11 |             4
           99 |    12 |             4
           99 |    13 |             3
           99 |    14 |             4
           99 |    15 |             3
           99 |    16 |             1
           99 |    17 |             2
           99 |    18 |             1
           99 |    19 |             0
           99 |    20 |             0
----------------------------------
----------------------------------
----------------------------------
----------------------------------
----------------------------------
----------------------------------
          105 |     0 |            15
          105 |     1 |             8
          105 |     2 |             8
          105 |     3 |             8
          105 |     4 |             6
          105 |     5 |             6
          105 |     6 |             4
          105 |     7 |             5
          105 |     8 |             3
          105 |     9 |             8
          105 |    10 |             4
          105 |    11 |             6
          105 |    12 |             7
          105 |    13 |             3
          105 |    14 |             3
          105 |    15 |             5
          105 |    16 |             4
          105 |    17 |             1
          105 |    18 |             1
          105 |    19 |             0
          105 |    20 |             0
----------------------------------
----------------------------------
----------------------------------
----------------------------------
----------------------------------
----------------------------------
----------------------------------
----------------------------------
----------------------------------
----------------------------------
----------------------------------
----------------------------------
----------------------------------
----------------------------------
----------------------------------
----------------------------------
----------------------------------
----------------------------------
----------------------------------
----------------------------------
----------------------------------
----------------------------------
----------------------------------
----------------------------------
----------------------------------
----------------------------------
----------------------------------
----------------------------------
----------------------------------
----------------------------------
----------------------------------
----------------------------------
----------------------------------
----------------------------------
----------------------------------
----------------------------------
----------------------------------
----------------------------------
----------------------------------
----------------------------------
----------------------------------
----------------------------------
----------------------------------
----------------------------------
----------------------------------
----------------------------------
----------------------------------
----------------------------------
----------------------------------
----------------------------------
----------------------------------
----------------------------------
----------------------------------
----------------------------------
----------------------------------
----------------------------------
----------------------------------
----------------------------------
----------------------------------
----------------------------------
----------------------------------
----------------------------------
----------------------------------
----------------------------------
----------------------------------
----------------------------------
----------------------------------
----------------------------------
----------------------------------
----------------------------------
----------------------------------
----------------------------------
----------------------------------
----------------------------------
----------------------------------
----------------------------------
----------------------------------
----------------------------------
----------------------------------
----------------------------------
----------------------------------
----------------------------------
----------------------------------
----------------------------------
----------------------------------
----------------------------------
