MinCut number | SSize | Number of cuts
----------------------------------
----------------------------------
----------------------------------
----------------------------------
----------------------------------
----------------------------------
----------------------------------
----------------------------------
----------------------------------
----------------------------------
           29 |     1 |            10
           29 |     2 |             3
           29 |     3 |             0
           29 |     4 |             0
           29 |     5 |             0
           29 |     6 |             0
           29 |     7 |             0
           29 |     8 |             0
           29 |     9 |             0
           29 |    10 |             0
           29 |    11 |             0
           29 |    12 |             0
           29 |    13 |             0
           29 |    14 |             0
           29 |    15 |             0
           29 |    16 |             0
           29 |    17 |             0
           29 |    18 |             4
           29 |    19 |            12
----------------------------------
           30 |     1 |            10
           30 |     2 |             0
           30 |     3 |             4
           30 |     4 |             0
           30 |     5 |             0
           30 |     6 |             1
           30 |     7 |             0
           30 |     8 |             0
           30 |     9 |             0
           30 |    10 |             0
           30 |    11 |             0
           30 |    12 |             0
           30 |    13 |             0
           30 |    14 |             1
           30 |    15 |             0
           30 |    16 |             0
           30 |    17 |             2
           30 |    18 |             4
           30 |    19 |             8
----------------------------------
----------------------------------
----------------------------------
           33 |     1 |            18
           33 |     2 |             0
           33 |     3 |             0
           33 |     4 |             0
           33 |     5 |             0
           33 |     6 |             0
           33 |     7 |             0
           33 |     8 |             0
           33 |     9 |             0
           33 |    10 |             0
           33 |    11 |             0
           33 |    12 |             0
           33 |    13 |             0
           33 |    14 |             0
           33 |    15 |             0
           33 |    16 |             0
           33 |    17 |             1
           33 |    18 |             2
           33 |    19 |            12
----------------------------------
----------------------------------
           35 |     1 |            22
           35 |     2 |             1
           35 |     3 |             0
           35 |     4 |             0
           35 |     5 |             0
           35 |     6 |             0
           35 |     7 |             0
           35 |     8 |             0
           35 |     9 |             0
           35 |    10 |             0
           35 |    11 |             0
           35 |    12 |             0
           35 |    13 |             0
           35 |    14 |             0
           35 |    15 |             0
           35 |    16 |             0
           35 |    17 |             1
           35 |    18 |             4
           35 |    19 |             7
----------------------------------
----------------------------------
----------------------------------
----------------------------------
           39 |     1 |            50
           39 |     2 |             1
           39 |     3 |             0
           39 |     4 |             0
           39 |     5 |             0
           39 |     6 |             0
           39 |     7 |             0
           39 |     8 |             0
           39 |     9 |             0
           39 |    10 |             0
           39 |    11 |             0
           39 |    12 |             0
           39 |    13 |             0
           39 |    14 |             0
           39 |    15 |             0
           39 |    16 |             1
           39 |    17 |             7
           39 |    18 |             5
           39 |    19 |            14
----------------------------------
----------------------------------
           41 |     1 |            46
           41 |     2 |             4
           41 |     3 |             0
           41 |     4 |             0
           41 |     5 |             0
           41 |     6 |             0
           41 |     7 |             0
           41 |     8 |             0
           41 |     9 |             0
           41 |    10 |             0
           41 |    11 |             0
           41 |    12 |             0
           41 |    13 |             0
           41 |    14 |             0
           41 |    15 |             0
           41 |    16 |             1
           41 |    17 |             6
           41 |    18 |             6
           41 |    19 |            19
----------------------------------
           42 |     1 |            47
           42 |     2 |             4
           42 |     3 |             3
           42 |     4 |             0
           42 |     5 |             0
           42 |     6 |             0
           42 |     7 |             0
           42 |     8 |             0
           42 |     9 |             0
           42 |    10 |             0
           42 |    11 |             0
           42 |    12 |             0
           42 |    13 |             0
           42 |    14 |             0
           42 |    15 |             0
           42 |    16 |             0
           42 |    17 |             3
           42 |    18 |             8
           42 |    19 |            19
----------------------------------
           43 |     1 |            98
           43 |     2 |            10
           43 |     3 |             4
           43 |     4 |             2
           43 |     5 |             0
           43 |     6 |             1
           43 |     7 |             0
           43 |     8 |             0
           43 |     9 |             0
           43 |    10 |             0
           43 |    11 |             0
           43 |    12 |             0
           43 |    13 |             0
           43 |    14 |             0
           43 |    15 |             0
           43 |    16 |             1
           43 |    17 |             6
           43 |    18 |            13
           43 |    19 |            37
----------------------------------
           44 |     1 |           201
           44 |     2 |            27
           44 |     3 |             0
           44 |     4 |             0
           44 |     5 |             0
           44 |     6 |             0
           44 |     7 |             0
           44 |     8 |             0
           44 |     9 |             0
           44 |    10 |             0
           44 |    11 |             0
           44 |    12 |             0
           44 |    13 |             1
           44 |    14 |             1
           44 |    15 |             3
           44 |    16 |             4
           44 |    17 |             6
           44 |    18 |            30
           44 |    19 |            79
----------------------------------
           45 |     1 |            78
           45 |     2 |             8
           45 |     3 |             0
           45 |     4 |             0
           45 |     5 |             0
           45 |     6 |             0
           45 |     7 |             0
           45 |     8 |             0
           45 |     9 |             0
           45 |    10 |             0
           45 |    11 |             0
           45 |    12 |             0
           45 |    13 |             0
           45 |    14 |             0
           45 |    15 |             0
           45 |    16 |             5
           45 |    17 |             6
           45 |    18 |            13
           45 |    19 |            25
----------------------------------
           46 |     1 |           107
           46 |     2 |             7
           46 |     3 |             0
           46 |     4 |             0
           46 |     5 |             0
           46 |     6 |             0
           46 |     7 |             0
           46 |     8 |             0
           46 |     9 |             0
           46 |    10 |             0
           46 |    11 |             0
           46 |    12 |             0
           46 |    13 |             0
           46 |    14 |             1
           46 |    15 |             3
           46 |    16 |             4
           46 |    17 |             6
           46 |    18 |            24
           46 |    19 |            32
----------------------------------
           47 |     1 |           103
           47 |     2 |            11
           47 |     3 |             9
           47 |     4 |             0
           47 |     5 |             2
           47 |     6 |             0
           47 |     7 |             0
           47 |     8 |             0
           47 |     9 |             0
           47 |    10 |             0
           47 |    11 |             0
           47 |    12 |             0
           47 |    13 |             0
           47 |    14 |             0
           47 |    15 |             1
           47 |    16 |             0
           47 |    17 |             2
           47 |    18 |            10
           47 |    19 |            50
----------------------------------
           48 |     1 |           191
           48 |     2 |             5
           48 |     3 |             4
           48 |     4 |             0
           48 |     5 |             0
           48 |     6 |             0
           48 |     7 |             0
           48 |     8 |             0
           48 |     9 |             0
           48 |    10 |             0
           48 |    11 |             0
           48 |    12 |             0
           48 |    13 |             0
           48 |    14 |             0
           48 |    15 |             0
           48 |    16 |             2
           48 |    17 |            16
           48 |    18 |            16
           48 |    19 |            54
----------------------------------
           49 |     1 |           230
           49 |     2 |            32
           49 |     3 |             8
           49 |     4 |             0
           49 |     5 |             2
           49 |     6 |             0
           49 |     7 |             0
           49 |     8 |             0
           49 |     9 |             0
           49 |    10 |             0
           49 |    11 |             0
           49 |    12 |             0
           49 |    13 |             2
           49 |    14 |             2
           49 |    15 |             3
           49 |    16 |             4
           49 |    17 |            10
           49 |    18 |            30
           49 |    19 |            69
----------------------------------
           50 |     1 |           350
           50 |     2 |            26
           50 |     3 |             2
           50 |     4 |             0
           50 |     5 |             2
           50 |     6 |             0
           50 |     7 |             0
           50 |     8 |             0
           50 |     9 |             0
           50 |    10 |             1
           50 |    11 |             1
           50 |    12 |             0
           50 |    13 |             0
           50 |    14 |             0
           50 |    15 |             0
           50 |    16 |             2
           50 |    17 |            10
           50 |    18 |            31
           50 |    19 |           125
----------------------------------
           51 |     1 |           371
           51 |     2 |            49
           51 |     3 |            19
           51 |     4 |             5
           51 |     5 |             5
           51 |     6 |             0
           51 |     7 |             3
           51 |     8 |             0
           51 |     9 |             0
           51 |    10 |             0
           51 |    11 |             0
           51 |    12 |             1
           51 |    13 |             0
           51 |    14 |             1
           51 |    15 |             1
           51 |    16 |            12
           51 |    17 |            17
           51 |    18 |            54
           51 |    19 |           125
----------------------------------
           52 |     1 |           274
           52 |     2 |            65
           52 |     3 |            23
           52 |     4 |             8
           52 |     5 |             0
           52 |     6 |             0
           52 |     7 |             0
           52 |     8 |             0
           52 |     9 |             0
           52 |    10 |             0
           52 |    11 |             0
           52 |    12 |             0
           52 |    13 |             0
           52 |    14 |             0
           52 |    15 |             0
           52 |    16 |             6
           52 |    17 |             9
           52 |    18 |            32
           52 |    19 |           103
----------------------------------
           53 |     1 |           533
           53 |     2 |            63
           53 |     3 |            20
           53 |     4 |             2
           53 |     5 |             0
           53 |     6 |             5
           53 |     7 |             0
           53 |     8 |             1
           53 |     9 |             0
           53 |    10 |             0
           53 |    11 |             0
           53 |    12 |             0
           53 |    13 |             4
           53 |    14 |             4
           53 |    15 |             9
           53 |    16 |            17
           53 |    17 |            33
           53 |    18 |            56
           53 |    19 |           154
----------------------------------
           54 |     1 |           269
           54 |     2 |            40
           54 |     3 |             3
           54 |     4 |             0
           54 |     5 |             0
           54 |     6 |             0
           54 |     7 |             0
           54 |     8 |             0
           54 |     9 |             0
           54 |    10 |             1
           54 |    11 |             1
           54 |    12 |             1
           54 |    13 |             2
           54 |    14 |             0
           54 |    15 |             2
           54 |    16 |             1
           54 |    17 |            10
           54 |    18 |            19
           54 |    19 |            83
----------------------------------
           55 |     1 |           345
           55 |     2 |            71
           55 |     3 |            10
           55 |     4 |             2
           55 |     5 |             1
           55 |     6 |             3
           55 |     7 |             0
           55 |     8 |             2
           55 |     9 |             2
           55 |    10 |             1
           55 |    11 |             0
           55 |    12 |             0
           55 |    13 |             0
           55 |    14 |             0
           55 |    15 |             1
           55 |    16 |             8
           55 |    17 |            16
           55 |    18 |            36
           55 |    19 |           107
----------------------------------
           56 |     1 |           621
           56 |     2 |           137
           56 |     3 |            26
           56 |     4 |            10
           56 |     5 |             3
           56 |     6 |             4
           56 |     7 |             1
           56 |     8 |             2
           56 |     9 |             4
           56 |    10 |             2
           56 |    11 |             1
           56 |    12 |             0
           56 |    13 |             0
           56 |    14 |             2
           56 |    15 |             4
           56 |    16 |            10
           56 |    17 |            21
           56 |    18 |            65
           56 |    19 |           207
----------------------------------
           57 |     1 |           551
           57 |     2 |           110
           57 |     3 |            21
           57 |     4 |             1
           57 |     5 |             7
           57 |     6 |             3
           57 |     7 |             0
           57 |     8 |             0
           57 |     9 |             0
           57 |    10 |             1
           57 |    11 |             2
           57 |    12 |             2
           57 |    13 |             5
           57 |    14 |             4
           57 |    15 |             5
           57 |    16 |             6
           57 |    17 |            12
           57 |    18 |            61
           57 |    19 |           178
----------------------------------
           58 |     1 |           480
           58 |     2 |            91
           58 |     3 |             7
           58 |     4 |             1
           58 |     5 |             2
           58 |     6 |             0
           58 |     7 |             1
           58 |     8 |             1
           58 |     9 |             1
           58 |    10 |             0
           58 |    11 |             2
           58 |    12 |             4
           58 |    13 |             5
           58 |    14 |             0
           58 |    15 |             3
           58 |    16 |             3
           58 |    17 |            19
           58 |    18 |            55
           58 |    19 |           137
----------------------------------
           59 |     1 |           671
           59 |     2 |            71
           59 |     3 |            33
           59 |     4 |             1
           59 |     5 |             0
           59 |     6 |             3
           59 |     7 |             1
           59 |     8 |             3
           59 |     9 |             8
           59 |    10 |             0
           59 |    11 |             4
           59 |    12 |             2
           59 |    13 |             2
           59 |    14 |             3
           59 |    15 |             2
           59 |    16 |             3
           59 |    17 |            12
           59 |    18 |            45
           59 |    19 |           198
----------------------------------
           60 |     1 |           527
           60 |     2 |            40
           60 |     3 |            13
           60 |     4 |            17
           60 |     5 |             6
           60 |     6 |             8
           60 |     7 |             1
           60 |     8 |             0
           60 |     9 |             0
           60 |    10 |             2
           60 |    11 |             0
           60 |    12 |             1
           60 |    13 |             2
           60 |    14 |             2
           60 |    15 |             5
           60 |    16 |            16
           60 |    17 |            14
           60 |    18 |            52
           60 |    19 |           134
----------------------------------
           61 |     1 |           772
           61 |     2 |           121
           61 |     3 |            14
           61 |     4 |             2
           61 |     5 |             3
           61 |     6 |             1
           61 |     7 |             0
           61 |     8 |             0
           61 |     9 |             0
           61 |    10 |             2
           61 |    11 |             0
           61 |    12 |             0
           61 |    13 |             1
           61 |    14 |             1
           61 |    15 |             3
           61 |    16 |            15
           61 |    17 |            26
           61 |    18 |            56
           61 |    19 |           203
----------------------------------
           62 |     1 |          1137
           62 |     2 |           172
           62 |     3 |            43
           62 |     4 |            10
           62 |     5 |             9
           62 |     6 |             5
           62 |     7 |             1
           62 |     8 |             5
           62 |     9 |             2
           62 |    10 |             0
           62 |    11 |             1
           62 |    12 |             3
           62 |    13 |             1
           62 |    14 |             3
           62 |    15 |            11
           62 |    16 |            11
           62 |    17 |            17
           62 |    18 |           108
           62 |    19 |           321
----------------------------------
           63 |     1 |          1014
           63 |     2 |           172
           63 |     3 |            68
           63 |     4 |            28
           63 |     5 |             9
           63 |     6 |             0
           63 |     7 |             5
           63 |     8 |             1
           63 |     9 |             0
           63 |    10 |             1
           63 |    11 |             3
           63 |    12 |             3
           63 |    13 |             1
           63 |    14 |             4
           63 |    15 |             9
           63 |    16 |            16
           63 |    17 |            46
           63 |    18 |            89
           63 |    19 |           295
----------------------------------
           64 |     1 |           869
           64 |     2 |           118
           64 |     3 |            46
           64 |     4 |             7
           64 |     5 |             6
           64 |     6 |             4
           64 |     7 |             4
           64 |     8 |             2
           64 |     9 |             0
           64 |    10 |             1
           64 |    11 |             0
           64 |    12 |             1
           64 |    13 |             0
           64 |    14 |             3
           64 |    15 |             2
           64 |    16 |             8
           64 |    17 |            25
           64 |    18 |            74
           64 |    19 |           238
----------------------------------
           65 |     1 |          1135
           65 |     2 |           178
           65 |     3 |            46
           65 |     4 |             8
           65 |     5 |             5
           65 |     6 |             3
           65 |     7 |             1
           65 |     8 |             1
           65 |     9 |             0
           65 |    10 |             1
           65 |    11 |             1
           65 |    12 |             0
           65 |    13 |             2
           65 |    14 |             5
           65 |    15 |             1
           65 |    16 |            14
           65 |    17 |            32
           65 |    18 |           101
           65 |    19 |           286
----------------------------------
           66 |     1 |          1188
           66 |     2 |           296
           66 |     3 |            59
           66 |     4 |            26
           66 |     5 |             2
           66 |     6 |             0
           66 |     7 |             2
           66 |     8 |             4
           66 |     9 |             4
           66 |    10 |             3
           66 |    11 |             4
           66 |    12 |             4
           66 |    13 |             3
           66 |    14 |            12
           66 |    15 |            18
           66 |    16 |            38
           66 |    17 |            39
           66 |    18 |           107
           66 |    19 |           303
----------------------------------
           67 |     1 |          1510
           67 |     2 |           242
           67 |     3 |            47
           67 |     4 |            23
           67 |     5 |             2
           67 |     6 |             6
           67 |     7 |             7
           67 |     8 |             1
           67 |     9 |             0
           67 |    10 |             0
           67 |    11 |             2
           67 |    12 |             3
           67 |    13 |             1
           67 |    14 |             5
           67 |    15 |            12
           67 |    16 |            17
           67 |    17 |            42
           67 |    18 |           119
           67 |    19 |           373
----------------------------------
           68 |     1 |          1111
           68 |     2 |           277
           68 |     3 |            52
           68 |     4 |            10
           68 |     5 |             7
           68 |     6 |             4
           68 |     7 |             0
           68 |     8 |             1
           68 |     9 |             0
           68 |    10 |             3
           68 |    11 |             0
           68 |    12 |             3
           68 |    13 |             1
           68 |    14 |             3
           68 |    15 |             4
           68 |    16 |            10
           68 |    17 |            36
           68 |    18 |           101
           68 |    19 |           281
----------------------------------
           69 |     1 |          1116
           69 |     2 |           250
           69 |     3 |            62
           69 |     4 |            25
           69 |     5 |            18
           69 |     6 |             2
           69 |     7 |             6
           69 |     8 |             9
           69 |     9 |             4
           69 |    10 |             2
           69 |    11 |             6
           69 |    12 |             3
           69 |    13 |            11
           69 |    14 |            10
           69 |    15 |             7
           69 |    16 |            13
           69 |    17 |            31
           69 |    18 |            90
           69 |    19 |           267
----------------------------------
           70 |     1 |           815
           70 |     2 |           165
           70 |     3 |            52
           70 |     4 |            15
           70 |     5 |            11
           70 |     6 |             2
           70 |     7 |             2
           70 |     8 |             1
           70 |     9 |             1
           70 |    10 |             0
           70 |    11 |             0
           70 |    12 |             0
           70 |    13 |             2
           70 |    14 |             8
           70 |    15 |             9
           70 |    16 |            10
           70 |    17 |            14
           70 |    18 |            72
           70 |    19 |           221
----------------------------------
           71 |     1 |          1326
           71 |     2 |           269
           71 |     3 |            80
           71 |     4 |            41
           71 |     5 |            12
           71 |     6 |             1
           71 |     7 |             6
           71 |     8 |             3
           71 |     9 |             2
           71 |    10 |             5
           71 |    11 |             8
           71 |    12 |             2
           71 |    13 |             4
           71 |    14 |             6
           71 |    15 |             9
           71 |    16 |            18
           71 |    17 |            36
           71 |    18 |            98
           71 |    19 |           346
----------------------------------
           72 |     1 |          1100
           72 |     2 |           276
           72 |     3 |            54
           72 |     4 |            22
           72 |     5 |             2
           72 |     6 |             8
           72 |     7 |             3
           72 |     8 |             2
           72 |     9 |             0
           72 |    10 |             0
           72 |    11 |             0
           72 |    12 |             1
           72 |    13 |             0
           72 |    14 |             5
           72 |    15 |             6
           72 |    16 |             8
           72 |    17 |            28
           72 |    18 |            79
           72 |    19 |           278
----------------------------------
           73 |     1 |          1218
           73 |     2 |           287
           73 |     3 |            84
           73 |     4 |            17
           73 |     5 |            24
           73 |     6 |            17
           73 |     7 |             1
           73 |     8 |             6
           73 |     9 |             0
           73 |    10 |             2
           73 |    11 |             2
           73 |    12 |             0
           73 |    13 |             1
           73 |    14 |             3
           73 |    15 |             9
           73 |    16 |            17
           73 |    17 |            35
           73 |    18 |           102
           73 |    19 |           292
----------------------------------
           74 |     1 |           809
           74 |     2 |           175
           74 |     3 |            52
           74 |     4 |            43
           74 |     5 |            16
           74 |     6 |            10
           74 |     7 |             4
           74 |     8 |             4
           74 |     9 |             0
           74 |    10 |             2
           74 |    11 |             2
           74 |    12 |             2
           74 |    13 |             0
           74 |    14 |             4
           74 |    15 |             9
           74 |    16 |            10
           74 |    17 |            21
           74 |    18 |            57
           74 |    19 |           186
----------------------------------
           75 |     1 |           888
           75 |     2 |           163
           75 |     3 |            82
           75 |     4 |            19
           75 |     5 |            13
           75 |     6 |             5
           75 |     7 |             4
           75 |     8 |             0
           75 |     9 |             0
           75 |    10 |             4
           75 |    11 |             2
           75 |    12 |             5
           75 |    13 |             3
           75 |    14 |             8
           75 |    15 |             4
           75 |    16 |            15
           75 |    17 |            25
           75 |    18 |            64
           75 |    19 |           196
----------------------------------
           76 |     1 |          1484
           76 |     2 |           331
           76 |     3 |            85
           76 |     4 |            37
           76 |     5 |            23
           76 |     6 |             6
           76 |     7 |             3
           76 |     8 |             6
           76 |     9 |             4
           76 |    10 |             4
           76 |    11 |             5
           76 |    12 |             2
           76 |    13 |             3
           76 |    14 |             6
           76 |    15 |            14
           76 |    16 |            20
           76 |    17 |            43
           76 |    18 |           104
           76 |    19 |           328
----------------------------------
           77 |     1 |           940
           77 |     2 |           191
           77 |     3 |            64
           77 |     4 |             9
           77 |     5 |             9
           77 |     6 |             3
           77 |     7 |             2
           77 |     8 |             0
           77 |     9 |             2
           77 |    10 |             1
           77 |    11 |             0
           77 |    12 |             1
           77 |    13 |             1
           77 |    14 |             2
           77 |    15 |             1
           77 |    16 |            11
           77 |    17 |            22
           77 |    18 |            73
           77 |    19 |           208
----------------------------------
           78 |     1 |          1224
           78 |     2 |           231
           78 |     3 |           102
           78 |     4 |            11
           78 |     5 |            23
           78 |     6 |            10
           78 |     7 |             3
           78 |     8 |             4
           78 |     9 |             0
           78 |    10 |             0
           78 |    11 |             2
           78 |    12 |             0
           78 |    13 |             1
           78 |    14 |             6
           78 |    15 |             4
           78 |    16 |            19
           78 |    17 |            41
           78 |    18 |            88
           78 |    19 |           259
----------------------------------
           79 |     1 |           817
           79 |     2 |           171
           79 |     3 |            64
           79 |     4 |            15
           79 |     5 |             6
           79 |     6 |             1
           79 |     7 |             2
           79 |     8 |             0
           79 |     9 |             0
           79 |    10 |             0
           79 |    11 |             1
           79 |    12 |             1
           79 |    13 |             1
           79 |    14 |             1
           79 |    15 |             2
           79 |    16 |            10
           79 |    17 |            20
           79 |    18 |            58
           79 |    19 |           173
----------------------------------
           80 |     1 |           982
           80 |     2 |           251
           80 |     3 |            47
           80 |     4 |            32
           80 |     5 |            21
           80 |     6 |             3
           80 |     7 |            11
           80 |     8 |             4
           80 |     9 |             1
           80 |    10 |             1
           80 |    11 |             0
           80 |    12 |             1
           80 |    13 |             1
           80 |    14 |             0
           80 |    15 |             5
           80 |    16 |             9
           80 |    17 |            22
           80 |    18 |            54
           80 |    19 |           235
----------------------------------
           81 |     1 |           740
           81 |     2 |           174
           81 |     3 |            70
           81 |     4 |            39
           81 |     5 |             7
           81 |     6 |             0
           81 |     7 |             4
           81 |     8 |             1
           81 |     9 |             1
           81 |    10 |             1
           81 |    11 |             1
           81 |    12 |             1
           81 |    13 |             1
           81 |    14 |             2
           81 |    15 |             5
           81 |    16 |             8
           81 |    17 |            20
           81 |    18 |            68
           81 |    19 |           153
----------------------------------
           82 |     1 |          1152
           82 |     2 |           298
           82 |     3 |            77
           82 |     4 |            36
           82 |     5 |             3
           82 |     6 |             8
           82 |     7 |             8
           82 |     8 |             1
           82 |     9 |             2
           82 |    10 |             0
           82 |    11 |             3
           82 |    12 |             1
           82 |    13 |             3
           82 |    14 |             7
           82 |    15 |             5
           82 |    16 |             9
           82 |    17 |            27
           82 |    18 |            63
           82 |    19 |           265
----------------------------------
           83 |     1 |           969
           83 |     2 |           233
           83 |     3 |            87
           83 |     4 |            38
           83 |     5 |            11
           83 |     6 |             7
           83 |     7 |             1
           83 |     8 |             0
           83 |     9 |             1
           83 |    10 |             0
           83 |    11 |             0
           83 |    12 |             0
           83 |    13 |             0
           83 |    14 |             3
           83 |    15 |             5
           83 |    16 |            11
           83 |    17 |            26
           83 |    18 |            57
           83 |    19 |           211
----------------------------------
           84 |     1 |           988
           84 |     2 |           236
           84 |     3 |            82
           84 |     4 |            33
           84 |     5 |             4
           84 |     6 |             8
           84 |     7 |             1
           84 |     8 |             4
           84 |     9 |             1
           84 |    10 |             2
           84 |    11 |             2
           84 |    12 |             0
           84 |    13 |             6
           84 |    14 |             0
           84 |    15 |             5
           84 |    16 |             8
           84 |    17 |            15
           84 |    18 |            56
           84 |    19 |           229
----------------------------------
           85 |     1 |           785
           85 |     2 |           250
           85 |     3 |            58
           85 |     4 |            27
           85 |     5 |            21
           85 |     6 |             3
           85 |     7 |            12
           85 |     8 |             2
           85 |     9 |             4
           85 |    10 |             1
           85 |    11 |             3
           85 |    12 |             1
           85 |    13 |             0
           85 |    14 |             4
           85 |    15 |             9
           85 |    16 |            10
           85 |    17 |            28
           85 |    18 |            65
           85 |    19 |           162
----------------------------------
           86 |     1 |           866
           86 |     2 |           290
           86 |     3 |            88
           86 |     4 |            36
           86 |     5 |            17
           86 |     6 |             6
           86 |     7 |             6
           86 |     8 |             4
           86 |     9 |             2
           86 |    10 |             1
           86 |    11 |            10
           86 |    12 |             4
           86 |    13 |             3
           86 |    14 |             5
           86 |    15 |             4
           86 |    16 |            10
           86 |    17 |            26
           86 |    18 |            61
           86 |    19 |           195
----------------------------------
           87 |     1 |          1049
           87 |     2 |           313
           87 |     3 |           124
           87 |     4 |            50
           87 |     5 |            14
           87 |     6 |            19
           87 |     7 |             5
           87 |     8 |             5
           87 |     9 |             0
           87 |    10 |             2
           87 |    11 |             3
           87 |    12 |             4
           87 |    13 |             3
           87 |    14 |             7
           87 |    15 |             7
           87 |    16 |            13
           87 |    17 |            28
           87 |    18 |            58
           87 |    19 |           210
----------------------------------
           88 |     1 |           575
           88 |     2 |           202
           88 |     3 |            42
           88 |     4 |             9
           88 |     5 |             5
           88 |     6 |            20
           88 |     7 |             6
           88 |     8 |             4
           88 |     9 |             3
           88 |    10 |             2
           88 |    11 |             4
           88 |    12 |             3
           88 |    13 |             2
           88 |    14 |             2
           88 |    15 |             0
           88 |    16 |             5
           88 |    17 |            10
           88 |    18 |            40
           88 |    19 |           122
----------------------------------
           89 |     1 |           538
           89 |     2 |           121
           89 |     3 |            46
           89 |     4 |             9
           89 |     5 |             8
           89 |     6 |             0
           89 |     7 |             4
           89 |     8 |             1
           89 |     9 |             0
           89 |    10 |             0
           89 |    11 |             0
           89 |    12 |             3
           89 |    13 |             1
           89 |    14 |             3
           89 |    15 |             3
           89 |    16 |             3
           89 |    17 |            13
           89 |    18 |            30
           89 |    19 |           107
----------------------------------
           90 |     1 |           857
           90 |     2 |           241
           90 |     3 |            86
           90 |     4 |            46
           90 |     5 |            12
           90 |     6 |             3
           90 |     7 |             0
           90 |     8 |             0
           90 |     9 |             3
           90 |    10 |             7
           90 |    11 |             7
           90 |    12 |             4
           90 |    13 |             0
           90 |    14 |             3
           90 |    15 |             5
           90 |    16 |            13
           90 |    17 |            21
           90 |    18 |            54
           90 |    19 |           168
----------------------------------
           91 |     1 |           332
           91 |     2 |            63
           91 |     3 |            35
           91 |     4 |            14
           91 |     5 |             3
           91 |     6 |             3
           91 |     7 |             3
           91 |     8 |             1
           91 |     9 |             0
           91 |    10 |             1
           91 |    11 |             1
           91 |    12 |             0
           91 |    13 |             0
           91 |    14 |             3
           91 |    15 |             4
           91 |    16 |             7
           91 |    17 |            11
           91 |    18 |            16
           91 |    19 |            49
----------------------------------
           92 |     1 |           317
           92 |     2 |            74
           92 |     3 |            29
           92 |     4 |            16
           92 |     5 |            15
           92 |     6 |             0
           92 |     7 |             1
           92 |     8 |             0
           92 |     9 |             0
           92 |    10 |             0
           92 |    11 |             0
           92 |    12 |             3
           92 |    13 |             1
           92 |    14 |             1
           92 |    15 |             2
           92 |    16 |             3
           92 |    17 |             9
           92 |    18 |            18
           92 |    19 |            63
----------------------------------
           93 |     1 |           356
           93 |     2 |            97
           93 |     3 |            38
           93 |     4 |            18
           93 |     5 |            13
           93 |     6 |             8
           93 |     7 |             0
           93 |     8 |             1
           93 |     9 |             0
           93 |    10 |             1
           93 |    11 |             0
           93 |    12 |             1
           93 |    13 |             1
           93 |    14 |             1
           93 |    15 |             1
           93 |    16 |             6
           93 |    17 |             6
           93 |    18 |            33
           93 |    19 |            70
----------------------------------
           94 |     1 |           204
           94 |     2 |            63
           94 |     3 |            27
           94 |     4 |             7
           94 |     5 |             9
           94 |     6 |             0
           94 |     7 |             2
           94 |     8 |             0
           94 |     9 |             1
           94 |    10 |             0
           94 |    11 |             1
           94 |    12 |             0
           94 |    13 |             0
           94 |    14 |             0
           94 |    15 |             3
           94 |    16 |             4
           94 |    17 |             7
           94 |    18 |            11
           94 |    19 |            37
----------------------------------
           95 |     1 |           175
           95 |     2 |            55
           95 |     3 |             8
           95 |     4 |             1
           95 |     5 |             0
           95 |     6 |             0
           95 |     7 |             0
           95 |     8 |             0
           95 |     9 |             0
           95 |    10 |             0
           95 |    11 |             0
           95 |    12 |             0
           95 |    13 |             0
           95 |    14 |             0
           95 |    15 |             0
           95 |    16 |             0
           95 |    17 |             2
           95 |    18 |             8
           95 |    19 |            36
----------------------------------
           96 |     1 |           406
           96 |     2 |           126
           96 |     3 |            63
           96 |     4 |            27
           96 |     5 |             1
           96 |     6 |             2
           96 |     7 |             1
           96 |     8 |             1
           96 |     9 |             2
           96 |    10 |             1
           96 |    11 |             1
           96 |    12 |             0
           96 |    13 |             2
           96 |    14 |             0
           96 |    15 |             3
           96 |    16 |             5
           96 |    17 |            13
           96 |    18 |            26
           96 |    19 |            88
----------------------------------
           97 |     1 |           304
           97 |     2 |            81
           97 |     3 |            65
           97 |     4 |            21
           97 |     5 |             6
           97 |     6 |             3
           97 |     7 |             0
           97 |     8 |             0
           97 |     9 |             0
           97 |    10 |             0
           97 |    11 |             1
           97 |    12 |             3
           97 |    13 |             0
           97 |    14 |             0
           97 |    15 |             1
           97 |    16 |             4
           97 |    17 |            13
           97 |    18 |            25
           97 |    19 |            55
----------------------------------
           98 |     1 |           452
           98 |     2 |           117
           98 |     3 |            60
           98 |     4 |            17
           98 |     5 |            12
           98 |     6 |             9
           98 |     7 |             1
           98 |     8 |             1
           98 |     9 |             3
           98 |    10 |             1
           98 |    11 |             2
           98 |    12 |             2
           98 |    13 |             0
           98 |    14 |             1
           98 |    15 |             2
           98 |    16 |             1
           98 |    17 |             4
           98 |    18 |            20
           98 |    19 |            79
----------------------------------
           99 |     1 |           308
           99 |     2 |           101
           99 |     3 |            58
           99 |     4 |            14
           99 |     5 |             0
           99 |     6 |             1
           99 |     7 |             1
           99 |     8 |             2
           99 |     9 |             2
           99 |    10 |             0
           99 |    11 |             0
           99 |    12 |             2
           99 |    13 |             1
           99 |    14 |             1
           99 |    15 |             2
           99 |    16 |             5
           99 |    17 |             8
           99 |    18 |            18
           99 |    19 |            70
----------------------------------
          100 |     1 |           625
          100 |     2 |           192
          100 |     3 |            95
          100 |     4 |            43
          100 |     5 |            10
          100 |     6 |            10
          100 |     7 |             6
          100 |     8 |             3
          100 |     9 |             2
          100 |    10 |             5
          100 |    11 |             2
          100 |    12 |             2
          100 |    13 |             3
          100 |    14 |             2
          100 |    15 |             5
          100 |    16 |             6
          100 |    17 |            27
          100 |    18 |            48
          100 |    19 |           114
----------------------------------
          101 |     1 |           334
          101 |     2 |            85
          101 |     3 |            41
          101 |     4 |             5
          101 |     5 |            10
          101 |     6 |             8
          101 |     7 |             5
          101 |     8 |             6
          101 |     9 |             1
          101 |    10 |             0
          101 |    11 |             4
          101 |    12 |             0
          101 |    13 |             2
          101 |    14 |             1
          101 |    15 |             4
          101 |    16 |             3
          101 |    17 |             8
          101 |    18 |            23
          101 |    19 |            66
----------------------------------
          102 |     1 |           297
          102 |     2 |            88
          102 |     3 |            61
          102 |     4 |            32
          102 |     5 |            11
          102 |     6 |             8
          102 |     7 |             2
          102 |     8 |             0
          102 |     9 |             2
          102 |    10 |             0
          102 |    11 |             1
          102 |    12 |             1
          102 |    13 |             3
          102 |    14 |             8
          102 |    15 |             2
          102 |    16 |             7
          102 |    17 |             9
          102 |    18 |            22
          102 |    19 |            58
----------------------------------
          103 |     1 |           248
          103 |     2 |           122
          103 |     3 |            13
          103 |     4 |            24
          103 |     5 |            10
          103 |     6 |             6
          103 |     7 |             1
          103 |     8 |             1
          103 |     9 |             0
          103 |    10 |             2
          103 |    11 |             0
          103 |    12 |             4
          103 |    13 |             1
          103 |    14 |             2
          103 |    15 |             3
          103 |    16 |             0
          103 |    17 |             2
          103 |    18 |            19
          103 |    19 |            57
----------------------------------
          104 |     1 |           226
          104 |     2 |            63
          104 |     3 |            31
          104 |     4 |            13
          104 |     5 |             8
          104 |     6 |             5
          104 |     7 |             3
          104 |     8 |             3
          104 |     9 |             2
          104 |    10 |             0
          104 |    11 |             0
          104 |    12 |             1
          104 |    13 |             0
          104 |    14 |             0
          104 |    15 |             0
          104 |    16 |             6
          104 |    17 |             8
          104 |    18 |            13
          104 |    19 |            34
----------------------------------
          105 |     1 |           217
          105 |     2 |            74
          105 |     3 |            37
          105 |     4 |            14
          105 |     5 |             6
          105 |     6 |             5
          105 |     7 |             0
          105 |     8 |             0
          105 |     9 |             2
          105 |    10 |             0
          105 |    11 |             0
          105 |    12 |             0
          105 |    13 |             0
          105 |    14 |             2
          105 |    15 |             1
          105 |    16 |             0
          105 |    17 |             2
          105 |    18 |            13
          105 |    19 |            47
----------------------------------
          106 |     1 |            53
          106 |     2 |            27
          106 |     3 |             3
          106 |     4 |             1
          106 |     5 |             1
          106 |     6 |             0
          106 |     7 |             0
          106 |     8 |             1
          106 |     9 |             0
          106 |    10 |             0
          106 |    11 |             0
          106 |    12 |             0
          106 |    13 |             0
          106 |    14 |             0
          106 |    15 |             2
          106 |    16 |             1
          106 |    17 |             1
          106 |    18 |             6
          106 |    19 |            10
----------------------------------
----------------------------------
          108 |     1 |            44
          108 |     2 |            18
          108 |     3 |            13
          108 |     4 |             6
          108 |     5 |             7
          108 |     6 |             2
          108 |     7 |             1
          108 |     8 |             0
          108 |     9 |             0
          108 |    10 |             0
          108 |    11 |             0
          108 |    12 |             1
          108 |    13 |             0
          108 |    14 |             1
          108 |    15 |             0
          108 |    16 |             0
          108 |    17 |             3
          108 |    18 |             4
          108 |    19 |             8
----------------------------------
          109 |     1 |            56
          109 |     2 |            15
          109 |     3 |             3
          109 |     4 |             8
          109 |     5 |             0
          109 |     6 |             2
          109 |     7 |             3
          109 |     8 |             0
          109 |     9 |             0
          109 |    10 |             1
          109 |    11 |             0
          109 |    12 |             0
          109 |    13 |             0
          109 |    14 |             2
          109 |    15 |             0
          109 |    16 |             5
          109 |    17 |             4
          109 |    18 |             4
          109 |    19 |             6
----------------------------------
          110 |     1 |           268
          110 |     2 |           103
          110 |     3 |            46
          110 |     4 |            26
          110 |     5 |             1
          110 |     6 |             7
          110 |     7 |             2
          110 |     8 |             2
          110 |     9 |             1
          110 |    10 |             0
          110 |    11 |             0
          110 |    12 |             0
          110 |    13 |             0
          110 |    14 |             0
          110 |    15 |             1
          110 |    16 |             2
          110 |    17 |            10
          110 |    18 |            24
          110 |    19 |            57
----------------------------------
----------------------------------
----------------------------------
----------------------------------
----------------------------------
----------------------------------
----------------------------------
          117 |     1 |            85
          117 |     2 |            49
          117 |     3 |            18
          117 |     4 |             0
          117 |     5 |            13
          117 |     6 |             7
          117 |     7 |             3
          117 |     8 |             2
          117 |     9 |             2
          117 |    10 |             2
          117 |    11 |             2
          117 |    12 |             4
          117 |    13 |             3
          117 |    14 |             4
          117 |    15 |             3
          117 |    16 |             2
          117 |    17 |             7
          117 |    18 |             8
          117 |    19 |            20
----------------------------------
          118 |     1 |            94
          118 |     2 |            58
          118 |     3 |            13
          118 |     4 |             7
          118 |     5 |             5
          118 |     6 |            10
          118 |     7 |             3
          118 |     8 |             0
          118 |     9 |             2
          118 |    10 |             3
          118 |    11 |             2
          118 |    12 |             4
          118 |    13 |             1
          118 |    14 |             3
          118 |    15 |             1
          118 |    16 |             1
          118 |    17 |             1
          118 |    18 |             2
          118 |    19 |            26
----------------------------------
----------------------------------
          120 |     1 |            66
          120 |     2 |            23
          120 |     3 |             5
          120 |     4 |             9
          120 |     5 |             1
          120 |     6 |             0
          120 |     7 |             0
          120 |     8 |             1
          120 |     9 |             0
          120 |    10 |             0
          120 |    11 |             0
          120 |    12 |             0
          120 |    13 |             0
          120 |    14 |             0
          120 |    15 |             0
          120 |    16 |             1
          120 |    17 |             1
          120 |    18 |             4
          120 |    19 |             9
----------------------------------
          121 |     1 |            65
          121 |     2 |            24
          121 |     3 |             5
          121 |     4 |             6
          121 |     5 |             3
          121 |     6 |             0
          121 |     7 |             0
          121 |     8 |             3
          121 |     9 |             0
          121 |    10 |             0
          121 |    11 |             1
          121 |    12 |             1
          121 |    13 |             0
          121 |    14 |             0
          121 |    15 |             1
          121 |    16 |             1
          121 |    17 |             1
          121 |    18 |             1
          121 |    19 |             9
----------------------------------
          122 |     1 |            49
          122 |     2 |            34
          122 |     3 |            18
          122 |     4 |             2
          122 |     5 |             2
          122 |     6 |             0
          122 |     7 |             0
          122 |     8 |             0
          122 |     9 |             0
          122 |    10 |             0
          122 |    11 |             0
          122 |    12 |             0
          122 |    13 |             0
          122 |    14 |             0
          122 |    15 |             1
          122 |    16 |             0
          122 |    17 |             1
          122 |    18 |             5
          122 |    19 |            10
----------------------------------
          123 |     1 |            43
          123 |     2 |            28
          123 |     3 |            17
          123 |     4 |             9
          123 |     5 |             0
          123 |     6 |             3
          123 |     7 |             0
          123 |     8 |             1
          123 |     9 |             1
          123 |    10 |             0
          123 |    11 |             2
          123 |    12 |             0
          123 |    13 |             0
          123 |    14 |             0
          123 |    15 |             1
          123 |    16 |             2
          123 |    17 |             2
          123 |    18 |             3
          123 |    19 |            11
----------------------------------
          124 |     1 |            52
          124 |     2 |            17
          124 |     3 |            24
          124 |     4 |             7
          124 |     5 |             3
          124 |     6 |             2
          124 |     7 |             0
          124 |     8 |             0
          124 |     9 |             0
          124 |    10 |             0
          124 |    11 |             0
          124 |    12 |             0
          124 |    13 |             0
          124 |    14 |             0
          124 |    15 |             0
          124 |    16 |             0
          124 |    17 |             2
          124 |    18 |             5
          124 |    19 |            12
----------------------------------
----------------------------------
----------------------------------
----------------------------------
----------------------------------
----------------------------------
----------------------------------
----------------------------------
----------------------------------
----------------------------------
----------------------------------
----------------------------------
----------------------------------
----------------------------------
----------------------------------
----------------------------------
----------------------------------
----------------------------------
----------------------------------
----------------------------------
----------------------------------
----------------------------------
----------------------------------
----------------------------------
----------------------------------
----------------------------------
----------------------------------
----------------------------------
----------------------------------
----------------------------------
----------------------------------
----------------------------------
----------------------------------
----------------------------------
----------------------------------
----------------------------------
----------------------------------
----------------------------------
----------------------------------
----------------------------------
----------------------------------
----------------------------------
----------------------------------
----------------------------------
----------------------------------
----------------------------------
----------------------------------
----------------------------------
----------------------------------
----------------------------------
----------------------------------
----------------------------------
----------------------------------
----------------------------------
----------------------------------
----------------------------------
----------------------------------
----------------------------------
----------------------------------
----------------------------------
----------------------------------
----------------------------------
----------------------------------
----------------------------------
----------------------------------
----------------------------------
----------------------------------
