MinCut number | SSize | Number of cuts
----------------------------------
----------------------------------
----------------------------------
----------------------------------
----------------------------------
----------------------------------
----------------------------------
----------------------------------
----------------------------------
----------------------------------
----------------------------------
----------------------------------
----------------------------------
----------------------------------
           33 |     1 |            14
           33 |     2 |             0
           33 |     3 |             0
           33 |     4 |             1
           33 |     5 |             0
           33 |     6 |             0
           33 |     7 |             0
           33 |     8 |             0
           33 |     9 |             0
           33 |    10 |             0
           33 |    11 |             0
           33 |    12 |             0
           33 |    13 |             0
           33 |    14 |             0
           33 |    15 |             0
           33 |    16 |             0
           33 |    17 |             3
           33 |    18 |             5
           33 |    19 |            10
----------------------------------
           34 |     1 |            14
           34 |     2 |             1
           34 |     3 |             0
           34 |     4 |             1
           34 |     5 |             0
           34 |     6 |             0
           34 |     7 |             0
           34 |     8 |             0
           34 |     9 |             0
           34 |    10 |             0
           34 |    11 |             1
           34 |    12 |             0
           34 |    13 |             0
           34 |    14 |             1
           34 |    15 |             0
           34 |    16 |             1
           34 |    17 |             3
           34 |    18 |             2
           34 |    19 |            10
----------------------------------
----------------------------------
----------------------------------
----------------------------------
           38 |     1 |            76
           38 |     2 |            12
           38 |     3 |             3
           38 |     4 |             1
           38 |     5 |             0
           38 |     6 |             1
           38 |     7 |             0
           38 |     8 |             0
           38 |     9 |             0
           38 |    10 |             0
           38 |    11 |             0
           38 |    12 |             0
           38 |    13 |             0
           38 |    14 |             0
           38 |    15 |             1
           38 |    16 |             1
           38 |    17 |             3
           38 |    18 |            14
           38 |    19 |            40
----------------------------------
----------------------------------
           40 |     1 |            35
           40 |     2 |             7
           40 |     3 |             0
           40 |     4 |             0
           40 |     5 |             3
           40 |     6 |             0
           40 |     7 |             0
           40 |     8 |             0
           40 |     9 |             2
           40 |    10 |             0
           40 |    11 |             0
           40 |    12 |             0
           40 |    13 |             0
           40 |    14 |             0
           40 |    15 |             0
           40 |    16 |             0
           40 |    17 |             3
           40 |    18 |             9
           40 |    19 |            21
----------------------------------
           41 |     1 |            53
           41 |     2 |             5
           41 |     3 |             1
           41 |     4 |             5
           41 |     5 |             1
           41 |     6 |             4
           41 |     7 |             0
           41 |     8 |             0
           41 |     9 |             2
           41 |    10 |             0
           41 |    11 |             0
           41 |    12 |             2
           41 |    13 |             2
           41 |    14 |             4
           41 |    15 |             1
           41 |    16 |             9
           41 |    17 |             6
           41 |    18 |             8
           41 |    19 |            20
----------------------------------
           42 |     1 |            40
           42 |     2 |            10
           42 |     3 |             0
           42 |     4 |             0
           42 |     5 |             0
           42 |     6 |             0
           42 |     7 |             0
           42 |     8 |             0
           42 |     9 |             1
           42 |    10 |             0
           42 |    11 |             0
           42 |    12 |             0
           42 |    13 |             0
           42 |    14 |             0
           42 |    15 |             1
           42 |    16 |             2
           42 |    17 |             5
           42 |    18 |             5
           42 |    19 |            20
----------------------------------
           43 |     1 |            57
           43 |     2 |            20
           43 |     3 |             2
           43 |     4 |             0
           43 |     5 |             0
           43 |     6 |             0
           43 |     7 |             0
           43 |     8 |             1
           43 |     9 |             0
           43 |    10 |             0
           43 |    11 |             0
           43 |    12 |             0
           43 |    13 |             0
           43 |    14 |             0
           43 |    15 |             2
           43 |    16 |             5
           43 |    17 |             7
           43 |    18 |            11
           43 |    19 |            24
----------------------------------
           44 |     1 |            84
           44 |     2 |            15
           44 |     3 |            10
           44 |     4 |             2
           44 |     5 |             0
           44 |     6 |             0
           44 |     7 |             0
           44 |     8 |             0
           44 |     9 |             0
           44 |    10 |             1
           44 |    11 |             0
           44 |    12 |             0
           44 |    13 |             0
           44 |    14 |             0
           44 |    15 |             2
           44 |    16 |             1
           44 |    17 |             3
           44 |    18 |            14
           44 |    19 |            44
----------------------------------
           45 |     1 |            46
           45 |     2 |             3
           45 |     3 |             6
           45 |     4 |             0
           45 |     5 |             0
           45 |     6 |             2
           45 |     7 |             0
           45 |     8 |             0
           45 |     9 |             0
           45 |    10 |             0
           45 |    11 |             4
           45 |    12 |             2
           45 |    13 |             0
           45 |    14 |             0
           45 |    15 |             1
           45 |    16 |             1
           45 |    17 |             2
           45 |    18 |             8
           45 |    19 |            15
----------------------------------
           46 |     1 |            74
           46 |     2 |             5
           46 |     3 |            10
           46 |     4 |             0
           46 |     5 |             0
           46 |     6 |             0
           46 |     7 |             0
           46 |     8 |             0
           46 |     9 |             0
           46 |    10 |             0
           46 |    11 |             0
           46 |    12 |             0
           46 |    13 |             0
           46 |    14 |             0
           46 |    15 |             1
           46 |    16 |             4
           46 |    17 |             9
           46 |    18 |             8
           46 |    19 |            27
----------------------------------
           47 |     1 |           148
           47 |     2 |            26
           47 |     3 |             6
           47 |     4 |             2
           47 |     5 |             0
           47 |     6 |             1
           47 |     7 |             0
           47 |     8 |             0
           47 |     9 |             0
           47 |    10 |             0
           47 |    11 |             0
           47 |    12 |             2
           47 |    13 |             2
           47 |    14 |             2
           47 |    15 |             3
           47 |    16 |             6
           47 |    17 |            15
           47 |    18 |            22
           47 |    19 |            47
----------------------------------
           48 |     1 |           164
           48 |     2 |            16
           48 |     3 |             4
           48 |     4 |             4
           48 |     5 |             0
           48 |     6 |             2
           48 |     7 |             0
           48 |     8 |             0
           48 |     9 |             1
           48 |    10 |             1
           48 |    11 |             2
           48 |    12 |             0
           48 |    13 |             0
           48 |    14 |             2
           48 |    15 |             7
           48 |    16 |             8
           48 |    17 |             9
           48 |    18 |            19
           48 |    19 |            49
----------------------------------
           49 |     1 |           141
           49 |     2 |            33
           49 |     3 |            12
           49 |     4 |             6
           49 |     5 |             2
           49 |     6 |             0
           49 |     7 |             2
           49 |     8 |             0
           49 |     9 |             1
           49 |    10 |             0
           49 |    11 |             1
           49 |    12 |             1
           49 |    13 |             0
           49 |    14 |             0
           49 |    15 |             2
           49 |    16 |             8
           49 |    17 |            10
           49 |    18 |            23
           49 |    19 |            52
----------------------------------
           50 |     1 |           192
           50 |     2 |            41
           50 |     3 |             7
           50 |     4 |            12
           50 |     5 |            10
           50 |     6 |             3
           50 |     7 |             0
           50 |     8 |             0
           50 |     9 |             0
           50 |    10 |             1
           50 |    11 |             1
           50 |    12 |             0
           50 |    13 |             2
           50 |    14 |             3
           50 |    15 |             3
           50 |    16 |            10
           50 |    17 |            13
           50 |    18 |            32
           50 |    19 |            70
----------------------------------
           51 |     1 |           185
           51 |     2 |            36
           51 |     3 |            16
           51 |     4 |             2
           51 |     5 |             0
           51 |     6 |             0
           51 |     7 |            11
           51 |     8 |             0
           51 |     9 |             0
           51 |    10 |             1
           51 |    11 |             1
           51 |    12 |             0
           51 |    13 |             1
           51 |    14 |             3
           51 |    15 |             0
           51 |    16 |             6
           51 |    17 |            14
           51 |    18 |            22
           51 |    19 |            59
----------------------------------
           52 |     1 |           371
           52 |     2 |            59
           52 |     3 |            10
           52 |     4 |             2
           52 |     5 |             0
           52 |     6 |             7
           52 |     7 |             3
           52 |     8 |             1
           52 |     9 |             5
           52 |    10 |             5
           52 |    11 |             1
           52 |    12 |             4
           52 |    13 |             7
           52 |    14 |             6
           52 |    15 |            11
           52 |    16 |            12
           52 |    17 |            17
           52 |    18 |            55
           52 |    19 |           100
----------------------------------
           53 |     1 |           313
           53 |     2 |            47
           53 |     3 |            13
           53 |     4 |            11
           53 |     5 |            11
           53 |     6 |             2
           53 |     7 |             2
           53 |     8 |             1
           53 |     9 |             0
           53 |    10 |             1
           53 |    11 |             1
           53 |    12 |             5
           53 |    13 |             5
           53 |    14 |             3
           53 |    15 |             4
           53 |    16 |            10
           53 |    17 |            17
           53 |    18 |            49
           53 |    19 |            88
----------------------------------
           54 |     1 |           532
           54 |     2 |            86
           54 |     3 |            40
           54 |     4 |            17
           54 |     5 |             4
           54 |     6 |             0
           54 |     7 |             1
           54 |     8 |             2
           54 |     9 |             0
           54 |    10 |             3
           54 |    11 |             1
           54 |    12 |             3
           54 |    13 |             1
           54 |    14 |             5
           54 |    15 |            14
           54 |    16 |            16
           54 |    17 |            26
           54 |    18 |            67
           54 |    19 |           154
----------------------------------
           55 |     1 |           552
           55 |     2 |           118
           55 |     3 |            25
           55 |     4 |             9
           55 |     5 |             4
           55 |     6 |             1
           55 |     7 |             3
           55 |     8 |             3
           55 |     9 |             1
           55 |    10 |            10
           55 |    11 |             3
           55 |    12 |             3
           55 |    13 |             0
           55 |    14 |             2
           55 |    15 |             5
           55 |    16 |            13
           55 |    17 |            29
           55 |    18 |            68
           55 |    19 |           141
----------------------------------
           56 |     1 |           438
           56 |     2 |            74
           56 |     3 |            10
           56 |     4 |             3
           56 |     5 |             2
           56 |     6 |             1
           56 |     7 |             0
           56 |     8 |             0
           56 |     9 |             0
           56 |    10 |             1
           56 |    11 |             0
           56 |    12 |             0
           56 |    13 |             0
           56 |    14 |             1
           56 |    15 |             1
           56 |    16 |             7
           56 |    17 |            26
           56 |    18 |            49
           56 |    19 |           115
----------------------------------
           57 |     1 |           567
           57 |     2 |            79
           57 |     3 |            50
           57 |     4 |            15
           57 |     5 |            10
           57 |     6 |             4
           57 |     7 |             0
           57 |     8 |             2
           57 |     9 |             0
           57 |    10 |             1
           57 |    11 |             2
           57 |    12 |             0
           57 |    13 |             3
           57 |    14 |             3
           57 |    15 |             7
           57 |    16 |            15
           57 |    17 |            30
           57 |    18 |            61
           57 |    19 |           177
----------------------------------
           58 |     1 |           534
           58 |     2 |           105
           58 |     3 |            26
           58 |     4 |            23
           58 |     5 |             5
           58 |     6 |             0
           58 |     7 |             2
           58 |     8 |             0
           58 |     9 |             1
           58 |    10 |             0
           58 |    11 |             9
           58 |    12 |             1
           58 |    13 |             1
           58 |    14 |             2
           58 |    15 |            13
           58 |    16 |            20
           58 |    17 |            28
           58 |    18 |            66
           58 |    19 |           150
----------------------------------
           59 |     1 |           346
           59 |     2 |            62
           59 |     3 |            18
           59 |     4 |             4
           59 |     5 |             0
           59 |     6 |             1
           59 |     7 |             0
           59 |     8 |             0
           59 |     9 |             0
           59 |    10 |             0
           59 |    11 |             2
           59 |    12 |             2
           59 |    13 |             1
           59 |    14 |             2
           59 |    15 |             4
           59 |    16 |             9
           59 |    17 |            12
           59 |    18 |            40
           59 |    19 |            87
----------------------------------
           60 |     1 |           714
           60 |     2 |           119
           60 |     3 |            51
           60 |     4 |            32
           60 |     5 |             5
           60 |     6 |             3
           60 |     7 |             5
           60 |     8 |             9
           60 |     9 |             3
           60 |    10 |            13
           60 |    11 |             3
           60 |    12 |             6
           60 |    13 |             2
           60 |    14 |            10
           60 |    15 |            11
           60 |    16 |            12
           60 |    17 |            38
           60 |    18 |            83
           60 |    19 |           201
----------------------------------
           61 |     1 |           930
           61 |     2 |           201
           61 |     3 |            37
           61 |     4 |            43
           61 |     5 |             8
           61 |     6 |             8
           61 |     7 |             6
           61 |     8 |             2
           61 |     9 |             2
           61 |    10 |             2
           61 |    11 |             7
           61 |    12 |             7
           61 |    13 |             1
           61 |    14 |             5
           61 |    15 |            23
           61 |    16 |            27
           61 |    17 |            40
           61 |    18 |           110
           61 |    19 |           249
----------------------------------
           62 |     1 |           717
           62 |     2 |           148
           62 |     3 |            40
           62 |     4 |            16
           62 |     5 |             8
           62 |     6 |             1
           62 |     7 |             3
           62 |     8 |             0
           62 |     9 |             3
           62 |    10 |             1
           62 |    11 |             0
           62 |    12 |             5
           62 |    13 |             2
           62 |    14 |             4
           62 |    15 |            10
           62 |    16 |            17
           62 |    17 |            41
           62 |    18 |            91
           62 |    19 |           195
----------------------------------
           63 |     1 |           399
           63 |     2 |            82
           63 |     3 |            32
           63 |     4 |            17
           63 |     5 |            13
           63 |     6 |             2
           63 |     7 |             4
           63 |     8 |             0
           63 |     9 |             5
           63 |    10 |             1
           63 |    11 |             2
           63 |    12 |             2
           63 |    13 |             2
           63 |    14 |             4
           63 |    15 |             2
           63 |    16 |            13
           63 |    17 |            21
           63 |    18 |            47
           63 |    19 |           108
----------------------------------
           64 |     1 |           992
           64 |     2 |           249
           64 |     3 |            90
           64 |     4 |            21
           64 |     5 |            14
           64 |     6 |            11
           64 |     7 |             5
           64 |     8 |             2
           64 |     9 |             4
           64 |    10 |            10
           64 |    11 |             8
           64 |    12 |            12
           64 |    13 |             9
           64 |    14 |            14
           64 |    15 |            19
           64 |    16 |            40
           64 |    17 |            70
           64 |    18 |           108
           64 |    19 |           242
----------------------------------
           65 |     1 |          1009
           65 |     2 |           257
           65 |     3 |            81
           65 |     4 |            24
           65 |     5 |             4
           65 |     6 |             3
           65 |     7 |             2
           65 |     8 |             1
           65 |     9 |             3
           65 |    10 |             4
           65 |    11 |             9
           65 |    12 |             9
           65 |    13 |            10
           65 |    14 |            13
           65 |    15 |            16
           65 |    16 |            25
           65 |    17 |            43
           65 |    18 |           116
           65 |    19 |           256
----------------------------------
           66 |     1 |           463
           66 |     2 |           110
           66 |     3 |            48
           66 |     4 |            26
           66 |     5 |            15
           66 |     6 |             1
           66 |     7 |             2
           66 |     8 |             1
           66 |     9 |             1
           66 |    10 |             7
           66 |    11 |             2
           66 |    12 |             4
           66 |    13 |             7
           66 |    14 |             4
           66 |    15 |             5
           66 |    16 |            13
           66 |    17 |            31
           66 |    18 |            58
           66 |    19 |           126
----------------------------------
           67 |     1 |           873
           67 |     2 |           204
           67 |     3 |            58
           67 |     4 |            16
           67 |     5 |            12
           67 |     6 |             2
           67 |     7 |             5
           67 |     8 |             0
           67 |     9 |             4
           67 |    10 |             3
           67 |    11 |             4
           67 |    12 |             3
           67 |    13 |            13
           67 |    14 |             9
           67 |    15 |            14
           67 |    16 |            16
           67 |    17 |            45
           67 |    18 |           106
           67 |    19 |           221
----------------------------------
           68 |     1 |           781
           68 |     2 |           218
           68 |     3 |            69
           68 |     4 |            20
           68 |     5 |            14
           68 |     6 |             5
           68 |     7 |             2
           68 |     8 |             0
           68 |     9 |             1
           68 |    10 |             2
           68 |    11 |             3
           68 |    12 |             0
           68 |    13 |             2
           68 |    14 |             6
           68 |    15 |            12
           68 |    16 |            20
           68 |    17 |            41
           68 |    18 |            93
           68 |    19 |           207
----------------------------------
           69 |     1 |           784
           69 |     2 |           168
           69 |     3 |            77
           69 |     4 |            63
           69 |     5 |            11
           69 |     6 |            15
           69 |     7 |             5
           69 |     8 |             6
           69 |     9 |             3
           69 |    10 |             6
           69 |    11 |             7
           69 |    12 |            14
           69 |    13 |             6
           69 |    14 |             8
           69 |    15 |            16
           69 |    16 |            19
           69 |    17 |            37
           69 |    18 |            99
           69 |    19 |           174
----------------------------------
           70 |     1 |           889
           70 |     2 |           243
           70 |     3 |            83
           70 |     4 |            15
           70 |     5 |            15
           70 |     6 |             7
           70 |     7 |             1
           70 |     8 |             2
           70 |     9 |             4
           70 |    10 |             1
           70 |    11 |             7
           70 |    12 |             7
           70 |    13 |             7
           70 |    14 |             8
           70 |    15 |            11
           70 |    16 |            19
           70 |    17 |            40
           70 |    18 |            99
           70 |    19 |           222
----------------------------------
           71 |     1 |           789
           71 |     2 |           188
           71 |     3 |            57
           71 |     4 |            20
           71 |     5 |            20
           71 |     6 |             7
           71 |     7 |            11
           71 |     8 |             5
           71 |     9 |             3
           71 |    10 |            12
           71 |    11 |            10
           71 |    12 |            13
           71 |    13 |             9
           71 |    14 |            25
           71 |    15 |            16
           71 |    16 |            23
           71 |    17 |            42
           71 |    18 |            74
           71 |    19 |           167
----------------------------------
           72 |     1 |           910
           72 |     2 |           225
           72 |     3 |            77
           72 |     4 |            37
           72 |     5 |             5
           72 |     6 |             3
           72 |     7 |             6
           72 |     8 |             2
           72 |     9 |             3
           72 |    10 |             2
           72 |    11 |             9
           72 |    12 |             3
           72 |    13 |             5
           72 |    14 |             9
           72 |    15 |            17
           72 |    16 |            24
           72 |    17 |            45
           72 |    18 |            84
           72 |    19 |           190
----------------------------------
           73 |     1 |           796
           73 |     2 |           221
           73 |     3 |           111
           73 |     4 |            32
           73 |     5 |             7
           73 |     6 |             2
           73 |     7 |             3
           73 |     8 |             4
           73 |     9 |             1
           73 |    10 |             6
           73 |    11 |             2
           73 |    12 |             5
           73 |    13 |             5
           73 |    14 |             9
           73 |    15 |             6
           73 |    16 |            21
           73 |    17 |            50
           73 |    18 |            90
           73 |    19 |           162
----------------------------------
           74 |     1 |           701
           74 |     2 |           178
           74 |     3 |            86
           74 |     4 |            22
           74 |     5 |            16
           74 |     6 |             8
           74 |     7 |             9
           74 |     8 |             7
           74 |     9 |             2
           74 |    10 |             4
           74 |    11 |             7
           74 |    12 |             9
           74 |    13 |             8
           74 |    14 |             6
           74 |    15 |             7
           74 |    16 |            14
           74 |    17 |            37
           74 |    18 |            59
           74 |    19 |           152
----------------------------------
           75 |     1 |           641
           75 |     2 |           176
           75 |     3 |            58
           75 |     4 |            21
           75 |     5 |            12
           75 |     6 |             6
           75 |     7 |             5
           75 |     8 |             6
           75 |     9 |             3
           75 |    10 |             8
           75 |    11 |             3
           75 |    12 |             2
           75 |    13 |             1
           75 |    14 |             3
           75 |    15 |             6
           75 |    16 |            10
           75 |    17 |            27
           75 |    18 |            56
           75 |    19 |           156
----------------------------------
           76 |     1 |           863
           76 |     2 |           289
           76 |     3 |            81
           76 |     4 |            29
           76 |     5 |             9
           76 |     6 |            16
           76 |     7 |            12
           76 |     8 |             6
           76 |     9 |             4
           76 |    10 |             7
           76 |    11 |             3
           76 |    12 |             1
           76 |    13 |             4
           76 |    14 |             6
           76 |    15 |             6
           76 |    16 |            11
           76 |    17 |            37
           76 |    18 |            80
           76 |    19 |           208
----------------------------------
           77 |     1 |           756
           77 |     2 |           220
           77 |     3 |            81
           77 |     4 |            34
           77 |     5 |            27
           77 |     6 |            16
           77 |     7 |             5
           77 |     8 |             1
           77 |     9 |             2
           77 |    10 |             4
           77 |    11 |             3
           77 |    12 |             5
           77 |    13 |             5
           77 |    14 |             5
           77 |    15 |            13
           77 |    16 |            18
           77 |    17 |            34
           77 |    18 |            65
           77 |    19 |           169
----------------------------------
           78 |     1 |          1173
           78 |     2 |           347
           78 |     3 |           126
           78 |     4 |            61
           78 |     5 |            33
           78 |     6 |            27
           78 |     7 |             7
           78 |     8 |             4
           78 |     9 |             8
           78 |    10 |            10
           78 |    11 |             5
           78 |    12 |             3
           78 |    13 |             7
           78 |    14 |             9
           78 |    15 |            15
           78 |    16 |            22
           78 |    17 |            35
           78 |    18 |           111
           78 |    19 |           259
----------------------------------
           79 |     1 |           991
           79 |     2 |           302
           79 |     3 |            73
           79 |     4 |            40
           79 |     5 |            10
           79 |     6 |             7
           79 |     7 |             7
           79 |     8 |             8
           79 |     9 |             3
           79 |    10 |             2
           79 |    11 |             9
           79 |    12 |            12
           79 |    13 |             9
           79 |    14 |            16
           79 |    15 |            20
           79 |    16 |            25
           79 |    17 |            57
           79 |    18 |            94
           79 |    19 |           211
----------------------------------
           80 |     1 |          1064
           80 |     2 |           346
           80 |     3 |           109
           80 |     4 |            68
           80 |     5 |            21
           80 |     6 |            24
           80 |     7 |             4
           80 |     8 |             7
           80 |     9 |             6
           80 |    10 |             3
           80 |    11 |             2
           80 |    12 |             4
           80 |    13 |             6
           80 |    14 |            12
           80 |    15 |            12
           80 |    16 |            26
           80 |    17 |            59
           80 |    18 |            85
           80 |    19 |           222
----------------------------------
           81 |     1 |          1138
           81 |     2 |           373
           81 |     3 |           113
           81 |     4 |            34
           81 |     5 |            18
           81 |     6 |            10
           81 |     7 |            12
           81 |     8 |             7
           81 |     9 |            10
           81 |    10 |             5
           81 |    11 |            10
           81 |    12 |             4
           81 |    13 |             7
           81 |    14 |             9
           81 |    15 |            14
           81 |    16 |            11
           81 |    17 |            39
           81 |    18 |           109
           81 |    19 |           264
----------------------------------
           82 |     1 |           873
           82 |     2 |           250
           82 |     3 |           120
           82 |     4 |            60
           82 |     5 |            33
           82 |     6 |            25
           82 |     7 |             2
           82 |     8 |             3
           82 |     9 |             4
           82 |    10 |             6
           82 |    11 |             6
           82 |    12 |             3
           82 |    13 |             3
           82 |    14 |             9
           82 |    15 |            17
           82 |    16 |            19
           82 |    17 |            42
           82 |    18 |            79
           82 |    19 |           168
----------------------------------
           83 |     1 |          1113
           83 |     2 |           358
           83 |     3 |           143
           83 |     4 |            51
           83 |     5 |            35
           83 |     6 |            14
           83 |     7 |             8
           83 |     8 |             4
           83 |     9 |            14
           83 |    10 |            10
           83 |    11 |            15
           83 |    12 |            10
           83 |    13 |            15
           83 |    14 |            14
           83 |    15 |            11
           83 |    16 |            30
           83 |    17 |            50
           83 |    18 |           113
           83 |    19 |           233
----------------------------------
           84 |     1 |           805
           84 |     2 |           245
           84 |     3 |           131
           84 |     4 |            65
           84 |     5 |            31
           84 |     6 |            19
           84 |     7 |             2
           84 |     8 |            11
           84 |     9 |             6
           84 |    10 |             2
           84 |    11 |             4
           84 |    12 |             7
           84 |    13 |             6
           84 |    14 |             5
           84 |    15 |             9
           84 |    16 |            20
           84 |    17 |            49
           84 |    18 |            84
           84 |    19 |           179
----------------------------------
           85 |     1 |           800
           85 |     2 |           314
           85 |     3 |           134
           85 |     4 |            43
           85 |     5 |            18
           85 |     6 |            18
           85 |     7 |            12
           85 |     8 |            18
           85 |     9 |            13
           85 |    10 |             4
           85 |    11 |             3
           85 |    12 |             2
           85 |    13 |             6
           85 |    14 |             7
           85 |    15 |            12
           85 |    16 |            20
           85 |    17 |            34
           85 |    18 |            86
           85 |    19 |           156
----------------------------------
           86 |     1 |           848
           86 |     2 |           265
           86 |     3 |           161
           86 |     4 |            55
           86 |     5 |            18
           86 |     6 |            20
           86 |     7 |             5
           86 |     8 |             2
           86 |     9 |             5
           86 |    10 |             1
           86 |    11 |             3
           86 |    12 |             9
           86 |    13 |             6
           86 |    14 |             7
           86 |    15 |            12
           86 |    16 |            22
           86 |    17 |            34
           86 |    18 |            74
           86 |    19 |           173
----------------------------------
           87 |     1 |           502
           87 |     2 |           158
           87 |     3 |            62
           87 |     4 |            15
           87 |     5 |            19
           87 |     6 |             3
           87 |     7 |             2
           87 |     8 |             1
           87 |     9 |             0
           87 |    10 |             5
           87 |    11 |             6
           87 |    12 |             3
           87 |    13 |             2
           87 |    14 |             7
           87 |    15 |             7
           87 |    16 |            15
           87 |    17 |            21
           87 |    18 |            44
           87 |    19 |            85
----------------------------------
           88 |     1 |           757
           88 |     2 |           237
           88 |     3 |            62
           88 |     4 |            26
           88 |     5 |            26
           88 |     6 |            12
           88 |     7 |            11
           88 |     8 |             9
           88 |     9 |             2
           88 |    10 |             1
           88 |    11 |             3
           88 |    12 |             3
           88 |    13 |             4
           88 |    14 |            10
           88 |    15 |             9
           88 |    16 |            13
           88 |    17 |            27
           88 |    18 |            57
           88 |    19 |           139
----------------------------------
           89 |     1 |           884
           89 |     2 |           357
           89 |     3 |           152
           89 |     4 |            56
           89 |     5 |            27
           89 |     6 |            18
           89 |     7 |             9
           89 |     8 |             8
           89 |     9 |             4
           89 |    10 |             6
           89 |    11 |             4
           89 |    12 |             5
           89 |    13 |             6
           89 |    14 |             6
           89 |    15 |            15
           89 |    16 |            31
           89 |    17 |            37
           89 |    18 |            65
           89 |    19 |           179
----------------------------------
           90 |     1 |           458
           90 |     2 |           153
           90 |     3 |            60
           90 |     4 |            21
           90 |     5 |            15
           90 |     6 |             3
           90 |     7 |             9
           90 |     8 |             5
           90 |     9 |             5
           90 |    10 |             1
           90 |    11 |             1
           90 |    12 |             0
           90 |    13 |             2
           90 |    14 |             5
           90 |    15 |             5
           90 |    16 |            10
           90 |    17 |            19
           90 |    18 |            48
           90 |    19 |            80
----------------------------------
           91 |     1 |           706
           91 |     2 |           251
           91 |     3 |           117
           91 |     4 |            46
           91 |     5 |            21
           91 |     6 |            13
           91 |     7 |             5
           91 |     8 |             7
           91 |     9 |             6
           91 |    10 |             0
           91 |    11 |             2
           91 |    12 |             3
           91 |    13 |             3
           91 |    14 |             6
           91 |    15 |            10
           91 |    16 |            20
           91 |    17 |            33
           91 |    18 |            70
           91 |    19 |           137
----------------------------------
           92 |     1 |           454
           92 |     2 |           138
           92 |     3 |            57
           92 |     4 |            14
           92 |     5 |             6
           92 |     6 |             1
           92 |     7 |             1
           92 |     8 |             0
           92 |     9 |             2
           92 |    10 |             1
           92 |    11 |             3
           92 |    12 |             5
           92 |    13 |             2
           92 |    14 |             2
           92 |    15 |             4
           92 |    16 |            11
           92 |    17 |            18
           92 |    18 |            36
           92 |    19 |            73
----------------------------------
           93 |     1 |           606
           93 |     2 |           208
           93 |     3 |            76
           93 |     4 |            41
           93 |     5 |            16
           93 |     6 |             6
           93 |     7 |            11
           93 |     8 |             4
           93 |     9 |             2
           93 |    10 |             4
           93 |    11 |             2
           93 |    12 |             9
           93 |    13 |             8
           93 |    14 |            13
           93 |    15 |            11
           93 |    16 |            17
           93 |    17 |            24
           93 |    18 |            40
           93 |    19 |           111
----------------------------------
           94 |     1 |           513
           94 |     2 |           160
           94 |     3 |            92
           94 |     4 |            34
           94 |     5 |            19
           94 |     6 |             4
           94 |     7 |            17
           94 |     8 |             9
           94 |     9 |             6
           94 |    10 |             8
           94 |    11 |             0
           94 |    12 |             7
           94 |    13 |             3
           94 |    14 |             5
           94 |    15 |             8
           94 |    16 |             5
           94 |    17 |            19
           94 |    18 |            39
           94 |    19 |            86
----------------------------------
           95 |     1 |           569
           95 |     2 |           211
           95 |     3 |           101
           95 |     4 |            68
           95 |     5 |            33
           95 |     6 |            13
           95 |     7 |             7
           95 |     8 |             7
           95 |     9 |             3
           95 |    10 |             5
           95 |    11 |             5
           95 |    12 |             3
           95 |    13 |             4
           95 |    14 |             2
           95 |    15 |             4
           95 |    16 |            21
           95 |    17 |            30
           95 |    18 |            59
           95 |    19 |            90
----------------------------------
           96 |     1 |           513
           96 |     2 |           167
           96 |     3 |            65
           96 |     4 |            20
           96 |     5 |             3
           96 |     6 |            11
           96 |     7 |             8
           96 |     8 |             1
           96 |     9 |             1
           96 |    10 |             2
           96 |    11 |             1
           96 |    12 |             2
           96 |    13 |             6
           96 |    14 |             6
           96 |    15 |             4
           96 |    16 |             9
           96 |    17 |            19
           96 |    18 |            36
           96 |    19 |            86
----------------------------------
           97 |     1 |           440
           97 |     2 |           151
           97 |     3 |            38
           97 |     4 |             7
           97 |     5 |             7
           97 |     6 |             6
           97 |     7 |             2
           97 |     8 |             0
           97 |     9 |             0
           97 |    10 |             0
           97 |    11 |             0
           97 |    12 |             0
           97 |    13 |             2
           97 |    14 |             0
           97 |    15 |             2
           97 |    16 |             9
           97 |    17 |            11
           97 |    18 |            36
           97 |    19 |            65
----------------------------------
           98 |     1 |           345
           98 |     2 |           188
           98 |     3 |            70
           98 |     4 |            12
           98 |     5 |            15
           98 |     6 |             9
           98 |     7 |             3
           98 |     8 |             2
           98 |     9 |             2
           98 |    10 |             1
           98 |    11 |             3
           98 |    12 |             5
           98 |    13 |             4
           98 |    14 |             2
           98 |    15 |             4
           98 |    16 |             4
           98 |    17 |            10
           98 |    18 |            28
           98 |    19 |            77
----------------------------------
           99 |     1 |           426
           99 |     2 |           139
           99 |     3 |            71
           99 |     4 |            47
           99 |     5 |            16
           99 |     6 |            10
           99 |     7 |             3
           99 |     8 |             4
           99 |     9 |             2
           99 |    10 |             2
           99 |    11 |             2
           99 |    12 |             4
           99 |    13 |             3
           99 |    14 |             6
           99 |    15 |            10
           99 |    16 |             7
           99 |    17 |            18
           99 |    18 |            42
           99 |    19 |            79
----------------------------------
          100 |     1 |           367
          100 |     2 |           209
          100 |     3 |            45
          100 |     4 |            37
          100 |     5 |            25
          100 |     6 |            15
          100 |     7 |             7
          100 |     8 |             7
          100 |     9 |            10
          100 |    10 |            10
          100 |    11 |             6
          100 |    12 |             3
          100 |    13 |             5
          100 |    14 |             7
          100 |    15 |             7
          100 |    16 |            18
          100 |    17 |            17
          100 |    18 |            28
          100 |    19 |            77
----------------------------------
          101 |     1 |           307
          101 |     2 |           125
          101 |     3 |            36
          101 |     4 |            18
          101 |     5 |            12
          101 |     6 |             0
          101 |     7 |             0
          101 |     8 |             0
          101 |     9 |             0
          101 |    10 |             3
          101 |    11 |             4
          101 |    12 |             3
          101 |    13 |             3
          101 |    14 |             3
          101 |    15 |             6
          101 |    16 |             7
          101 |    17 |             9
          101 |    18 |            16
          101 |    19 |            54
----------------------------------
          102 |     1 |           286
          102 |     2 |           115
          102 |     3 |            66
          102 |     4 |            17
          102 |     5 |            16
          102 |     6 |             7
          102 |     7 |             4
          102 |     8 |             4
          102 |     9 |             1
          102 |    10 |             1
          102 |    11 |             1
          102 |    12 |             1
          102 |    13 |             0
          102 |    14 |             2
          102 |    15 |             5
          102 |    16 |             6
          102 |    17 |            12
          102 |    18 |            18
          102 |    19 |            50
----------------------------------
          103 |     1 |            97
          103 |     2 |            44
          103 |     3 |            20
          103 |     4 |             7
          103 |     5 |             5
          103 |     6 |             3
          103 |     7 |             1
          103 |     8 |             0
          103 |     9 |             1
          103 |    10 |             0
          103 |    11 |             1
          103 |    12 |             1
          103 |    13 |             0
          103 |    14 |             0
          103 |    15 |             2
          103 |    16 |             3
          103 |    17 |             1
          103 |    18 |             4
          103 |    19 |            16
----------------------------------
          104 |     1 |           136
          104 |     2 |            53
          104 |     3 |            25
          104 |     4 |            26
          104 |     5 |             4
          104 |     6 |             1
          104 |     7 |             2
          104 |     8 |             3
          104 |     9 |             6
          104 |    10 |             0
          104 |    11 |             1
          104 |    12 |             2
          104 |    13 |             3
          104 |    14 |             0
          104 |    15 |             5
          104 |    16 |             6
          104 |    17 |             6
          104 |    18 |            10
          104 |    19 |            23
----------------------------------
          105 |     1 |           267
          105 |     2 |            79
          105 |     3 |            58
          105 |     4 |            22
          105 |     5 |            11
          105 |     6 |             1
          105 |     7 |             2
          105 |     8 |             1
          105 |     9 |             2
          105 |    10 |             1
          105 |    11 |             0
          105 |    12 |             3
          105 |    13 |             0
          105 |    14 |             1
          105 |    15 |             3
          105 |    16 |             4
          105 |    17 |             7
          105 |    18 |            14
          105 |    19 |            49
----------------------------------
          106 |     1 |           144
          106 |     2 |            74
          106 |     3 |            34
          106 |     4 |             4
          106 |     5 |             1
          106 |     6 |             2
          106 |     7 |             0
          106 |     8 |             0
          106 |     9 |             0
          106 |    10 |             1
          106 |    11 |             1
          106 |    12 |             0
          106 |    13 |             2
          106 |    14 |             0
          106 |    15 |             1
          106 |    16 |             2
          106 |    17 |             8
          106 |    18 |            15
          106 |    19 |            29
----------------------------------
          107 |     1 |            39
          107 |     2 |            31
          107 |     3 |             6
          107 |     4 |             7
          107 |     5 |             0
          107 |     6 |             0
          107 |     7 |             0
          107 |     8 |             3
          107 |     9 |             0
          107 |    10 |             0
          107 |    11 |             0
          107 |    12 |             2
          107 |    13 |             1
          107 |    14 |             2
          107 |    15 |             1
          107 |    16 |             3
          107 |    17 |             1
          107 |    18 |             3
          107 |    19 |             8
----------------------------------
          108 |     1 |           109
          108 |     2 |            71
          108 |     3 |            37
          108 |     4 |            11
          108 |     5 |            22
          108 |     6 |             8
          108 |     7 |             3
          108 |     8 |             4
          108 |     9 |             2
          108 |    10 |             0
          108 |    11 |             0
          108 |    12 |             1
          108 |    13 |             0
          108 |    14 |             1
          108 |    15 |             0
          108 |    16 |             5
          108 |    17 |            10
          108 |    18 |            13
          108 |    19 |            27
----------------------------------
          109 |     1 |           207
          109 |     2 |            88
          109 |     3 |            30
          109 |     4 |            13
          109 |     5 |             7
          109 |     6 |            12
          109 |     7 |             4
          109 |     8 |             2
          109 |     9 |             1
          109 |    10 |             0
          109 |    11 |             0
          109 |    12 |             1
          109 |    13 |             1
          109 |    14 |             1
          109 |    15 |             0
          109 |    16 |             3
          109 |    17 |            14
          109 |    18 |            18
          109 |    19 |            34
----------------------------------
          110 |     1 |           205
          110 |     2 |            55
          110 |     3 |            29
          110 |     4 |            29
          110 |     5 |            26
          110 |     6 |            12
          110 |     7 |             3
          110 |     8 |             0
          110 |     9 |             2
          110 |    10 |             4
          110 |    11 |             2
          110 |    12 |             0
          110 |    13 |             1
          110 |    14 |             1
          110 |    15 |             1
          110 |    16 |             5
          110 |    17 |            11
          110 |    18 |            12
          110 |    19 |            42
----------------------------------
          111 |     1 |            58
          111 |     2 |            16
          111 |     3 |             2
          111 |     4 |             4
          111 |     5 |             1
          111 |     6 |             3
          111 |     7 |             0
          111 |     8 |             6
          111 |     9 |             3
          111 |    10 |             1
          111 |    11 |             0
          111 |    12 |             0
          111 |    13 |             1
          111 |    14 |             0
          111 |    15 |             0
          111 |    16 |             1
          111 |    17 |             3
          111 |    18 |             3
          111 |    19 |             9
----------------------------------
          112 |     1 |           185
          112 |     2 |           100
          112 |     3 |            36
          112 |     4 |            46
          112 |     5 |            14
          112 |     6 |             2
          112 |     7 |             4
          112 |     8 |             1
          112 |     9 |             0
          112 |    10 |             1
          112 |    11 |             0
          112 |    12 |             2
          112 |    13 |             0
          112 |    14 |             5
          112 |    15 |             5
          112 |    16 |             4
          112 |    17 |             5
          112 |    18 |            11
          112 |    19 |            27
----------------------------------
          113 |     1 |           213
          113 |     2 |            96
          113 |     3 |            61
          113 |     4 |             5
          113 |     5 |            11
          113 |     6 |             8
          113 |     7 |             3
          113 |     8 |             0
          113 |     9 |             1
          113 |    10 |             0
          113 |    11 |             1
          113 |    12 |             0
          113 |    13 |             0
          113 |    14 |             2
          113 |    15 |             1
          113 |    16 |             0
          113 |    17 |             5
          113 |    18 |            12
          113 |    19 |            33
----------------------------------
          114 |     1 |           173
          114 |     2 |            73
          114 |     3 |            18
          114 |     4 |            23
          114 |     5 |             6
          114 |     6 |             4
          114 |     7 |             0
          114 |     8 |             4
          114 |     9 |             0
          114 |    10 |             0
          114 |    11 |             0
          114 |    12 |             0
          114 |    13 |             0
          114 |    14 |             0
          114 |    15 |             0
          114 |    16 |             1
          114 |    17 |             1
          114 |    18 |            13
          114 |    19 |            26
----------------------------------
          115 |     1 |            29
          115 |     2 |            18
          115 |     3 |            36
          115 |     4 |             6
          115 |     5 |             9
          115 |     6 |             2
          115 |     7 |             0
          115 |     8 |             0
          115 |     9 |             0
          115 |    10 |             0
          115 |    11 |             0
          115 |    12 |             0
          115 |    13 |             1
          115 |    14 |             0
          115 |    15 |             1
          115 |    16 |             1
          115 |    17 |             1
          115 |    18 |             3
          115 |    19 |             8
----------------------------------
          116 |     1 |            54
          116 |     2 |            20
          116 |     3 |            17
          116 |     4 |             9
          116 |     5 |             0
          116 |     6 |             0
          116 |     7 |             0
          116 |     8 |             0
          116 |     9 |             0
          116 |    10 |             0
          116 |    11 |             0
          116 |    12 |             0
          116 |    13 |             1
          116 |    14 |             0
          116 |    15 |             1
          116 |    16 |             0
          116 |    17 |             5
          116 |    18 |             2
          116 |    19 |             7
----------------------------------
          117 |     1 |            82
          117 |     2 |            48
          117 |     3 |            62
          117 |     4 |             4
          117 |     5 |             3
          117 |     6 |             0
          117 |     7 |             1
          117 |     8 |             0
          117 |     9 |             1
          117 |    10 |             0
          117 |    11 |             1
          117 |    12 |             0
          117 |    13 |             1
          117 |    14 |             2
          117 |    15 |             1
          117 |    16 |             0
          117 |    17 |             3
          117 |    18 |             4
          117 |    19 |            21
----------------------------------
          118 |     1 |            43
          118 |     2 |            19
          118 |     3 |            26
          118 |     4 |             1
          118 |     5 |             2
          118 |     6 |             0
          118 |     7 |             5
          118 |     8 |             2
          118 |     9 |             0
          118 |    10 |             0
          118 |    11 |             2
          118 |    12 |             0
          118 |    13 |             0
          118 |    14 |             0
          118 |    15 |             2
          118 |    16 |             3
          118 |    17 |             3
          118 |    18 |             4
          118 |    19 |             6
----------------------------------
----------------------------------
          120 |     1 |            38
          120 |     2 |            28
          120 |     3 |             4
          120 |     4 |            10
          120 |     5 |            14
          120 |     6 |             1
          120 |     7 |             5
          120 |     8 |             0
          120 |     9 |             0
          120 |    10 |             1
          120 |    11 |             2
          120 |    12 |             0
          120 |    13 |             0
          120 |    14 |             0
          120 |    15 |             1
          120 |    16 |             1
          120 |    17 |             3
          120 |    18 |             3
          120 |    19 |             9
----------------------------------
----------------------------------
          122 |     1 |            29
          122 |     2 |            36
          122 |     3 |            23
          122 |     4 |             9
          122 |     5 |             0
          122 |     6 |             0
          122 |     7 |             0
          122 |     8 |             2
          122 |     9 |             1
          122 |    10 |             0
          122 |    11 |             0
          122 |    12 |             0
          122 |    13 |             1
          122 |    14 |             0
          122 |    15 |             1
          122 |    16 |             1
          122 |    17 |             3
          122 |    18 |             4
          122 |    19 |            12
----------------------------------
----------------------------------
----------------------------------
----------------------------------
          126 |     1 |            62
          126 |     2 |            22
          126 |     3 |             0
          126 |     4 |            12
          126 |     5 |            14
          126 |     6 |             2
          126 |     7 |             0
          126 |     8 |             0
          126 |     9 |             1
          126 |    10 |             0
          126 |    11 |             0
          126 |    12 |             0
          126 |    13 |             0
          126 |    14 |             0
          126 |    15 |             1
          126 |    16 |             0
          126 |    17 |             2
          126 |    18 |             3
          126 |    19 |             7
----------------------------------
----------------------------------
----------------------------------
----------------------------------
----------------------------------
----------------------------------
----------------------------------
----------------------------------
----------------------------------
----------------------------------
----------------------------------
----------------------------------
----------------------------------
----------------------------------
          140 |     1 |            65
          140 |     2 |            37
          140 |     3 |             8
          140 |     4 |             2
          140 |     5 |             2
          140 |     6 |             7
          140 |     7 |             0
          140 |     8 |             1
          140 |     9 |             0
          140 |    10 |             0
          140 |    11 |             0
          140 |    12 |             0
          140 |    13 |             0
          140 |    14 |             0
          140 |    15 |             4
          140 |    16 |             2
          140 |    17 |             4
          140 |    18 |             2
          140 |    19 |             6
----------------------------------
----------------------------------
----------------------------------
----------------------------------
----------------------------------
----------------------------------
----------------------------------
----------------------------------
----------------------------------
----------------------------------
----------------------------------
----------------------------------
----------------------------------
----------------------------------
----------------------------------
----------------------------------
----------------------------------
----------------------------------
----------------------------------
----------------------------------
----------------------------------
----------------------------------
----------------------------------
----------------------------------
----------------------------------
----------------------------------
----------------------------------
----------------------------------
----------------------------------
----------------------------------
----------------------------------
----------------------------------
----------------------------------
----------------------------------
----------------------------------
----------------------------------
----------------------------------
----------------------------------
----------------------------------
----------------------------------
----------------------------------
----------------------------------
----------------------------------
----------------------------------
----------------------------------
----------------------------------
----------------------------------
----------------------------------
----------------------------------
----------------------------------
----------------------------------
