MinCut number | SSize | Number of cuts
----------------------------------
----------------------------------
----------------------------------
----------------------------------
----------------------------------
----------------------------------
----------------------------------
----------------------------------
----------------------------------
----------------------------------
----------------------------------
----------------------------------
           31 |     1 |             7
           31 |     2 |             5
           31 |     3 |             2
           31 |     4 |             0
           31 |     5 |             0
           31 |     6 |             0
           31 |     7 |             0
           31 |     8 |             0
           31 |     9 |             0
           31 |    10 |             1
           31 |    11 |             0
           31 |    12 |             0
           31 |    13 |             1
           31 |    14 |             0
           31 |    15 |             0
           31 |    16 |             0
           31 |    17 |             4
           31 |    18 |             2
           31 |    19 |             9
----------------------------------
----------------------------------
----------------------------------
----------------------------------
----------------------------------
----------------------------------
           37 |     1 |            13
           37 |     2 |             7
           37 |     3 |             0
           37 |     4 |             1
           37 |     5 |             0
           37 |     6 |             0
           37 |     7 |             0
           37 |     8 |             0
           37 |     9 |             0
           37 |    10 |             0
           37 |    11 |             0
           37 |    12 |             2
           37 |    13 |             0
           37 |    14 |             1
           37 |    15 |             1
           37 |    16 |             1
           37 |    17 |             1
           37 |    18 |             2
           37 |    19 |             8
----------------------------------
----------------------------------
           39 |     1 |            44
           39 |     2 |             6
           39 |     3 |             0
           39 |     4 |             0
           39 |     5 |             0
           39 |     6 |             0
           39 |     7 |             0
           39 |     8 |             0
           39 |     9 |             0
           39 |    10 |             0
           39 |    11 |             0
           39 |    12 |             0
           39 |    13 |             1
           39 |    14 |             0
           39 |    15 |             1
           39 |    16 |             0
           39 |    17 |             4
           39 |    18 |             6
           39 |    19 |            16
----------------------------------
           40 |     1 |            51
           40 |     2 |             9
           40 |     3 |             6
           40 |     4 |            10
           40 |     5 |             0
           40 |     6 |             0
           40 |     7 |             0
           40 |     8 |             0
           40 |     9 |             0
           40 |    10 |             0
           40 |    11 |             0
           40 |    12 |             0
           40 |    13 |             2
           40 |    14 |             1
           40 |    15 |             0
           40 |    16 |             3
           40 |    17 |             6
           40 |    18 |            13
           40 |    19 |            19
----------------------------------
           41 |     1 |            50
           41 |     2 |             8
           41 |     3 |             3
           41 |     4 |             3
           41 |     5 |             0
           41 |     6 |             1
           41 |     7 |             0
           41 |     8 |             1
           41 |     9 |             2
           41 |    10 |             3
           41 |    11 |             0
           41 |    12 |             2
           41 |    13 |             2
           41 |    14 |             3
           41 |    15 |             5
           41 |    16 |             4
           41 |    17 |             3
           41 |    18 |             9
           41 |    19 |            24
----------------------------------
----------------------------------
           43 |     1 |            70
           43 |     2 |            17
           43 |     3 |            10
           43 |     4 |             2
           43 |     5 |             0
           43 |     6 |             2
           43 |     7 |             7
           43 |     8 |             4
           43 |     9 |             0
           43 |    10 |             0
           43 |    11 |             1
           43 |    12 |             0
           43 |    13 |             2
           43 |    14 |             0
           43 |    15 |             3
           43 |    16 |             9
           43 |    17 |             6
           43 |    18 |            14
           43 |    19 |            25
----------------------------------
           44 |     1 |            45
           44 |     2 |             9
           44 |     3 |             0
           44 |     4 |             0
           44 |     5 |             0
           44 |     6 |             0
           44 |     7 |             0
           44 |     8 |             2
           44 |     9 |             1
           44 |    10 |             1
           44 |    11 |             0
           44 |    12 |             1
           44 |    13 |             0
           44 |    14 |             0
           44 |    15 |             3
           44 |    16 |             3
           44 |    17 |             5
           44 |    18 |            12
           44 |    19 |             6
----------------------------------
           45 |     1 |           158
           45 |     2 |            48
           45 |     3 |             5
           45 |     4 |             1
           45 |     5 |             4
           45 |     6 |             3
           45 |     7 |             1
           45 |     8 |             2
           45 |     9 |             2
           45 |    10 |             1
           45 |    11 |             1
           45 |    12 |             3
           45 |    13 |             1
           45 |    14 |             2
           45 |    15 |             9
           45 |    16 |            13
           45 |    17 |            21
           45 |    18 |            28
           45 |    19 |            57
----------------------------------
           46 |     1 |            64
           46 |     2 |             5
           46 |     3 |            10
           46 |     4 |             0
           46 |     5 |             0
           46 |     6 |             0
           46 |     7 |             0
           46 |     8 |             0
           46 |     9 |             0
           46 |    10 |             0
           46 |    11 |             0
           46 |    12 |             1
           46 |    13 |             1
           46 |    14 |             4
           46 |    15 |             1
           46 |    16 |             5
           46 |    17 |            10
           46 |    18 |            14
           46 |    19 |            23
----------------------------------
           47 |     1 |            60
           47 |     2 |            11
           47 |     3 |             1
           47 |     4 |             1
           47 |     5 |             0
           47 |     6 |             1
           47 |     7 |             2
           47 |     8 |             3
           47 |     9 |             2
           47 |    10 |             2
           47 |    11 |             7
           47 |    12 |             5
           47 |    13 |             2
           47 |    14 |             1
           47 |    15 |             1
           47 |    16 |             1
           47 |    17 |             9
           47 |    18 |            14
           47 |    19 |            18
----------------------------------
           48 |     1 |            64
           48 |     2 |            27
           48 |     3 |             3
           48 |     4 |             0
           48 |     5 |             0
           48 |     6 |             0
           48 |     7 |             0
           48 |     8 |             0
           48 |     9 |             2
           48 |    10 |             0
           48 |    11 |             0
           48 |    12 |             2
           48 |    13 |             0
           48 |    14 |             1
           48 |    15 |             1
           48 |    16 |             6
           48 |    17 |             4
           48 |    18 |            13
           48 |    19 |            21
----------------------------------
           49 |     1 |            22
           49 |     2 |             5
           49 |     3 |             0
           49 |     4 |             0
           49 |     5 |             0
           49 |     6 |             0
           49 |     7 |             0
           49 |     8 |             0
           49 |     9 |             0
           49 |    10 |             0
           49 |    11 |             0
           49 |    12 |             0
           49 |    13 |             0
           49 |    14 |             1
           49 |    15 |             1
           49 |    16 |             5
           49 |    17 |             3
           49 |    18 |             5
           49 |    19 |             7
----------------------------------
           50 |     1 |           113
           50 |     2 |            29
           50 |     3 |             5
           50 |     4 |             3
           50 |     5 |             5
           50 |     6 |             0
           50 |     7 |             0
           50 |     8 |             0
           50 |     9 |             2
           50 |    10 |             5
           50 |    11 |             0
           50 |    12 |             4
           50 |    13 |             2
           50 |    14 |             3
           50 |    15 |             2
           50 |    16 |             1
           50 |    17 |            10
           50 |    18 |            24
           50 |    19 |            42
----------------------------------
           51 |     1 |           196
           51 |     2 |            20
           51 |     3 |             5
           51 |     4 |             2
           51 |     5 |             5
           51 |     6 |             2
           51 |     7 |             1
           51 |     8 |             4
           51 |     9 |             2
           51 |    10 |             1
           51 |    11 |             5
           51 |    12 |             3
           51 |    13 |             2
           51 |    14 |             4
           51 |    15 |             6
           51 |    16 |             9
           51 |    17 |            18
           51 |    18 |            29
           51 |    19 |            43
----------------------------------
           52 |     1 |           300
           52 |     2 |            72
           52 |     3 |            44
           52 |     4 |            11
           52 |     5 |             2
           52 |     6 |             5
           52 |     7 |             3
           52 |     8 |             1
           52 |     9 |             2
           52 |    10 |             0
           52 |    11 |             2
           52 |    12 |             5
           52 |    13 |             6
           52 |    14 |             7
           52 |    15 |            13
           52 |    16 |            17
           52 |    17 |            41
           52 |    18 |            53
           52 |    19 |            92
----------------------------------
           53 |     1 |           212
           53 |     2 |            55
           53 |     3 |            36
           53 |     4 |            14
           53 |     5 |             5
           53 |     6 |             4
           53 |     7 |             5
           53 |     8 |             0
           53 |     9 |             0
           53 |    10 |             0
           53 |    11 |             0
           53 |    12 |             1
           53 |    13 |             4
           53 |    14 |             2
           53 |    15 |             3
           53 |    16 |            19
           53 |    17 |            16
           53 |    18 |            33
           53 |    19 |            68
----------------------------------
           54 |     1 |           151
           54 |     2 |            53
           54 |     3 |            10
           54 |     4 |             5
           54 |     5 |             0
           54 |     6 |             1
           54 |     7 |             0
           54 |     8 |             4
           54 |     9 |             2
           54 |    10 |             0
           54 |    11 |             1
           54 |    12 |             1
           54 |    13 |             1
           54 |    14 |             5
           54 |    15 |             5
           54 |    16 |             6
           54 |    17 |            18
           54 |    18 |            16
           54 |    19 |            45
----------------------------------
           55 |     1 |           164
           55 |     2 |            38
           55 |     3 |             8
           55 |     4 |             9
           55 |     5 |             6
           55 |     6 |             1
           55 |     7 |             0
           55 |     8 |             1
           55 |     9 |             0
           55 |    10 |             1
           55 |    11 |             3
           55 |    12 |             0
           55 |    13 |             2
           55 |    14 |             1
           55 |    15 |             4
           55 |    16 |             6
           55 |    17 |            13
           55 |    18 |            27
           55 |    19 |            46
----------------------------------
           56 |     1 |           252
           56 |     2 |            60
           56 |     3 |            26
           56 |     4 |             9
           56 |     5 |            13
           56 |     6 |            14
           56 |     7 |             5
           56 |     8 |             9
           56 |     9 |             0
           56 |    10 |             2
           56 |    11 |            10
           56 |    12 |             3
           56 |    13 |             4
           56 |    14 |             3
           56 |    15 |             5
           56 |    16 |            10
           56 |    17 |            16
           56 |    18 |            47
           56 |    19 |            72
----------------------------------
           57 |     1 |           537
           57 |     2 |            94
           57 |     3 |            31
           57 |     4 |            21
           57 |     5 |             3
           57 |     6 |             5
           57 |     7 |             3
           57 |     8 |             7
           57 |     9 |             8
           57 |    10 |             6
           57 |    11 |             6
           57 |    12 |             5
           57 |    13 |             3
           57 |    14 |             7
           57 |    15 |            16
           57 |    16 |            15
           57 |    17 |            36
           57 |    18 |            71
           57 |    19 |           152
----------------------------------
           58 |     1 |           446
           58 |     2 |            82
           58 |     3 |            37
           58 |     4 |            11
           58 |     5 |             3
           58 |     6 |             4
           58 |     7 |             2
           58 |     8 |             3
           58 |     9 |             6
           58 |    10 |             3
           58 |    11 |             2
           58 |    12 |            10
           58 |    13 |             2
           58 |    14 |             8
           58 |    15 |            16
           58 |    16 |            18
           58 |    17 |            33
           58 |    18 |            67
           58 |    19 |           117
----------------------------------
           59 |     1 |           294
           59 |     2 |            96
           59 |     3 |            23
           59 |     4 |            15
           59 |     5 |            12
           59 |     6 |             7
           59 |     7 |             3
           59 |     8 |             6
           59 |     9 |             1
           59 |    10 |             2
           59 |    11 |             7
           59 |    12 |             2
           59 |    13 |             8
           59 |    14 |             6
           59 |    15 |             8
           59 |    16 |            13
           59 |    17 |            27
           59 |    18 |            39
           59 |    19 |            80
----------------------------------
           60 |     1 |           394
           60 |     2 |            59
           60 |     3 |            49
           60 |     4 |            24
           60 |     5 |            20
           60 |     6 |             7
           60 |     7 |             4
           60 |     8 |             1
           60 |     9 |             0
           60 |    10 |             2
           60 |    11 |             1
           60 |    12 |             2
           60 |    13 |             2
           60 |    14 |             9
           60 |    15 |            10
           60 |    16 |            19
           60 |    17 |            28
           60 |    18 |            57
           60 |    19 |            92
----------------------------------
           61 |     1 |           390
           61 |     2 |           118
           61 |     3 |            47
           61 |     4 |            21
           61 |     5 |            11
           61 |     6 |             7
           61 |     7 |            25
           61 |     8 |            10
           61 |     9 |             4
           61 |    10 |             4
           61 |    11 |             9
           61 |    12 |             4
           61 |    13 |            14
           61 |    14 |             8
           61 |    15 |            24
           61 |    16 |            23
           61 |    17 |            34
           61 |    18 |            60
           61 |    19 |           102
----------------------------------
           62 |     1 |           469
           62 |     2 |           108
           62 |     3 |            52
           62 |     4 |            34
           62 |     5 |            11
           62 |     6 |             9
           62 |     7 |             3
           62 |     8 |             3
           62 |     9 |             5
           62 |    10 |             4
           62 |    11 |             9
           62 |    12 |             4
           62 |    13 |             9
           62 |    14 |            10
           62 |    15 |            16
           62 |    16 |            28
           62 |    17 |            36
           62 |    18 |            70
           62 |    19 |           112
----------------------------------
           63 |     1 |           428
           63 |     2 |            79
           63 |     3 |            38
           63 |     4 |            10
           63 |     5 |            14
           63 |     6 |            11
           63 |     7 |             7
           63 |     8 |             0
           63 |     9 |             1
           63 |    10 |             2
           63 |    11 |             2
           63 |    12 |            12
           63 |    13 |             5
           63 |    14 |             5
           63 |    15 |            12
           63 |    16 |             7
           63 |    17 |            19
           63 |    18 |            68
           63 |    19 |            99
----------------------------------
           64 |     1 |           581
           64 |     2 |           150
           64 |     3 |            32
           64 |     4 |             7
           64 |     5 |            16
           64 |     6 |             6
           64 |     7 |             4
           64 |     8 |             7
           64 |     9 |             7
           64 |    10 |             7
           64 |    11 |             5
           64 |    12 |             6
           64 |    13 |            18
           64 |    14 |            16
           64 |    15 |            18
           64 |    16 |            39
           64 |    17 |            40
           64 |    18 |            70
           64 |    19 |           123
----------------------------------
           65 |     1 |           453
           65 |     2 |           137
           65 |     3 |            39
           65 |     4 |            30
           65 |     5 |            14
           65 |     6 |            11
           65 |     7 |             8
           65 |     8 |            13
           65 |     9 |            16
           65 |    10 |             6
           65 |    11 |             7
           65 |    12 |             3
           65 |    13 |             7
           65 |    14 |             9
           65 |    15 |            18
           65 |    16 |            15
           65 |    17 |            35
           65 |    18 |            61
           65 |    19 |            93
----------------------------------
           66 |     1 |           959
           66 |     2 |           270
           66 |     3 |            85
           66 |     4 |            57
           66 |     5 |            25
           66 |     6 |            45
           66 |     7 |            13
           66 |     8 |             6
           66 |     9 |            11
           66 |    10 |             8
           66 |    11 |             8
           66 |    12 |            11
           66 |    13 |            21
           66 |    14 |            17
           66 |    15 |            19
           66 |    16 |            35
           66 |    17 |            60
           66 |    18 |           108
           66 |    19 |           222
----------------------------------
           67 |     1 |           507
           67 |     2 |           132
           67 |     3 |            54
           67 |     4 |            23
           67 |     5 |            13
           67 |     6 |            11
           67 |     7 |             5
           67 |     8 |             6
           67 |     9 |             3
           67 |    10 |             3
           67 |    11 |            11
           67 |    12 |             9
           67 |    13 |            14
           67 |    14 |            20
           67 |    15 |            21
           67 |    16 |            38
           67 |    17 |            34
           67 |    18 |            59
           67 |    19 |           109
----------------------------------
           68 |     1 |           826
           68 |     2 |           219
           68 |     3 |            75
           68 |     4 |            56
           68 |     5 |            36
           68 |     6 |            22
           68 |     7 |            10
           68 |     8 |            12
           68 |     9 |            16
           68 |    10 |             8
           68 |    11 |             9
           68 |    12 |            18
           68 |    13 |            17
           68 |    14 |            26
           68 |    15 |            26
           68 |    16 |            41
           68 |    17 |            68
           68 |    18 |           111
           68 |    19 |           172
----------------------------------
           69 |     1 |           433
           69 |     2 |           153
           69 |     3 |            32
           69 |     4 |             8
           69 |     5 |             8
           69 |     6 |             1
           69 |     7 |             1
           69 |     8 |             5
           69 |     9 |             4
           69 |    10 |             4
           69 |    11 |             5
           69 |    12 |             8
           69 |    13 |             8
           69 |    14 |            10
           69 |    15 |            20
           69 |    16 |            18
           69 |    17 |            31
           69 |    18 |            63
           69 |    19 |            85
----------------------------------
           70 |     1 |           938
           70 |     2 |           244
           70 |     3 |            89
           70 |     4 |            41
           70 |     5 |            25
           70 |     6 |            18
           70 |     7 |            13
           70 |     8 |             7
           70 |     9 |             7
           70 |    10 |             4
           70 |    11 |             8
           70 |    12 |            14
           70 |    13 |             9
           70 |    14 |            13
           70 |    15 |            16
           70 |    16 |            21
           70 |    17 |            62
           70 |    18 |           105
           70 |    19 |           186
----------------------------------
           71 |     1 |          1024
           71 |     2 |           279
           71 |     3 |           137
           71 |     4 |            66
           71 |     5 |            11
           71 |     6 |            20
           71 |     7 |            10
           71 |     8 |            13
           71 |     9 |            24
           71 |    10 |            15
           71 |    11 |            14
           71 |    12 |            15
           71 |    13 |            13
           71 |    14 |            16
           71 |    15 |            31
           71 |    16 |            47
           71 |    17 |            63
           71 |    18 |           115
           71 |    19 |           217
----------------------------------
           72 |     1 |           876
           72 |     2 |           324
           72 |     3 |           151
           72 |     4 |            49
           72 |     5 |            34
           72 |     6 |            11
           72 |     7 |             8
           72 |     8 |             8
           72 |     9 |             5
           72 |    10 |             8
           72 |    11 |            14
           72 |    12 |            20
           72 |    13 |            12
           72 |    14 |            22
           72 |    15 |            27
           72 |    16 |            38
           72 |    17 |            60
           72 |    18 |            93
           72 |    19 |           184
----------------------------------
           73 |     1 |           493
           73 |     2 |           182
           73 |     3 |            79
           73 |     4 |            29
           73 |     5 |            24
           73 |     6 |             8
           73 |     7 |            13
           73 |     8 |             8
           73 |     9 |             8
           73 |    10 |             3
           73 |    11 |             5
           73 |    12 |             6
           73 |    13 |             5
           73 |    14 |            17
           73 |    15 |            22
           73 |    16 |            32
           73 |    17 |            53
           73 |    18 |            67
           73 |    19 |           114
----------------------------------
           74 |     1 |           550
           74 |     2 |           191
           74 |     3 |            61
           74 |     4 |            23
           74 |     5 |            27
           74 |     6 |            13
           74 |     7 |             8
           74 |     8 |            13
           74 |     9 |             6
           74 |    10 |            10
           74 |    11 |            11
           74 |    12 |            14
           74 |    13 |            14
           74 |    14 |            15
           74 |    15 |            12
           74 |    16 |            21
           74 |    17 |            37
           74 |    18 |            51
           74 |    19 |           107
----------------------------------
           75 |     1 |           409
           75 |     2 |           115
           75 |     3 |            51
           75 |     4 |            57
           75 |     5 |             8
           75 |     6 |             4
           75 |     7 |            15
           75 |     8 |             4
           75 |     9 |             8
           75 |    10 |             5
           75 |    11 |             6
           75 |    12 |             2
           75 |    13 |             8
           75 |    14 |            17
           75 |    15 |            12
           75 |    16 |            15
           75 |    17 |            29
           75 |    18 |            48
           75 |    19 |            87
----------------------------------
           76 |     1 |           899
           76 |     2 |           299
           76 |     3 |           142
           76 |     4 |            67
           76 |     5 |            34
           76 |     6 |            32
           76 |     7 |            22
           76 |     8 |            13
           76 |     9 |            12
           76 |    10 |            12
           76 |    11 |            17
           76 |    12 |             6
           76 |    13 |            20
           76 |    14 |            15
           76 |    15 |            28
           76 |    16 |            38
           76 |    17 |            37
           76 |    18 |           104
           76 |    19 |           179
----------------------------------
           77 |     1 |           919
           77 |     2 |           262
           77 |     3 |           156
           77 |     4 |            88
           77 |     5 |            38
           77 |     6 |            34
           77 |     7 |            25
           77 |     8 |            21
           77 |     9 |            11
           77 |    10 |             6
           77 |    11 |             8
           77 |    12 |            19
           77 |    13 |            21
           77 |    14 |            24
           77 |    15 |            20
           77 |    16 |            30
           77 |    17 |            52
           77 |    18 |            90
           77 |    19 |           178
----------------------------------
           78 |     1 |           619
           78 |     2 |           183
           78 |     3 |           118
           78 |     4 |            51
           78 |     5 |            15
           78 |     6 |            12
           78 |     7 |            15
           78 |     8 |            17
           78 |     9 |             7
           78 |    10 |             2
           78 |    11 |             7
           78 |    12 |             7
           78 |    13 |             8
           78 |    14 |             7
           78 |    15 |             7
           78 |    16 |            21
           78 |    17 |            36
           78 |    18 |            74
           78 |    19 |           120
----------------------------------
           79 |     1 |           931
           79 |     2 |           296
           79 |     3 |           108
           79 |     4 |            62
           79 |     5 |            28
           79 |     6 |            25
           79 |     7 |            18
           79 |     8 |            27
           79 |     9 |            13
           79 |    10 |            15
           79 |    11 |            12
           79 |    12 |            16
           79 |    13 |             8
           79 |    14 |            11
           79 |    15 |            18
           79 |    16 |            37
           79 |    17 |            64
           79 |    18 |           111
           79 |    19 |           175
----------------------------------
           80 |     1 |           706
           80 |     2 |           264
           80 |     3 |           109
           80 |     4 |            64
           80 |     5 |            31
           80 |     6 |            34
           80 |     7 |            15
           80 |     8 |            12
           80 |     9 |            16
           80 |    10 |            13
           80 |    11 |            14
           80 |    12 |            12
           80 |    13 |             9
           80 |    14 |            12
           80 |    15 |            15
           80 |    16 |            26
           80 |    17 |            45
           80 |    18 |            72
           80 |    19 |           131
----------------------------------
           81 |     1 |           464
           81 |     2 |           185
           81 |     3 |            63
           81 |     4 |            49
           81 |     5 |            27
           81 |     6 |            13
           81 |     7 |            10
           81 |     8 |             8
           81 |     9 |             6
           81 |    10 |             7
           81 |    11 |             2
           81 |    12 |            12
           81 |    13 |             5
           81 |    14 |            10
           81 |    15 |             4
           81 |    16 |            18
           81 |    17 |            16
           81 |    18 |            50
           81 |    19 |           104
----------------------------------
           82 |     1 |           701
           82 |     2 |           235
           82 |     3 |           118
           82 |     4 |            43
           82 |     5 |            27
           82 |     6 |            22
           82 |     7 |            18
           82 |     8 |            26
           82 |     9 |            12
           82 |    10 |             7
           82 |    11 |            11
           82 |    12 |            14
           82 |    13 |             7
           82 |    14 |            17
           82 |    15 |            24
           82 |    16 |            31
           82 |    17 |            41
           82 |    18 |            79
           82 |    19 |           125
----------------------------------
           83 |     1 |          1202
           83 |     2 |           384
           83 |     3 |           195
           83 |     4 |            94
           83 |     5 |            48
           83 |     6 |            14
           83 |     7 |            15
           83 |     8 |            13
           83 |     9 |             9
           83 |    10 |            12
           83 |    11 |            17
           83 |    12 |            18
           83 |    13 |            12
           83 |    14 |            24
           83 |    15 |            32
           83 |    16 |            49
           83 |    17 |            74
           83 |    18 |           123
           83 |    19 |           238
----------------------------------
           84 |     1 |           699
           84 |     2 |           269
           84 |     3 |            81
           84 |     4 |            45
           84 |     5 |            28
           84 |     6 |            18
           84 |     7 |            25
           84 |     8 |            11
           84 |     9 |             6
           84 |    10 |            10
           84 |    11 |             7
           84 |    12 |             7
           84 |    13 |            14
           84 |    14 |            12
           84 |    15 |            17
           84 |    16 |            22
           84 |    17 |            48
           84 |    18 |            70
           84 |    19 |           123
----------------------------------
           85 |     1 |          1059
           85 |     2 |           365
           85 |     3 |           196
           85 |     4 |            99
           85 |     5 |            41
           85 |     6 |            21
           85 |     7 |            13
           85 |     8 |            14
           85 |     9 |            14
           85 |    10 |             5
           85 |    11 |             5
           85 |    12 |             7
           85 |    13 |            12
           85 |    14 |            17
           85 |    15 |            25
           85 |    16 |            32
           85 |    17 |            69
           85 |    18 |           122
           85 |    19 |           179
----------------------------------
           86 |     1 |          1212
           86 |     2 |           472
           86 |     3 |           211
           86 |     4 |           112
           86 |     5 |            72
           86 |     6 |            54
           86 |     7 |            21
           86 |     8 |            12
           86 |     9 |            10
           86 |    10 |             9
           86 |    11 |            12
           86 |    12 |            10
           86 |    13 |            16
           86 |    14 |            22
           86 |    15 |            32
           86 |    16 |            37
           86 |    17 |            72
           86 |    18 |           137
           86 |    19 |           229
----------------------------------
           87 |     1 |           601
           87 |     2 |           249
           87 |     3 |           100
           87 |     4 |            33
           87 |     5 |            21
           87 |     6 |             5
           87 |     7 |             6
           87 |     8 |            10
           87 |     9 |             8
           87 |    10 |             5
           87 |    11 |             8
           87 |    12 |             4
           87 |    13 |             5
           87 |    14 |            10
           87 |    15 |            11
           87 |    16 |            22
           87 |    17 |            32
           87 |    18 |            66
           87 |    19 |           109
----------------------------------
           88 |     1 |           771
           88 |     2 |           202
           88 |     3 |            82
           88 |     4 |            24
           88 |     5 |            34
           88 |     6 |             8
           88 |     7 |            12
           88 |     8 |             1
           88 |     9 |             2
           88 |    10 |             3
           88 |    11 |             6
           88 |    12 |             3
           88 |    13 |             4
           88 |    14 |            13
           88 |    15 |            19
           88 |    16 |            20
           88 |    17 |            38
           88 |    18 |            60
           88 |    19 |           106
----------------------------------
           89 |     1 |           855
           89 |     2 |           317
           89 |     3 |           159
           89 |     4 |            66
           89 |     5 |            33
           89 |     6 |            24
           89 |     7 |            15
           89 |     8 |            23
           89 |     9 |             8
           89 |    10 |            16
           89 |    11 |            11
           89 |    12 |             6
           89 |    13 |             8
           89 |    14 |            20
           89 |    15 |            26
           89 |    16 |            28
           89 |    17 |            36
           89 |    18 |            79
           89 |    19 |           139
----------------------------------
           90 |     1 |           352
           90 |     2 |           145
           90 |     3 |            53
           90 |     4 |            27
           90 |     5 |            20
           90 |     6 |            15
           90 |     7 |             5
           90 |     8 |            11
           90 |     9 |             2
           90 |    10 |             0
           90 |    11 |             2
           90 |    12 |             6
           90 |    13 |             6
           90 |    14 |             7
           90 |    15 |            14
           90 |    16 |            10
           90 |    17 |            20
           90 |    18 |            43
           90 |    19 |            72
----------------------------------
           91 |     1 |           381
           91 |     2 |           138
           91 |     3 |            49
           91 |     4 |            26
           91 |     5 |            16
           91 |     6 |             6
           91 |     7 |            12
           91 |     8 |             8
           91 |     9 |             4
           91 |    10 |             5
           91 |    11 |             6
           91 |    12 |             9
           91 |    13 |             4
           91 |    14 |             9
           91 |    15 |            11
           91 |    16 |            11
           91 |    17 |            17
           91 |    18 |            37
           91 |    19 |            70
----------------------------------
           92 |     1 |           626
           92 |     2 |           250
           92 |     3 |           128
           92 |     4 |            43
           92 |     5 |            26
           92 |     6 |            20
           92 |     7 |            22
           92 |     8 |             8
           92 |     9 |             2
           92 |    10 |             5
           92 |    11 |             7
           92 |    12 |            10
           92 |    13 |             4
           92 |    14 |            12
           92 |    15 |            17
           92 |    16 |            13
           92 |    17 |            27
           92 |    18 |            56
           92 |    19 |           104
----------------------------------
           93 |     1 |           689
           93 |     2 |           343
           93 |     3 |           125
           93 |     4 |            93
           93 |     5 |            39
           93 |     6 |            10
           93 |     7 |            21
           93 |     8 |            10
           93 |     9 |            14
           93 |    10 |             5
           93 |    11 |            12
           93 |    12 |             6
           93 |    13 |            11
           93 |    14 |            15
           93 |    15 |            31
           93 |    16 |            24
           93 |    17 |            35
           93 |    18 |            71
           93 |    19 |           120
----------------------------------
           94 |     1 |           385
           94 |     2 |           180
           94 |     3 |            42
           94 |     4 |            14
           94 |     5 |            10
           94 |     6 |            16
           94 |     7 |             6
           94 |     8 |             8
           94 |     9 |             7
           94 |    10 |             7
           94 |    11 |             6
           94 |    12 |             4
           94 |    13 |             9
           94 |    14 |             9
           94 |    15 |             9
           94 |    16 |            16
           94 |    17 |            22
           94 |    18 |            43
           94 |    19 |            53
----------------------------------
           95 |     1 |           682
           95 |     2 |           237
           95 |     3 |           134
           95 |     4 |            73
           95 |     5 |            32
           95 |     6 |            16
           95 |     7 |            19
           95 |     8 |            11
           95 |     9 |            13
           95 |    10 |             8
           95 |    11 |            16
           95 |    12 |            11
           95 |    13 |            18
           95 |    14 |            17
           95 |    15 |            19
           95 |    16 |            27
           95 |    17 |            31
           95 |    18 |            54
           95 |    19 |           102
----------------------------------
           96 |     1 |           254
           96 |     2 |           135
           96 |     3 |            55
           96 |     4 |            44
           96 |     5 |            20
           96 |     6 |            10
           96 |     7 |            10
           96 |     8 |             6
           96 |     9 |             0
           96 |    10 |             5
           96 |    11 |             6
           96 |    12 |             3
           96 |    13 |             4
           96 |    14 |             7
           96 |    15 |             8
           96 |    16 |            10
           96 |    17 |            21
           96 |    18 |            25
           96 |    19 |            49
----------------------------------
           97 |     1 |           534
           97 |     2 |           254
           97 |     3 |            85
           97 |     4 |            72
           97 |     5 |            43
           97 |     6 |            26
           97 |     7 |            10
           97 |     8 |             3
           97 |     9 |             3
           97 |    10 |             4
           97 |    11 |             7
           97 |    12 |             7
           97 |    13 |             3
           97 |    14 |            10
           97 |    15 |            18
           97 |    16 |            13
           97 |    17 |            23
           97 |    18 |            45
           97 |    19 |           101
----------------------------------
           98 |     1 |           414
           98 |     2 |           226
           98 |     3 |            72
           98 |     4 |            43
           98 |     5 |            39
           98 |     6 |            24
           98 |     7 |            12
           98 |     8 |            19
           98 |     9 |            14
           98 |    10 |             9
           98 |    11 |            10
           98 |    12 |             5
           98 |    13 |             4
           98 |    14 |             6
           98 |    15 |             9
           98 |    16 |            13
           98 |    17 |            35
           98 |    18 |            48
           98 |    19 |            76
----------------------------------
           99 |     1 |           890
           99 |     2 |           350
           99 |     3 |           194
           99 |     4 |            97
           99 |     5 |            42
           99 |     6 |            48
           99 |     7 |            39
           99 |     8 |            14
           99 |     9 |            14
           99 |    10 |            22
           99 |    11 |            13
           99 |    12 |            16
           99 |    13 |             8
           99 |    14 |            13
           99 |    15 |            14
           99 |    16 |            36
           99 |    17 |            43
           99 |    18 |            82
           99 |    19 |           144
----------------------------------
          100 |     1 |           552
          100 |     2 |           207
          100 |     3 |            84
          100 |     4 |            48
          100 |     5 |            35
          100 |     6 |            27
          100 |     7 |            10
          100 |     8 |            10
          100 |     9 |             9
          100 |    10 |            12
          100 |    11 |             7
          100 |    12 |             3
          100 |    13 |            16
          100 |    14 |             4
          100 |    15 |             8
          100 |    16 |            11
          100 |    17 |            28
          100 |    18 |            47
          100 |    19 |            82
----------------------------------
          101 |     1 |           380
          101 |     2 |           130
          101 |     3 |            62
          101 |     4 |            27
          101 |     5 |            21
          101 |     6 |            17
          101 |     7 |             5
          101 |     8 |             3
          101 |     9 |             6
          101 |    10 |             4
          101 |    11 |             1
          101 |    12 |             1
          101 |    13 |             6
          101 |    14 |             8
          101 |    15 |             7
          101 |    16 |            14
          101 |    17 |            20
          101 |    18 |            35
          101 |    19 |            61
----------------------------------
          102 |     1 |           467
          102 |     2 |           245
          102 |     3 |           113
          102 |     4 |            70
          102 |     5 |            47
          102 |     6 |            21
          102 |     7 |             6
          102 |     8 |             8
          102 |     9 |             7
          102 |    10 |             8
          102 |    11 |             1
          102 |    12 |             2
          102 |    13 |             7
          102 |    14 |             8
          102 |    15 |            22
          102 |    16 |            23
          102 |    17 |            26
          102 |    18 |            57
          102 |    19 |            86
----------------------------------
          103 |     1 |           247
          103 |     2 |           114
          103 |     3 |            57
          103 |     4 |            47
          103 |     5 |            26
          103 |     6 |             7
          103 |     7 |             4
          103 |     8 |             3
          103 |     9 |             0
          103 |    10 |             2
          103 |    11 |             8
          103 |    12 |             5
          103 |    13 |             3
          103 |    14 |             1
          103 |    15 |             8
          103 |    16 |            13
          103 |    17 |            10
          103 |    18 |            19
          103 |    19 |            44
----------------------------------
          104 |     1 |           433
          104 |     2 |           217
          104 |     3 |            95
          104 |     4 |            37
          104 |     5 |            32
          104 |     6 |            13
          104 |     7 |            13
          104 |     8 |             4
          104 |     9 |             3
          104 |    10 |             5
          104 |    11 |             5
          104 |    12 |             8
          104 |    13 |             6
          104 |    14 |            14
          104 |    15 |            11
          104 |    16 |             8
          104 |    17 |            25
          104 |    18 |            48
          104 |    19 |            63
----------------------------------
          105 |     1 |           321
          105 |     2 |           148
          105 |     3 |            47
          105 |     4 |            20
          105 |     5 |            24
          105 |     6 |            13
          105 |     7 |             7
          105 |     8 |             1
          105 |     9 |             4
          105 |    10 |             2
          105 |    11 |             8
          105 |    12 |             5
          105 |    13 |             7
          105 |    14 |             9
          105 |    15 |            10
          105 |    16 |            14
          105 |    17 |            15
          105 |    18 |            31
          105 |    19 |            49
----------------------------------
          106 |     1 |           240
          106 |     2 |           116
          106 |     3 |            42
          106 |     4 |            18
          106 |     5 |             4
          106 |     6 |             2
          106 |     7 |             5
          106 |     8 |             1
          106 |     9 |            10
          106 |    10 |             4
          106 |    11 |             3
          106 |    12 |             1
          106 |    13 |             3
          106 |    14 |             3
          106 |    15 |             7
          106 |    16 |             7
          106 |    17 |            13
          106 |    18 |            18
          106 |    19 |            33
----------------------------------
          107 |     1 |           250
          107 |     2 |           133
          107 |     3 |            39
          107 |     4 |            33
          107 |     5 |            27
          107 |     6 |            14
          107 |     7 |            18
          107 |     8 |            15
          107 |     9 |             4
          107 |    10 |             3
          107 |    11 |             4
          107 |    12 |             4
          107 |    13 |             6
          107 |    14 |             4
          107 |    15 |             5
          107 |    16 |            12
          107 |    17 |            17
          107 |    18 |            24
          107 |    19 |            30
----------------------------------
          108 |     1 |           143
          108 |     2 |            75
          108 |     3 |            32
          108 |     4 |            41
          108 |     5 |            18
          108 |     6 |            24
          108 |     7 |            10
          108 |     8 |             2
          108 |     9 |             7
          108 |    10 |             7
          108 |    11 |             3
          108 |    12 |             0
          108 |    13 |             7
          108 |    14 |             5
          108 |    15 |             3
          108 |    16 |             6
          108 |    17 |             9
          108 |    18 |            17
          108 |    19 |            23
----------------------------------
          109 |     1 |           327
          109 |     2 |           165
          109 |     3 |            84
          109 |     4 |            61
          109 |     5 |            27
          109 |     6 |             7
          109 |     7 |            16
          109 |     8 |            15
          109 |     9 |             8
          109 |    10 |             4
          109 |    11 |             8
          109 |    12 |             4
          109 |    13 |             8
          109 |    14 |             7
          109 |    15 |            13
          109 |    16 |            18
          109 |    17 |            23
          109 |    18 |            25
          109 |    19 |            52
----------------------------------
          110 |     1 |           368
          110 |     2 |           154
          110 |     3 |            59
          110 |     4 |            45
          110 |     5 |            44
          110 |     6 |            19
          110 |     7 |             5
          110 |     8 |            12
          110 |     9 |            17
          110 |    10 |             4
          110 |    11 |            16
          110 |    12 |             2
          110 |    13 |             2
          110 |    14 |             4
          110 |    15 |             8
          110 |    16 |             9
          110 |    17 |            16
          110 |    18 |            38
          110 |    19 |            58
----------------------------------
          111 |     1 |           169
          111 |     2 |            56
          111 |     3 |            66
          111 |     4 |            32
          111 |     5 |            32
          111 |     6 |             8
          111 |     7 |             5
          111 |     8 |             3
          111 |     9 |             7
          111 |    10 |             3
          111 |    11 |             2
          111 |    12 |             4
          111 |    13 |             8
          111 |    14 |             1
          111 |    15 |             5
          111 |    16 |             3
          111 |    17 |             6
          111 |    18 |            14
          111 |    19 |            20
----------------------------------
          112 |     1 |           277
          112 |     2 |            90
          112 |     3 |            80
          112 |     4 |            51
          112 |     5 |            22
          112 |     6 |            27
          112 |     7 |            10
          112 |     8 |             9
          112 |     9 |             2
          112 |    10 |             3
          112 |    11 |             3
          112 |    12 |             5
          112 |    13 |             5
          112 |    14 |             0
          112 |    15 |             3
          112 |    16 |             5
          112 |    17 |            12
          112 |    18 |            24
          112 |    19 |            44
----------------------------------
          113 |     1 |           164
          113 |     2 |            43
          113 |     3 |            34
          113 |     4 |            16
          113 |     5 |             3
          113 |     6 |             1
          113 |     7 |             4
          113 |     8 |             2
          113 |     9 |             4
          113 |    10 |             3
          113 |    11 |             1
          113 |    12 |             0
          113 |    13 |             3
          113 |    14 |             4
          113 |    15 |             7
          113 |    16 |             6
          113 |    17 |             9
          113 |    18 |            13
          113 |    19 |            22
----------------------------------
          114 |     1 |           181
          114 |     2 |            91
          114 |     3 |            39
          114 |     4 |            37
          114 |     5 |             7
          114 |     6 |             7
          114 |     7 |             8
          114 |     8 |             8
          114 |     9 |             8
          114 |    10 |             3
          114 |    11 |             6
          114 |    12 |             1
          114 |    13 |             1
          114 |    14 |             2
          114 |    15 |             3
          114 |    16 |             1
          114 |    17 |            10
          114 |    18 |            14
          114 |    19 |            29
----------------------------------
----------------------------------
          116 |     1 |           146
          116 |     2 |            42
          116 |     3 |            27
          116 |     4 |            25
          116 |     5 |             3
          116 |     6 |             4
          116 |     7 |             3
          116 |     8 |            15
          116 |     9 |             2
          116 |    10 |             9
          116 |    11 |             4
          116 |    12 |             8
          116 |    13 |             2
          116 |    14 |             5
          116 |    15 |             5
          116 |    16 |             5
          116 |    17 |             5
          116 |    18 |            15
          116 |    19 |            23
----------------------------------
          117 |     1 |            34
          117 |     2 |            32
          117 |     3 |            19
          117 |     4 |            12
          117 |     5 |             0
          117 |     6 |             0
          117 |     7 |             2
          117 |     8 |             1
          117 |     9 |             0
          117 |    10 |             0
          117 |    11 |             0
          117 |    12 |             1
          117 |    13 |             0
          117 |    14 |             0
          117 |    15 |             1
          117 |    16 |             1
          117 |    17 |             6
          117 |    18 |             1
          117 |    19 |             7
----------------------------------
          118 |     1 |            31
          118 |     2 |            25
          118 |     3 |            17
          118 |     4 |             3
          118 |     5 |            10
          118 |     6 |             1
          118 |     7 |             1
          118 |     8 |             6
          118 |     9 |             4
          118 |    10 |             1
          118 |    11 |             0
          118 |    12 |             2
          118 |    13 |             3
          118 |    14 |             2
          118 |    15 |             0
          118 |    16 |             1
          118 |    17 |             1
          118 |    18 |             4
          118 |    19 |             6
----------------------------------
          119 |     1 |            75
          119 |     2 |            51
          119 |     3 |            34
          119 |     4 |             5
          119 |     5 |            24
          119 |     6 |             8
          119 |     7 |             0
          119 |     8 |             7
          119 |     9 |             3
          119 |    10 |             3
          119 |    11 |             1
          119 |    12 |             0
          119 |    13 |             0
          119 |    14 |             0
          119 |    15 |             0
          119 |    16 |             2
          119 |    17 |             5
          119 |    18 |             5
          119 |    19 |            15
----------------------------------
          120 |     1 |           311
          120 |     2 |           103
          120 |     3 |            45
          120 |     4 |            36
          120 |     5 |            31
          120 |     6 |            18
          120 |     7 |            20
          120 |     8 |            14
          120 |     9 |            14
          120 |    10 |            11
          120 |    11 |            11
          120 |    12 |             6
          120 |    13 |             4
          120 |    14 |             5
          120 |    15 |             6
          120 |    16 |             9
          120 |    17 |            17
          120 |    18 |            14
          120 |    19 |            45
----------------------------------
          121 |     1 |           105
          121 |     2 |            34
          121 |     3 |            38
          121 |     4 |             0
          121 |     5 |             8
          121 |     6 |            17
          121 |     7 |             3
          121 |     8 |             4
          121 |     9 |             6
          121 |    10 |             1
          121 |    11 |             0
          121 |    12 |             0
          121 |    13 |             1
          121 |    14 |             2
          121 |    15 |             0
          121 |    16 |             4
          121 |    17 |             3
          121 |    18 |             6
          121 |    19 |            10
----------------------------------
          122 |     1 |            72
          122 |     2 |            27
          122 |     3 |            21
          122 |     4 |            28
          122 |     5 |            18
          122 |     6 |             9
          122 |     7 |             1
          122 |     8 |             9
          122 |     9 |             4
          122 |    10 |             7
          122 |    11 |             6
          122 |    12 |             1
          122 |    13 |             3
          122 |    14 |             3
          122 |    15 |             8
          122 |    16 |             5
          122 |    17 |             5
          122 |    18 |             7
          122 |    19 |            10
----------------------------------
          123 |     1 |           138
          123 |     2 |            85
          123 |     3 |            36
          123 |     4 |            22
          123 |     5 |             9
          123 |     6 |            10
          123 |     7 |             8
          123 |     8 |             4
          123 |     9 |             2
          123 |    10 |             3
          123 |    11 |             4
          123 |    12 |             1
          123 |    13 |             1
          123 |    14 |             1
          123 |    15 |             2
          123 |    16 |             8
          123 |    17 |             7
          123 |    18 |             9
          123 |    19 |            19
----------------------------------
----------------------------------
          125 |     1 |           118
          125 |     2 |            47
          125 |     3 |            22
          125 |     4 |            11
          125 |     5 |             0
          125 |     6 |             5
          125 |     7 |             6
          125 |     8 |             0
          125 |     9 |             0
          125 |    10 |             1
          125 |    11 |             2
          125 |    12 |             5
          125 |    13 |             1
          125 |    14 |             1
          125 |    15 |             3
          125 |    16 |             3
          125 |    17 |             3
          125 |    18 |             7
          125 |    19 |            15
----------------------------------
----------------------------------
          127 |     1 |            52
          127 |     2 |            26
          127 |     3 |            11
          127 |     4 |             6
          127 |     5 |             6
          127 |     6 |             5
          127 |     7 |             2
          127 |     8 |             0
          127 |     9 |             0
          127 |    10 |             0
          127 |    11 |             0
          127 |    12 |             1
          127 |    13 |             2
          127 |    14 |             1
          127 |    15 |             0
          127 |    16 |             4
          127 |    17 |             3
          127 |    18 |             3
          127 |    19 |             5
----------------------------------
          128 |     1 |            59
          128 |     2 |            27
          128 |     3 |            14
          128 |     4 |             3
          128 |     5 |             0
          128 |     6 |             2
          128 |     7 |             0
          128 |     8 |             1
          128 |     9 |             0
          128 |    10 |             2
          128 |    11 |             3
          128 |    12 |             0
          128 |    13 |             0
          128 |    14 |             0
          128 |    15 |             0
          128 |    16 |             1
          128 |    17 |             3
          128 |    18 |             6
          128 |    19 |             7
----------------------------------
----------------------------------
----------------------------------
----------------------------------
----------------------------------
          133 |     1 |            63
          133 |     2 |            19
          133 |     3 |            13
          133 |     4 |             4
          133 |     5 |             1
          133 |     6 |             1
          133 |     7 |             3
          133 |     8 |             8
          133 |     9 |             6
          133 |    10 |             0
          133 |    11 |             1
          133 |    12 |             0
          133 |    13 |             0
          133 |    14 |             3
          133 |    15 |             3
          133 |    16 |             2
          133 |    17 |             1
          133 |    18 |             2
          133 |    19 |             3
----------------------------------
----------------------------------
----------------------------------
----------------------------------
----------------------------------
          138 |     1 |            43
          138 |     2 |            21
          138 |     3 |            14
          138 |     4 |             8
          138 |     5 |             2
          138 |     6 |             9
          138 |     7 |             6
          138 |     8 |             9
          138 |     9 |             2
          138 |    10 |             2
          138 |    11 |             3
          138 |    12 |             0
          138 |    13 |             3
          138 |    14 |             1
          138 |    15 |             1
          138 |    16 |             0
          138 |    17 |             0
          138 |    18 |             6
          138 |    19 |             8
----------------------------------
----------------------------------
----------------------------------
          141 |     1 |            54
          141 |     2 |            35
          141 |     3 |             6
          141 |     4 |             1
          141 |     5 |            21
          141 |     6 |             2
          141 |     7 |             3
          141 |     8 |             0
          141 |     9 |             0
          141 |    10 |             1
          141 |    11 |             4
          141 |    12 |             2
          141 |    13 |             0
          141 |    14 |             0
          141 |    15 |             4
          141 |    16 |             0
          141 |    17 |             1
          141 |    18 |             1
          141 |    19 |             6
----------------------------------
----------------------------------
----------------------------------
----------------------------------
----------------------------------
----------------------------------
----------------------------------
----------------------------------
----------------------------------
----------------------------------
----------------------------------
----------------------------------
----------------------------------
----------------------------------
----------------------------------
----------------------------------
----------------------------------
----------------------------------
----------------------------------
----------------------------------
----------------------------------
----------------------------------
----------------------------------
----------------------------------
----------------------------------
----------------------------------
----------------------------------
----------------------------------
----------------------------------
----------------------------------
----------------------------------
----------------------------------
----------------------------------
----------------------------------
----------------------------------
----------------------------------
----------------------------------
----------------------------------
----------------------------------
----------------------------------
----------------------------------
----------------------------------
----------------------------------
----------------------------------
----------------------------------
----------------------------------
----------------------------------
----------------------------------
----------------------------------
----------------------------------
