MinCut number | SSize | Number of cuts
----------------------------------
----------------------------------
----------------------------------
----------------------------------
----------------------------------
----------------------------------
----------------------------------
----------------------------------
----------------------------------
----------------------------------
----------------------------------
----------------------------------
----------------------------------
----------------------------------
----------------------------------
----------------------------------
----------------------------------
           36 |     1 |            24
           36 |     2 |            12
           36 |     3 |             6
           36 |     4 |             4
           36 |     5 |             1
           36 |     6 |             0
           36 |     7 |             1
           36 |     8 |             0
           36 |     9 |             2
           36 |    10 |             1
           36 |    11 |             0
           36 |    12 |             0
           36 |    13 |             3
           36 |    14 |             1
           36 |    15 |             4
           36 |    16 |             6
           36 |    17 |             4
           36 |    18 |             0
           36 |    19 |             3
----------------------------------
----------------------------------
----------------------------------
           39 |     1 |            31
           39 |     2 |            11
           39 |     3 |             3
           39 |     4 |             3
           39 |     5 |             6
           39 |     6 |             0
           39 |     7 |             1
           39 |     8 |             0
           39 |     9 |             0
           39 |    10 |             0
           39 |    11 |             1
           39 |    12 |             1
           39 |    13 |             0
           39 |    14 |             1
           39 |    15 |             4
           39 |    16 |             1
           39 |    17 |             5
           39 |    18 |             8
           39 |    19 |             2
----------------------------------
----------------------------------
           41 |     1 |            12
           41 |     2 |             3
           41 |     3 |             4
           41 |     4 |             0
           41 |     5 |             0
           41 |     6 |             3
           41 |     7 |             1
           41 |     8 |             0
           41 |     9 |             0
           41 |    10 |             0
           41 |    11 |             0
           41 |    12 |             3
           41 |    13 |             0
           41 |    14 |             2
           41 |    15 |             4
           41 |    16 |             0
           41 |    17 |             2
           41 |    18 |             2
           41 |    19 |             5
----------------------------------
----------------------------------
           43 |     1 |            28
           43 |     2 |            10
           43 |     3 |             3
           43 |     4 |             6
           43 |     5 |             4
           43 |     6 |             3
           43 |     7 |             4
           43 |     8 |             2
           43 |     9 |             4
           43 |    10 |             2
           43 |    11 |             0
           43 |    12 |             0
           43 |    13 |             1
           43 |    14 |             2
           43 |    15 |             3
           43 |    16 |             0
           43 |    17 |             5
           43 |    18 |             6
           43 |    19 |             3
----------------------------------
           44 |     1 |            27
           44 |     2 |             6
           44 |     3 |             7
           44 |     4 |             9
           44 |     5 |             1
           44 |     6 |             2
           44 |     7 |             3
           44 |     8 |             1
           44 |     9 |             3
           44 |    10 |             1
           44 |    11 |             3
           44 |    12 |             5
           44 |    13 |             1
           44 |    14 |             0
           44 |    15 |             1
           44 |    16 |             0
           44 |    17 |             6
           44 |    18 |             7
           44 |    19 |             5
----------------------------------
----------------------------------
           46 |     1 |            47
           46 |     2 |            18
           46 |     3 |             6
           46 |     4 |             5
           46 |     5 |             1
           46 |     6 |             7
           46 |     7 |             0
           46 |     8 |             1
           46 |     9 |             2
           46 |    10 |             3
           46 |    11 |             0
           46 |    12 |             2
           46 |    13 |             8
           46 |    14 |             3
           46 |    15 |             5
           46 |    16 |             4
           46 |    17 |             9
           46 |    18 |             9
           46 |    19 |             8
----------------------------------
           47 |     1 |            59
           47 |     2 |            18
           47 |     3 |             9
           47 |     4 |            14
           47 |     5 |            10
           47 |     6 |             6
           47 |     7 |             5
           47 |     8 |             4
           47 |     9 |             0
           47 |    10 |             2
           47 |    11 |             3
           47 |    12 |             6
           47 |    13 |             3
           47 |    14 |             3
           47 |    15 |             7
           47 |    16 |             7
           47 |    17 |             9
           47 |    18 |            10
           47 |    19 |            13
----------------------------------
           48 |     1 |           160
           48 |     2 |            43
           48 |     3 |            25
           48 |     4 |            22
           48 |     5 |             8
           48 |     6 |            17
           48 |     7 |             8
           48 |     8 |             9
           48 |     9 |             1
           48 |    10 |             5
           48 |    11 |             9
           48 |    12 |            10
           48 |    13 |            12
           48 |    14 |             9
           48 |    15 |             7
           48 |    16 |            18
           48 |    17 |            23
           48 |    18 |            16
           48 |    19 |            30
----------------------------------
           49 |     1 |            59
           49 |     2 |            27
           49 |     3 |            11
           49 |     4 |             5
           49 |     5 |             4
           49 |     6 |            11
           49 |     7 |             4
           49 |     8 |             2
           49 |     9 |             3
           49 |    10 |             0
           49 |    11 |             4
           49 |    12 |             1
           49 |    13 |             4
           49 |    14 |            11
           49 |    15 |             5
           49 |    16 |             6
           49 |    17 |            11
           49 |    18 |            17
           49 |    19 |            11
----------------------------------
           50 |     1 |            75
           50 |     2 |            30
           50 |     3 |            14
           50 |     4 |             6
           50 |     5 |            10
           50 |     6 |             8
           50 |     7 |             1
           50 |     8 |             1
           50 |     9 |             3
           50 |    10 |             5
           50 |    11 |             4
           50 |    12 |             6
           50 |    13 |            11
           50 |    14 |            12
           50 |    15 |             8
           50 |    16 |            10
           50 |    17 |            14
           50 |    18 |            19
           50 |    19 |            13
----------------------------------
           51 |     1 |           127
           51 |     2 |            64
           51 |     3 |            28
           51 |     4 |             7
           51 |     5 |             7
           51 |     6 |            10
           51 |     7 |             8
           51 |     8 |             7
           51 |     9 |            10
           51 |    10 |             4
           51 |    11 |             7
           51 |    12 |            12
           51 |    13 |            17
           51 |    14 |            15
           51 |    15 |            15
           51 |    16 |            19
           51 |    17 |            13
           51 |    18 |            18
           51 |    19 |            20
----------------------------------
           52 |     1 |           164
           52 |     2 |            53
           52 |     3 |            27
           52 |     4 |            13
           52 |     5 |            12
           52 |     6 |             6
           52 |     7 |            11
           52 |     8 |             5
           52 |     9 |             4
           52 |    10 |             3
           52 |    11 |             6
           52 |    12 |             2
           52 |    13 |            14
           52 |    14 |            16
           52 |    15 |            27
           52 |    16 |            22
           52 |    17 |            22
           52 |    18 |            27
           52 |    19 |            34
----------------------------------
           53 |     1 |           175
           53 |     2 |            75
           53 |     3 |            37
           53 |     4 |            27
           53 |     5 |            20
           53 |     6 |            23
           53 |     7 |            24
           53 |     8 |            20
           53 |     9 |            17
           53 |    10 |            27
           53 |    11 |            16
           53 |    12 |             7
           53 |    13 |            16
           53 |    14 |            21
           53 |    15 |            17
           53 |    16 |            25
           53 |    17 |            29
           53 |    18 |            30
           53 |    19 |            30
----------------------------------
           54 |     1 |           140
           54 |     2 |            62
           54 |     3 |            31
           54 |     4 |            25
           54 |     5 |            21
           54 |     6 |            14
           54 |     7 |             6
           54 |     8 |            10
           54 |     9 |            12
           54 |    10 |             8
           54 |    11 |             4
           54 |    12 |            11
           54 |    13 |             7
           54 |    14 |            17
           54 |    15 |            21
           54 |    16 |            16
           54 |    17 |            27
           54 |    18 |            25
           54 |    19 |            29
----------------------------------
           55 |     1 |           173
           55 |     2 |            80
           55 |     3 |            28
           55 |     4 |            38
           55 |     5 |            24
           55 |     6 |            20
           55 |     7 |             8
           55 |     8 |             6
           55 |     9 |            13
           55 |    10 |             6
           55 |    11 |             3
           55 |    12 |             6
           55 |    13 |            16
           55 |    14 |            11
           55 |    15 |            16
           55 |    16 |            24
           55 |    17 |            18
           55 |    18 |            34
           55 |    19 |            26
----------------------------------
           56 |     1 |           258
           56 |     2 |            85
           56 |     3 |            52
           56 |     4 |            41
           56 |     5 |            25
           56 |     6 |            12
           56 |     7 |            10
           56 |     8 |            11
           56 |     9 |            26
           56 |    10 |            12
           56 |    11 |            20
           56 |    12 |            34
           56 |    13 |            20
           56 |    14 |            12
           56 |    15 |            19
           56 |    16 |            21
           56 |    17 |            39
           56 |    18 |            48
           56 |    19 |            39
----------------------------------
           57 |     1 |           213
           57 |     2 |            83
           57 |     3 |            39
           57 |     4 |            24
           57 |     5 |            16
           57 |     6 |            15
           57 |     7 |            25
           57 |     8 |            14
           57 |     9 |            19
           57 |    10 |            13
           57 |    11 |            12
           57 |    12 |            11
           57 |    13 |             7
           57 |    14 |            23
           57 |    15 |            17
           57 |    16 |            20
           57 |    17 |            22
           57 |    18 |            30
           57 |    19 |            24
----------------------------------
           58 |     1 |           242
           58 |     2 |           106
           58 |     3 |            62
           58 |     4 |            35
           58 |     5 |            16
           58 |     6 |            13
           58 |     7 |            10
           58 |     8 |             8
           58 |     9 |            10
           58 |    10 |            12
           58 |    11 |            10
           58 |    12 |            19
           58 |    13 |            13
           58 |    14 |             6
           58 |    15 |            20
           58 |    16 |            29
           58 |    17 |            32
           58 |    18 |            23
           58 |    19 |            30
----------------------------------
           59 |     1 |           159
           59 |     2 |            62
           59 |     3 |            38
           59 |     4 |            16
           59 |     5 |             9
           59 |     6 |            18
           59 |     7 |             4
           59 |     8 |             4
           59 |     9 |            12
           59 |    10 |            10
           59 |    11 |             8
           59 |    12 |             8
           59 |    13 |            12
           59 |    14 |            11
           59 |    15 |            14
           59 |    16 |            20
           59 |    17 |            21
           59 |    18 |            22
           59 |    19 |            24
----------------------------------
           60 |     1 |           238
           60 |     2 |            87
           60 |     3 |            33
           60 |     4 |            22
           60 |     5 |            22
           60 |     6 |            14
           60 |     7 |            39
           60 |     8 |            22
           60 |     9 |            14
           60 |    10 |            12
           60 |    11 |            12
           60 |    12 |             9
           60 |    13 |            20
           60 |    14 |            21
           60 |    15 |            24
           60 |    16 |            28
           60 |    17 |            32
           60 |    18 |            39
           60 |    19 |            32
----------------------------------
           61 |     1 |           307
           61 |     2 |           151
           61 |     3 |            92
           61 |     4 |            45
           61 |     5 |            51
           61 |     6 |            43
           61 |     7 |            22
           61 |     8 |            34
           61 |     9 |            30
           61 |    10 |            11
           61 |    11 |            18
           61 |    12 |            29
           61 |    13 |            31
           61 |    14 |            16
           61 |    15 |            34
           61 |    16 |            34
           61 |    17 |            45
           61 |    18 |            49
           61 |    19 |            56
----------------------------------
           62 |     1 |           290
           62 |     2 |           160
           62 |     3 |            90
           62 |     4 |            51
           62 |     5 |            34
           62 |     6 |            34
           62 |     7 |            32
           62 |     8 |            29
           62 |     9 |            14
           62 |    10 |            18
           62 |    11 |            23
           62 |    12 |            13
           62 |    13 |            16
           62 |    14 |            15
           62 |    15 |            19
           62 |    16 |            31
           62 |    17 |            35
           62 |    18 |            52
           62 |    19 |            36
----------------------------------
           63 |     1 |           416
           63 |     2 |           183
           63 |     3 |           120
           63 |     4 |            87
           63 |     5 |            54
           63 |     6 |            45
           63 |     7 |            53
           63 |     8 |            26
           63 |     9 |            24
           63 |    10 |            29
           63 |    11 |            16
           63 |    12 |            23
           63 |    13 |            37
           63 |    14 |            25
           63 |    15 |            33
           63 |    16 |            40
           63 |    17 |            55
           63 |    18 |            58
           63 |    19 |            62
----------------------------------
           64 |     1 |           386
           64 |     2 |           158
           64 |     3 |            79
           64 |     4 |            47
           64 |     5 |            39
           64 |     6 |            19
           64 |     7 |            17
           64 |     8 |            24
           64 |     9 |            14
           64 |    10 |            12
           64 |    11 |            21
           64 |    12 |            20
           64 |    13 |            26
           64 |    14 |            24
           64 |    15 |            24
           64 |    16 |            37
           64 |    17 |            40
           64 |    18 |            50
           64 |    19 |            51
----------------------------------
           65 |     1 |           327
           65 |     2 |           137
           65 |     3 |           102
           65 |     4 |            52
           65 |     5 |            40
           65 |     6 |            20
           65 |     7 |            23
           65 |     8 |            15
           65 |     9 |            15
           65 |    10 |            15
           65 |    11 |            22
           65 |    12 |            30
           65 |    13 |            18
           65 |    14 |            21
           65 |    15 |            31
           65 |    16 |            37
           65 |    17 |            37
           65 |    18 |            57
           65 |    19 |            41
----------------------------------
           66 |     1 |           452
           66 |     2 |           254
           66 |     3 |           166
           66 |     4 |            91
           66 |     5 |            62
           66 |     6 |            34
           66 |     7 |            26
           66 |     8 |            30
           66 |     9 |            36
           66 |    10 |            25
           66 |    11 |            25
           66 |    12 |            26
           66 |    13 |            27
           66 |    14 |            44
           66 |    15 |            37
           66 |    16 |            43
           66 |    17 |            68
           66 |    18 |            69
           66 |    19 |            69
----------------------------------
           67 |     1 |           504
           67 |     2 |           187
           67 |     3 |           112
           67 |     4 |            83
           67 |     5 |            52
           67 |     6 |            49
           67 |     7 |            42
           67 |     8 |            28
           67 |     9 |            22
           67 |    10 |            20
           67 |    11 |            16
           67 |    12 |            37
           67 |    13 |            27
           67 |    14 |            39
           67 |    15 |            49
           67 |    16 |            47
           67 |    17 |            47
           67 |    18 |            53
           67 |    19 |            60
----------------------------------
           68 |     1 |           317
           68 |     2 |           205
           68 |     3 |           111
           68 |     4 |            52
           68 |     5 |            40
           68 |     6 |            31
           68 |     7 |            32
           68 |     8 |            23
           68 |     9 |            28
           68 |    10 |            17
           68 |    11 |            21
           68 |    12 |            27
           68 |    13 |            25
           68 |    14 |            32
           68 |    15 |            36
           68 |    16 |            25
           68 |    17 |            52
           68 |    18 |            39
           68 |    19 |            43
----------------------------------
           69 |     1 |           414
           69 |     2 |           183
           69 |     3 |           128
           69 |     4 |            57
           69 |     5 |            50
           69 |     6 |            28
           69 |     7 |            20
           69 |     8 |            28
           69 |     9 |            25
           69 |    10 |            21
           69 |    11 |            30
           69 |    12 |            33
           69 |    13 |            29
           69 |    14 |            30
           69 |    15 |            32
           69 |    16 |            44
           69 |    17 |            58
           69 |    18 |            56
           69 |    19 |            45
----------------------------------
           70 |     1 |           477
           70 |     2 |           228
           70 |     3 |           144
           70 |     4 |            91
           70 |     5 |            55
           70 |     6 |            35
           70 |     7 |            52
           70 |     8 |            40
           70 |     9 |            38
           70 |    10 |            36
           70 |    11 |            30
           70 |    12 |            51
           70 |    13 |            41
           70 |    14 |            32
           70 |    15 |            36
           70 |    16 |            58
           70 |    17 |            56
           70 |    18 |            59
           70 |    19 |            51
----------------------------------
           71 |     1 |           483
           71 |     2 |           248
           71 |     3 |           132
           71 |     4 |            68
           71 |     5 |            52
           71 |     6 |            56
           71 |     7 |            36
           71 |     8 |            30
           71 |     9 |            24
           71 |    10 |            30
           71 |    11 |            32
           71 |    12 |            33
           71 |    13 |            36
           71 |    14 |            39
           71 |    15 |            42
           71 |    16 |            41
           71 |    17 |            60
           71 |    18 |            64
           71 |    19 |            56
----------------------------------
           72 |     1 |           587
           72 |     2 |           260
           72 |     3 |           153
           72 |     4 |           103
           72 |     5 |            55
           72 |     6 |            46
           72 |     7 |            51
           72 |     8 |            38
           72 |     9 |            30
           72 |    10 |            24
           72 |    11 |            32
           72 |    12 |            33
           72 |    13 |            27
           72 |    14 |            37
           72 |    15 |            37
           72 |    16 |            65
           72 |    17 |            62
           72 |    18 |            85
           72 |    19 |            75
----------------------------------
           73 |     1 |           577
           73 |     2 |           248
           73 |     3 |           153
           73 |     4 |            95
           73 |     5 |            96
           73 |     6 |            70
           73 |     7 |            43
           73 |     8 |            48
           73 |     9 |            47
           73 |    10 |            46
           73 |    11 |            42
           73 |    12 |            40
           73 |    13 |            38
           73 |    14 |            32
           73 |    15 |            39
           73 |    16 |            57
           73 |    17 |            72
           73 |    18 |            80
           73 |    19 |            75
----------------------------------
           74 |     1 |           583
           74 |     2 |           312
           74 |     3 |           181
           74 |     4 |           111
           74 |     5 |            58
           74 |     6 |            37
           74 |     7 |            39
           74 |     8 |            23
           74 |     9 |            25
           74 |    10 |            43
           74 |    11 |            34
           74 |    12 |            36
           74 |    13 |            45
           74 |    14 |            53
           74 |    15 |            57
           74 |    16 |            69
           74 |    17 |            62
           74 |    18 |            72
           74 |    19 |            84
----------------------------------
           75 |     1 |           472
           75 |     2 |           199
           75 |     3 |           123
           75 |     4 |            98
           75 |     5 |            50
           75 |     6 |            47
           75 |     7 |            37
           75 |     8 |            38
           75 |     9 |            35
           75 |    10 |            30
           75 |    11 |            29
           75 |    12 |            45
           75 |    13 |            38
           75 |    14 |            36
           75 |    15 |            31
           75 |    16 |            42
           75 |    17 |            45
           75 |    18 |            52
           75 |    19 |            53
----------------------------------
           76 |     1 |           790
           76 |     2 |           397
           76 |     3 |           252
           76 |     4 |           159
           76 |     5 |           101
           76 |     6 |            81
           76 |     7 |            48
           76 |     8 |            47
           76 |     9 |            47
           76 |    10 |            41
           76 |    11 |            52
           76 |    12 |            35
           76 |    13 |            46
           76 |    14 |            56
           76 |    15 |            54
           76 |    16 |            69
           76 |    17 |            93
           76 |    18 |            70
           76 |    19 |            70
----------------------------------
           77 |     1 |           536
           77 |     2 |           243
           77 |     3 |           141
           77 |     4 |           108
           77 |     5 |            63
           77 |     6 |            38
           77 |     7 |            67
           77 |     8 |            50
           77 |     9 |            32
           77 |    10 |            50
           77 |    11 |            29
           77 |    12 |            40
           77 |    13 |            42
           77 |    14 |            25
           77 |    15 |            34
           77 |    16 |            45
           77 |    17 |            52
           77 |    18 |            50
           77 |    19 |            49
----------------------------------
           78 |     1 |           627
           78 |     2 |           342
           78 |     3 |           213
           78 |     4 |           132
           78 |     5 |            97
           78 |     6 |            80
           78 |     7 |            66
           78 |     8 |            50
           78 |     9 |            39
           78 |    10 |            22
           78 |    11 |            29
           78 |    12 |            39
           78 |    13 |            52
           78 |    14 |            52
           78 |    15 |            54
           78 |    16 |            75
           78 |    17 |            64
           78 |    18 |            82
           78 |    19 |            69
----------------------------------
           79 |     1 |           623
           79 |     2 |           358
           79 |     3 |           227
           79 |     4 |           162
           79 |     5 |            87
           79 |     6 |            80
           79 |     7 |            60
           79 |     8 |            59
           79 |     9 |            36
           79 |    10 |            43
           79 |    11 |            32
           79 |    12 |            44
           79 |    13 |            33
           79 |    14 |            45
           79 |    15 |            45
           79 |    16 |            61
           79 |    17 |            55
           79 |    18 |            83
           79 |    19 |            79
----------------------------------
           80 |     1 |           686
           80 |     2 |           316
           80 |     3 |           204
           80 |     4 |           162
           80 |     5 |            85
           80 |     6 |            73
           80 |     7 |            68
           80 |     8 |            65
           80 |     9 |            50
           80 |    10 |            48
           80 |    11 |            32
           80 |    12 |            26
           80 |    13 |            39
           80 |    14 |            41
           80 |    15 |            57
           80 |    16 |            52
           80 |    17 |            75
           80 |    18 |            85
           80 |    19 |            76
----------------------------------
           81 |     1 |           688
           81 |     2 |           343
           81 |     3 |           193
           81 |     4 |           130
           81 |     5 |           112
           81 |     6 |            77
           81 |     7 |            75
           81 |     8 |            72
           81 |     9 |            46
           81 |    10 |            40
           81 |    11 |            71
           81 |    12 |            44
           81 |    13 |            42
           81 |    14 |            26
           81 |    15 |            47
           81 |    16 |            52
           81 |    17 |            70
           81 |    18 |            80
           81 |    19 |            60
----------------------------------
           82 |     1 |           568
           82 |     2 |           303
           82 |     3 |           220
           82 |     4 |            98
           82 |     5 |            89
           82 |     6 |            68
           82 |     7 |            55
           82 |     8 |            55
           82 |     9 |            32
           82 |    10 |            44
           82 |    11 |            38
           82 |    12 |            37
           82 |    13 |            49
           82 |    14 |            45
           82 |    15 |            39
           82 |    16 |            34
           82 |    17 |            62
           82 |    18 |            62
           82 |    19 |            70
----------------------------------
           83 |     1 |           825
           83 |     2 |           401
           83 |     3 |           241
           83 |     4 |           203
           83 |     5 |           152
           83 |     6 |           100
           83 |     7 |            82
           83 |     8 |            71
           83 |     9 |            44
           83 |    10 |            67
           83 |    11 |            51
           83 |    12 |            52
           83 |    13 |            58
           83 |    14 |            48
           83 |    15 |            38
           83 |    16 |            60
           83 |    17 |            65
           83 |    18 |            89
           83 |    19 |            92
----------------------------------
           84 |     1 |           411
           84 |     2 |           248
           84 |     3 |           141
           84 |     4 |            86
           84 |     5 |            49
           84 |     6 |            59
           84 |     7 |            26
           84 |     8 |            37
           84 |     9 |            31
           84 |    10 |            34
           84 |    11 |            24
           84 |    12 |            32
           84 |    13 |            36
           84 |    14 |            30
           84 |    15 |            38
           84 |    16 |            30
           84 |    17 |            40
           84 |    18 |            42
           84 |    19 |            34
----------------------------------
           85 |     1 |           544
           85 |     2 |           280
           85 |     3 |           165
           85 |     4 |           122
           85 |     5 |            90
           85 |     6 |            82
           85 |     7 |            66
           85 |     8 |            57
           85 |     9 |            44
           85 |    10 |            27
           85 |    11 |            44
           85 |    12 |            22
           85 |    13 |            31
           85 |    14 |            36
           85 |    15 |            43
           85 |    16 |            43
           85 |    17 |            47
           85 |    18 |            68
           85 |    19 |            59
----------------------------------
           86 |     1 |           446
           86 |     2 |           252
           86 |     3 |           170
           86 |     4 |           104
           86 |     5 |            90
           86 |     6 |            45
           86 |     7 |            40
           86 |     8 |            35
           86 |     9 |            21
           86 |    10 |            23
           86 |    11 |            21
           86 |    12 |            22
           86 |    13 |            41
           86 |    14 |            30
           86 |    15 |            25
           86 |    16 |            39
           86 |    17 |            52
           86 |    18 |            46
           86 |    19 |            46
----------------------------------
           87 |     1 |           612
           87 |     2 |           309
           87 |     3 |           198
           87 |     4 |           143
           87 |     5 |           125
           87 |     6 |            73
           87 |     7 |            52
           87 |     8 |            42
           87 |     9 |            52
           87 |    10 |            48
           87 |    11 |            25
           87 |    12 |            43
           87 |    13 |            33
           87 |    14 |            41
           87 |    15 |            40
           87 |    16 |            60
           87 |    17 |            63
           87 |    18 |            74
           87 |    19 |            55
----------------------------------
           88 |     1 |           367
           88 |     2 |           192
           88 |     3 |           151
           88 |     4 |            77
           88 |     5 |            75
           88 |     6 |            41
           88 |     7 |            24
           88 |     8 |            15
           88 |     9 |            25
           88 |    10 |            31
           88 |    11 |            19
           88 |    12 |            31
           88 |    13 |            23
           88 |    14 |            16
           88 |    15 |            24
           88 |    16 |            24
           88 |    17 |            29
           88 |    18 |            43
           88 |    19 |            25
----------------------------------
           89 |     1 |           459
           89 |     2 |           242
           89 |     3 |           200
           89 |     4 |           120
           89 |     5 |            69
           89 |     6 |            57
           89 |     7 |            54
           89 |     8 |            43
           89 |     9 |            32
           89 |    10 |            27
           89 |    11 |            18
           89 |    12 |            23
           89 |    13 |            25
           89 |    14 |            33
           89 |    15 |            36
           89 |    16 |            29
           89 |    17 |            44
           89 |    18 |            44
           89 |    19 |            47
----------------------------------
           90 |     1 |           368
           90 |     2 |           231
           90 |     3 |           160
           90 |     4 |           108
           90 |     5 |            51
           90 |     6 |            61
           90 |     7 |            28
           90 |     8 |            21
           90 |     9 |            30
           90 |    10 |            31
           90 |    11 |            18
           90 |    12 |            18
           90 |    13 |            20
           90 |    14 |            26
           90 |    15 |            28
           90 |    16 |            40
           90 |    17 |            31
           90 |    18 |            44
           90 |    19 |            36
----------------------------------
           91 |     1 |           312
           91 |     2 |           161
           91 |     3 |            85
           91 |     4 |            65
           91 |     5 |            41
           91 |     6 |            33
           91 |     7 |            28
           91 |     8 |            18
           91 |     9 |            18
           91 |    10 |            11
           91 |    11 |            13
           91 |    12 |            30
           91 |    13 |            26
           91 |    14 |            33
           91 |    15 |            30
           91 |    16 |            20
           91 |    17 |            20
           91 |    18 |            30
           91 |    19 |            27
----------------------------------
           92 |     1 |           335
           92 |     2 |           216
           92 |     3 |           131
           92 |     4 |            69
           92 |     5 |            48
           92 |     6 |            27
           92 |     7 |            30
           92 |     8 |            21
           92 |     9 |            25
           92 |    10 |            29
           92 |    11 |            26
           92 |    12 |            28
           92 |    13 |            14
           92 |    14 |            29
           92 |    15 |            34
           92 |    16 |            36
           92 |    17 |            34
           92 |    18 |            37
           92 |    19 |            27
----------------------------------
           93 |     1 |           454
           93 |     2 |           211
           93 |     3 |           125
           93 |     4 |            87
           93 |     5 |            65
           93 |     6 |            51
           93 |     7 |            39
           93 |     8 |            33
           93 |     9 |            23
           93 |    10 |            27
           93 |    11 |            39
           93 |    12 |            23
           93 |    13 |            30
           93 |    14 |            24
           93 |    15 |            27
           93 |    16 |            26
           93 |    17 |            28
           93 |    18 |            39
           93 |    19 |            44
----------------------------------
           94 |     1 |           230
           94 |     2 |           139
           94 |     3 |            85
           94 |     4 |            53
           94 |     5 |            31
           94 |     6 |            33
           94 |     7 |            15
           94 |     8 |            12
           94 |     9 |            12
           94 |    10 |            11
           94 |    11 |            10
           94 |    12 |            13
           94 |    13 |            21
           94 |    14 |             6
           94 |    15 |             9
           94 |    16 |            17
           94 |    17 |            17
           94 |    18 |            16
           94 |    19 |            22
----------------------------------
           95 |     1 |           341
           95 |     2 |           212
           95 |     3 |           128
           95 |     4 |           104
           95 |     5 |            55
           95 |     6 |            31
           95 |     7 |            36
           95 |     8 |            31
           95 |     9 |            48
           95 |    10 |            21
           95 |    11 |            22
           95 |    12 |            24
           95 |    13 |            26
           95 |    14 |            18
           95 |    15 |            30
           95 |    16 |            20
           95 |    17 |            30
           95 |    18 |            33
           95 |    19 |            25
----------------------------------
           96 |     1 |           348
           96 |     2 |           230
           96 |     3 |           150
           96 |     4 |            77
           96 |     5 |            44
           96 |     6 |            44
           96 |     7 |            34
           96 |     8 |            28
           96 |     9 |            22
           96 |    10 |            10
           96 |    11 |            29
           96 |    12 |            26
           96 |    13 |            24
           96 |    14 |            20
           96 |    15 |            31
           96 |    16 |            35
           96 |    17 |            24
           96 |    18 |            35
           96 |    19 |            37
----------------------------------
           97 |     1 |           219
           97 |     2 |           148
           97 |     3 |            95
           97 |     4 |            71
           97 |     5 |            56
           97 |     6 |            44
           97 |     7 |            31
           97 |     8 |            28
           97 |     9 |            13
           97 |    10 |            17
           97 |    11 |            18
           97 |    12 |             7
           97 |    13 |             6
           97 |    14 |             9
           97 |    15 |            13
           97 |    16 |            23
           97 |    17 |            21
           97 |    18 |            29
           97 |    19 |            25
----------------------------------
           98 |     1 |           362
           98 |     2 |           218
           98 |     3 |           141
           98 |     4 |            52
           98 |     5 |            53
           98 |     6 |            23
           98 |     7 |            36
           98 |     8 |            19
           98 |     9 |            30
           98 |    10 |            23
           98 |    11 |            17
           98 |    12 |            30
           98 |    13 |            12
           98 |    14 |            36
           98 |    15 |            23
           98 |    16 |            23
           98 |    17 |            24
           98 |    18 |            25
           98 |    19 |            29
----------------------------------
           99 |     1 |           279
           99 |     2 |           190
           99 |     3 |           102
           99 |     4 |            77
           99 |     5 |            48
           99 |     6 |            24
           99 |     7 |            30
           99 |     8 |            26
           99 |     9 |            16
           99 |    10 |            17
           99 |    11 |            18
           99 |    12 |            24
           99 |    13 |            23
           99 |    14 |            14
           99 |    15 |            15
           99 |    16 |            26
           99 |    17 |            18
           99 |    18 |            23
           99 |    19 |            20
----------------------------------
          100 |     1 |           159
          100 |     2 |           103
          100 |     3 |            66
          100 |     4 |            60
          100 |     5 |            50
          100 |     6 |            38
          100 |     7 |            24
          100 |     8 |            14
          100 |     9 |            26
          100 |    10 |            24
          100 |    11 |            12
          100 |    12 |            18
          100 |    13 |            13
          100 |    14 |             7
          100 |    15 |            15
          100 |    16 |            15
          100 |    17 |            16
          100 |    18 |            21
          100 |    19 |            19
----------------------------------
          101 |     1 |           257
          101 |     2 |           157
          101 |     3 |            95
          101 |     4 |            89
          101 |     5 |            37
          101 |     6 |            49
          101 |     7 |            20
          101 |     8 |            28
          101 |     9 |            10
          101 |    10 |            25
          101 |    11 |            12
          101 |    12 |             6
          101 |    13 |            15
          101 |    14 |             5
          101 |    15 |             7
          101 |    16 |            19
          101 |    17 |            23
          101 |    18 |            26
          101 |    19 |            29
----------------------------------
          102 |     1 |           315
          102 |     2 |           222
          102 |     3 |           125
          102 |     4 |            75
          102 |     5 |            69
          102 |     6 |            53
          102 |     7 |            27
          102 |     8 |            16
          102 |     9 |            12
          102 |    10 |            36
          102 |    11 |            11
          102 |    12 |            11
          102 |    13 |            14
          102 |    14 |            19
          102 |    15 |            11
          102 |    16 |            26
          102 |    17 |            22
          102 |    18 |            31
          102 |    19 |            27
----------------------------------
          103 |     1 |           183
          103 |     2 |            78
          103 |     3 |            81
          103 |     4 |            69
          103 |     5 |            22
          103 |     6 |            16
          103 |     7 |            22
          103 |     8 |            17
          103 |     9 |             5
          103 |    10 |            10
          103 |    11 |            17
          103 |    12 |             6
          103 |    13 |             7
          103 |    14 |            12
          103 |    15 |            14
          103 |    16 |            13
          103 |    17 |            11
          103 |    18 |            18
          103 |    19 |            17
----------------------------------
          104 |     1 |           179
          104 |     2 |            95
          104 |     3 |            70
          104 |     4 |            61
          104 |     5 |            25
          104 |     6 |            28
          104 |     7 |            26
          104 |     8 |            12
          104 |     9 |            19
          104 |    10 |             9
          104 |    11 |             9
          104 |    12 |             1
          104 |    13 |             7
          104 |    14 |             8
          104 |    15 |            16
          104 |    16 |            12
          104 |    17 |            16
          104 |    18 |            17
          104 |    19 |            14
----------------------------------
          105 |     1 |           207
          105 |     2 |           131
          105 |     3 |            79
          105 |     4 |            72
          105 |     5 |            28
          105 |     6 |            33
          105 |     7 |            24
          105 |     8 |            18
          105 |     9 |            10
          105 |    10 |             8
          105 |    11 |            13
          105 |    12 |            12
          105 |    13 |            11
          105 |    14 |             8
          105 |    15 |            25
          105 |    16 |            11
          105 |    17 |            14
          105 |    18 |            15
          105 |    19 |            16
----------------------------------
          106 |     1 |            86
          106 |     2 |            56
          106 |     3 |            26
          106 |     4 |            34
          106 |     5 |            27
          106 |     6 |            17
          106 |     7 |            16
          106 |     8 |             8
          106 |     9 |             9
          106 |    10 |             6
          106 |    11 |             1
          106 |    12 |             2
          106 |    13 |             7
          106 |    14 |             2
          106 |    15 |             0
          106 |    16 |             3
          106 |    17 |             6
          106 |    18 |             6
          106 |    19 |             6
----------------------------------
          107 |     1 |           124
          107 |     2 |            89
          107 |     3 |            52
          107 |     4 |            56
          107 |     5 |            36
          107 |     6 |            21
          107 |     7 |            23
          107 |     8 |            25
          107 |     9 |             5
          107 |    10 |            14
          107 |    11 |            11
          107 |    12 |             5
          107 |    13 |             9
          107 |    14 |             6
          107 |    15 |             2
          107 |    16 |            14
          107 |    17 |             7
          107 |    18 |            19
          107 |    19 |            17
----------------------------------
          108 |     1 |           137
          108 |     2 |            73
          108 |     3 |            45
          108 |     4 |            35
          108 |     5 |            28
          108 |     6 |            18
          108 |     7 |             3
          108 |     8 |            13
          108 |     9 |             5
          108 |    10 |            13
          108 |    11 |             5
          108 |    12 |             7
          108 |    13 |             4
          108 |    14 |            10
          108 |    15 |             1
          108 |    16 |             5
          108 |    17 |            12
          108 |    18 |             7
          108 |    19 |            11
----------------------------------
          109 |     1 |           165
          109 |     2 |            71
          109 |     3 |            68
          109 |     4 |            47
          109 |     5 |            34
          109 |     6 |            23
          109 |     7 |            18
          109 |     8 |            19
          109 |     9 |            10
          109 |    10 |             7
          109 |    11 |             7
          109 |    12 |            11
          109 |    13 |             8
          109 |    14 |            12
          109 |    15 |            10
          109 |    16 |             5
          109 |    17 |            12
          109 |    18 |            12
          109 |    19 |             6
----------------------------------
          110 |     1 |           128
          110 |     2 |            97
          110 |     3 |            53
          110 |     4 |            40
          110 |     5 |            30
          110 |     6 |            11
          110 |     7 |             4
          110 |     8 |            10
          110 |     9 |             3
          110 |    10 |             2
          110 |    11 |             4
          110 |    12 |             9
          110 |    13 |             8
          110 |    14 |             4
          110 |    15 |             4
          110 |    16 |             7
          110 |    17 |             8
          110 |    18 |            11
          110 |    19 |             7
----------------------------------
          111 |     1 |           150
          111 |     2 |           124
          111 |     3 |            61
          111 |     4 |            41
          111 |     5 |            39
          111 |     6 |            11
          111 |     7 |            21
          111 |     8 |             6
          111 |     9 |             6
          111 |    10 |            12
          111 |    11 |            10
          111 |    12 |             6
          111 |    13 |             8
          111 |    14 |             6
          111 |    15 |             9
          111 |    16 |            13
          111 |    17 |             9
          111 |    18 |            13
          111 |    19 |            10
----------------------------------
          112 |     1 |           144
          112 |     2 |            91
          112 |     3 |            59
          112 |     4 |            43
          112 |     5 |            36
          112 |     6 |            35
          112 |     7 |            12
          112 |     8 |            13
          112 |     9 |            19
          112 |    10 |            11
          112 |    11 |             7
          112 |    12 |            13
          112 |    13 |            10
          112 |    14 |             9
          112 |    15 |             9
          112 |    16 |            12
          112 |    17 |            14
          112 |    18 |            13
          112 |    19 |            10
----------------------------------
          113 |     1 |           124
          113 |     2 |            67
          113 |     3 |            48
          113 |     4 |            39
          113 |     5 |            24
          113 |     6 |            30
          113 |     7 |            15
          113 |     8 |            12
          113 |     9 |             9
          113 |    10 |             8
          113 |    11 |            12
          113 |    12 |             4
          113 |    13 |             4
          113 |    14 |             5
          113 |    15 |             6
          113 |    16 |             8
          113 |    17 |            12
          113 |    18 |            14
          113 |    19 |            11
----------------------------------
          114 |     1 |            27
          114 |     2 |            12
          114 |     3 |             5
          114 |     4 |             3
          114 |     5 |            11
          114 |     6 |             8
          114 |     7 |             4
          114 |     8 |             2
          114 |     9 |             7
          114 |    10 |             5
          114 |    11 |             3
          114 |    12 |             6
          114 |    13 |             7
          114 |    14 |             4
          114 |    15 |             1
          114 |    16 |             1
          114 |    17 |             2
          114 |    18 |             2
          114 |    19 |             4
----------------------------------
          115 |     1 |            24
          115 |     2 |             7
          115 |     3 |             6
          115 |     4 |            15
          115 |     5 |            10
          115 |     6 |            15
          115 |     7 |            10
          115 |     8 |             4
          115 |     9 |             5
          115 |    10 |             0
          115 |    11 |             0
          115 |    12 |             3
          115 |    13 |             1
          115 |    14 |             2
          115 |    15 |             2
          115 |    16 |             2
          115 |    17 |             3
          115 |    18 |             3
          115 |    19 |             3
----------------------------------
          116 |     1 |            68
          116 |     2 |            37
          116 |     3 |            26
          116 |     4 |             8
          116 |     5 |            13
          116 |     6 |            22
          116 |     7 |            11
          116 |     8 |            10
          116 |     9 |             0
          116 |    10 |             1
          116 |    11 |             2
          116 |    12 |             8
          116 |    13 |             1
          116 |    14 |             2
          116 |    15 |             3
          116 |    16 |             4
          116 |    17 |             3
          116 |    18 |             7
          116 |    19 |             6
----------------------------------
          117 |     1 |            26
          117 |     2 |            16
          117 |     3 |            15
          117 |     4 |             9
          117 |     5 |            10
          117 |     6 |             7
          117 |     7 |             1
          117 |     8 |             5
          117 |     9 |             2
          117 |    10 |             3
          117 |    11 |             4
          117 |    12 |             4
          117 |    13 |             1
          117 |    14 |             1
          117 |    15 |             6
          117 |    16 |             6
          117 |    17 |             1
          117 |    18 |             0
          117 |    19 |             0
----------------------------------
----------------------------------
          119 |     1 |            58
          119 |     2 |            44
          119 |     3 |            28
          119 |     4 |             9
          119 |     5 |            23
          119 |     6 |            14
          119 |     7 |            13
          119 |     8 |            15
          119 |     9 |             5
          119 |    10 |             0
          119 |    11 |             0
          119 |    12 |             4
          119 |    13 |             4
          119 |    14 |             1
          119 |    15 |             3
          119 |    16 |             5
          119 |    17 |             4
          119 |    18 |             3
          119 |    19 |             5
----------------------------------
----------------------------------
          121 |     1 |            38
          121 |     2 |            20
          121 |     3 |             9
          121 |     4 |             9
          121 |     5 |            10
          121 |     6 |             1
          121 |     7 |             4
          121 |     8 |             1
          121 |     9 |             0
          121 |    10 |             4
          121 |    11 |             5
          121 |    12 |             2
          121 |    13 |             9
          121 |    14 |             1
          121 |    15 |             2
          121 |    16 |             0
          121 |    17 |             2
          121 |    18 |             2
          121 |    19 |             2
----------------------------------
----------------------------------
----------------------------------
          124 |     1 |            23
          124 |     2 |            15
          124 |     3 |            14
          124 |     4 |            10
          124 |     5 |            12
          124 |     6 |             4
          124 |     7 |             9
          124 |     8 |             6
          124 |     9 |             1
          124 |    10 |             2
          124 |    11 |             9
          124 |    12 |             5
          124 |    13 |             4
          124 |    14 |             0
          124 |    15 |             0
          124 |    16 |             2
          124 |    17 |             1
          124 |    18 |             4
          124 |    19 |             3
----------------------------------
----------------------------------
          126 |     1 |            69
          126 |     2 |            48
          126 |     3 |            36
          126 |     4 |            17
          126 |     5 |            19
          126 |     6 |            10
          126 |     7 |             0
          126 |     8 |             2
          126 |     9 |             4
          126 |    10 |             2
          126 |    11 |             6
          126 |    12 |             3
          126 |    13 |             5
          126 |    14 |             7
          126 |    15 |             0
          126 |    16 |             4
          126 |    17 |             6
          126 |    18 |             7
          126 |    19 |             7
----------------------------------
----------------------------------
----------------------------------
----------------------------------
----------------------------------
----------------------------------
----------------------------------
----------------------------------
----------------------------------
----------------------------------
----------------------------------
----------------------------------
----------------------------------
----------------------------------
----------------------------------
----------------------------------
----------------------------------
----------------------------------
----------------------------------
----------------------------------
----------------------------------
----------------------------------
----------------------------------
----------------------------------
----------------------------------
----------------------------------
----------------------------------
----------------------------------
----------------------------------
----------------------------------
----------------------------------
----------------------------------
----------------------------------
----------------------------------
----------------------------------
----------------------------------
----------------------------------
----------------------------------
----------------------------------
----------------------------------
----------------------------------
----------------------------------
----------------------------------
----------------------------------
----------------------------------
----------------------------------
----------------------------------
----------------------------------
----------------------------------
----------------------------------
----------------------------------
----------------------------------
----------------------------------
----------------------------------
----------------------------------
----------------------------------
----------------------------------
----------------------------------
----------------------------------
----------------------------------
----------------------------------
----------------------------------
----------------------------------
----------------------------------
----------------------------------
