MinCut number | SSize | Number of cuts
----------------------------------
----------------------------------
----------------------------------
----------------------------------
----------------------------------
----------------------------------
----------------------------------
----------------------------------
----------------------------------
----------------------------------
----------------------------------
----------------------------------
----------------------------------
----------------------------------
----------------------------------
----------------------------------
----------------------------------
----------------------------------
           37 |     1 |            33
           37 |     2 |             5
           37 |     3 |             0
           37 |     4 |             0
           37 |     5 |             0
           37 |     6 |             1
           37 |     7 |             3
           37 |     8 |             0
           37 |     9 |             1
           37 |    10 |             0
           37 |    11 |             0
           37 |    12 |             1
           37 |    13 |             1
           37 |    14 |             1
           37 |    15 |             0
           37 |    16 |             3
           37 |    17 |             6
           37 |    18 |             9
           37 |    19 |            10
----------------------------------
----------------------------------
           39 |     1 |            30
           39 |     2 |            12
           39 |     3 |             2
           39 |     4 |             0
           39 |     5 |             0
           39 |     6 |             0
           39 |     7 |             0
           39 |     8 |             1
           39 |     9 |             2
           39 |    10 |             0
           39 |    11 |             0
           39 |    12 |             0
           39 |    13 |             0
           39 |    14 |             0
           39 |    15 |             0
           39 |    16 |             5
           39 |    17 |             7
           39 |    18 |             4
           39 |    19 |            15
----------------------------------
           40 |     1 |            22
           40 |     2 |             2
           40 |     3 |             0
           40 |     4 |             0
           40 |     5 |             0
           40 |     6 |             0
           40 |     7 |             0
           40 |     8 |             0
           40 |     9 |             0
           40 |    10 |             0
           40 |    11 |             1
           40 |    12 |             0
           40 |    13 |             0
           40 |    14 |             0
           40 |    15 |             1
           40 |    16 |             3
           40 |    17 |             1
           40 |    18 |             2
           40 |    19 |             8
----------------------------------
----------------------------------
           42 |     1 |            37
           42 |     2 |             7
           42 |     3 |             2
           42 |     4 |             3
           42 |     5 |             0
           42 |     6 |             1
           42 |     7 |             2
           42 |     8 |             1
           42 |     9 |             0
           42 |    10 |             1
           42 |    11 |             0
           42 |    12 |             0
           42 |    13 |             0
           42 |    14 |             2
           42 |    15 |             3
           42 |    16 |             0
           42 |    17 |             6
           42 |    18 |             7
           42 |    19 |            12
----------------------------------
           43 |     1 |            19
           43 |     2 |             2
           43 |     3 |             4
           43 |     4 |             2
           43 |     5 |             0
           43 |     6 |             0
           43 |     7 |             0
           43 |     8 |             0
           43 |     9 |             0
           43 |    10 |             1
           43 |    11 |             0
           43 |    12 |             0
           43 |    13 |             0
           43 |    14 |             1
           43 |    15 |             2
           43 |    16 |             1
           43 |    17 |             3
           43 |    18 |             4
           43 |    19 |             4
----------------------------------
           44 |     1 |            26
           44 |     2 |             0
           44 |     3 |             2
           44 |     4 |             0
           44 |     5 |             0
           44 |     6 |             0
           44 |     7 |             0
           44 |     8 |             0
           44 |     9 |             0
           44 |    10 |             0
           44 |    11 |             0
           44 |    12 |             0
           44 |    13 |             0
           44 |    14 |             0
           44 |    15 |             4
           44 |    16 |             2
           44 |    17 |             3
           44 |    18 |             2
           44 |    19 |             5
----------------------------------
           45 |     1 |            21
           45 |     2 |             3
           45 |     3 |             0
           45 |     4 |             3
           45 |     5 |             0
           45 |     6 |             0
           45 |     7 |             1
           45 |     8 |             0
           45 |     9 |             0
           45 |    10 |             0
           45 |    11 |             0
           45 |    12 |             0
           45 |    13 |             0
           45 |    14 |             1
           45 |    15 |             2
           45 |    16 |             1
           45 |    17 |             2
           45 |    18 |             5
           45 |    19 |             6
----------------------------------
           46 |     1 |            48
           46 |     2 |            14
           46 |     3 |             2
           46 |     4 |             4
           46 |     5 |             3
           46 |     6 |             2
           46 |     7 |             3
           46 |     8 |             0
           46 |     9 |             0
           46 |    10 |             0
           46 |    11 |             3
           46 |    12 |             4
           46 |    13 |             2
           46 |    14 |             5
           46 |    15 |             3
           46 |    16 |             6
           46 |    17 |             8
           46 |    18 |             9
           46 |    19 |            22
----------------------------------
           47 |     1 |           110
           47 |     2 |            26
           47 |     3 |            30
           47 |     4 |            13
           47 |     5 |             2
           47 |     6 |             6
           47 |     7 |             2
           47 |     8 |             3
           47 |     9 |             0
           47 |    10 |             5
           47 |    11 |             5
           47 |    12 |             7
           47 |    13 |             5
           47 |    14 |             4
           47 |    15 |            12
           47 |    16 |            14
           47 |    17 |            21
           47 |    18 |            26
           47 |    19 |            38
----------------------------------
           48 |     1 |            24
           48 |     2 |             7
           48 |     3 |            12
           48 |     4 |             2
           48 |     5 |             0
           48 |     6 |             3
           48 |     7 |             0
           48 |     8 |             0
           48 |     9 |             1
           48 |    10 |             0
           48 |    11 |             4
           48 |    12 |             0
           48 |    13 |             8
           48 |    14 |             1
           48 |    15 |             3
           48 |    16 |             9
           48 |    17 |             4
           48 |    18 |             9
           48 |    19 |             9
----------------------------------
           49 |     1 |            66
           49 |     2 |            14
           49 |     3 |             2
           49 |     4 |             1
           49 |     5 |             5
           49 |     6 |             0
           49 |     7 |             1
           49 |     8 |             0
           49 |     9 |             5
           49 |    10 |             2
           49 |    11 |             0
           49 |    12 |             2
           49 |    13 |             1
           49 |    14 |             2
           49 |    15 |             5
           49 |    16 |             4
           49 |    17 |            12
           49 |    18 |             7
           49 |    19 |            18
----------------------------------
           50 |     1 |            45
           50 |     2 |            15
           50 |     3 |             6
           50 |     4 |             0
           50 |     5 |             0
           50 |     6 |             0
           50 |     7 |             0
           50 |     8 |             0
           50 |     9 |             3
           50 |    10 |             1
           50 |    11 |             1
           50 |    12 |             0
           50 |    13 |             1
           50 |    14 |             0
           50 |    15 |             4
           50 |    16 |             7
           50 |    17 |             2
           50 |    18 |             6
           50 |    19 |             9
----------------------------------
           51 |     1 |            32
           51 |     2 |             7
           51 |     3 |             7
           51 |     4 |            15
           51 |     5 |             1
           51 |     6 |             0
           51 |     7 |             0
           51 |     8 |             0
           51 |     9 |             0
           51 |    10 |             0
           51 |    11 |             1
           51 |    12 |             1
           51 |    13 |             0
           51 |    14 |             7
           51 |    15 |             3
           51 |    16 |             1
           51 |    17 |             4
           51 |    18 |            10
           51 |    19 |            13
----------------------------------
           52 |     1 |           140
           52 |     2 |            35
           52 |     3 |            10
           52 |     4 |             4
           52 |     5 |             8
           52 |     6 |             3
           52 |     7 |             3
           52 |     8 |             2
           52 |     9 |             4
           52 |    10 |             5
           52 |    11 |             8
           52 |    12 |            11
           52 |    13 |             9
           52 |    14 |            21
           52 |    15 |            15
           52 |    16 |            11
           52 |    17 |            20
           52 |    18 |            21
           52 |    19 |            34
----------------------------------
           53 |     1 |           295
           53 |     2 |           100
           53 |     3 |            19
           53 |     4 |            24
           53 |     5 |            16
           53 |     6 |            10
           53 |     7 |             6
           53 |     8 |             4
           53 |     9 |             6
           53 |    10 |             5
           53 |    11 |             8
           53 |    12 |            10
           53 |    13 |            14
           53 |    14 |            15
           53 |    15 |            16
           53 |    16 |            31
           53 |    17 |            40
           53 |    18 |            62
           53 |    19 |            61
----------------------------------
           54 |     1 |           176
           54 |     2 |            51
           54 |     3 |            22
           54 |     4 |            15
           54 |     5 |             6
           54 |     6 |             5
           54 |     7 |             1
           54 |     8 |             2
           54 |     9 |            10
           54 |    10 |             4
           54 |    11 |             7
           54 |    12 |             4
           54 |    13 |             5
           54 |    14 |             5
           54 |    15 |             8
           54 |    16 |             8
           54 |    17 |            20
           54 |    18 |            35
           54 |    19 |            48
----------------------------------
           55 |     1 |           235
           55 |     2 |            62
           55 |     3 |             8
           55 |     4 |            17
           55 |     5 |            18
           55 |     6 |            11
           55 |     7 |             3
           55 |     8 |             5
           55 |     9 |             2
           55 |    10 |             5
           55 |    11 |             5
           55 |    12 |             9
           55 |    13 |             4
           55 |    14 |             8
           55 |    15 |             9
           55 |    16 |            20
           55 |    17 |            27
           55 |    18 |            40
           55 |    19 |            62
----------------------------------
           56 |     1 |           373
           56 |     2 |            81
           56 |     3 |            46
           56 |     4 |            19
           56 |     5 |            14
           56 |     6 |             9
           56 |     7 |            17
           56 |     8 |            12
           56 |     9 |             7
           56 |    10 |             8
           56 |    11 |             6
           56 |    12 |             8
           56 |    13 |             7
           56 |    14 |            13
           56 |    15 |            21
           56 |    16 |            27
           56 |    17 |            37
           56 |    18 |            63
           56 |    19 |            72
----------------------------------
           57 |     1 |           166
           57 |     2 |            70
           57 |     3 |            14
           57 |     4 |            22
           57 |     5 |             3
           57 |     6 |            11
           57 |     7 |             2
           57 |     8 |             6
           57 |     9 |             1
           57 |    10 |             6
           57 |    11 |             0
           57 |    12 |             6
           57 |    13 |            10
           57 |    14 |            11
           57 |    15 |            17
           57 |    16 |            15
           57 |    17 |            20
           57 |    18 |            38
           57 |    19 |            38
----------------------------------
           58 |     1 |           251
           58 |     2 |            71
           58 |     3 |            34
           58 |     4 |            31
           58 |     5 |            11
           58 |     6 |            14
           58 |     7 |             9
           58 |     8 |             4
           58 |     9 |            12
           58 |    10 |            10
           58 |    11 |             3
           58 |    12 |             7
           58 |    13 |            12
           58 |    14 |             8
           58 |    15 |            15
           58 |    16 |            13
           58 |    17 |            35
           58 |    18 |            42
           58 |    19 |            56
----------------------------------
           59 |     1 |           310
           59 |     2 |            71
           59 |     3 |            58
           59 |     4 |            20
           59 |     5 |            10
           59 |     6 |            20
           59 |     7 |            16
           59 |     8 |             5
           59 |     9 |             9
           59 |    10 |             9
           59 |    11 |             7
           59 |    12 |            12
           59 |    13 |            12
           59 |    14 |             9
           59 |    15 |            21
           59 |    16 |            18
           59 |    17 |            30
           59 |    18 |            56
           59 |    19 |            74
----------------------------------
           60 |     1 |           463
           60 |     2 |           125
           60 |     3 |            63
           60 |     4 |            43
           60 |     5 |            17
           60 |     6 |            21
           60 |     7 |            17
           60 |     8 |            28
           60 |     9 |            16
           60 |    10 |            12
           60 |    11 |            13
           60 |    12 |            18
           60 |    13 |            14
           60 |    14 |            15
           60 |    15 |            20
           60 |    16 |            22
           60 |    17 |            46
           60 |    18 |            87
           60 |    19 |           100
----------------------------------
           61 |     1 |           309
           61 |     2 |            98
           61 |     3 |            41
           61 |     4 |            27
           61 |     5 |            18
           61 |     6 |            10
           61 |     7 |            12
           61 |     8 |            18
           61 |     9 |             3
           61 |    10 |            12
           61 |    11 |             4
           61 |    12 |            11
           61 |    13 |            16
           61 |    14 |            18
           61 |    15 |            22
           61 |    16 |            25
           61 |    17 |            34
           61 |    18 |            42
           61 |    19 |            73
----------------------------------
           62 |     1 |           302
           62 |     2 |           119
           62 |     3 |            51
           62 |     4 |            12
           62 |     5 |            17
           62 |     6 |             5
           62 |     7 |             0
           62 |     8 |             3
           62 |     9 |             2
           62 |    10 |             3
           62 |    11 |             1
           62 |    12 |             3
           62 |    13 |             7
           62 |    14 |             8
           62 |    15 |            20
           62 |    16 |            33
           62 |    17 |            41
           62 |    18 |            41
           62 |    19 |            76
----------------------------------
           63 |     1 |           315
           63 |     2 |           144
           63 |     3 |            40
           63 |     4 |            29
           63 |     5 |             9
           63 |     6 |            15
           63 |     7 |             3
           63 |     8 |            11
           63 |     9 |            11
           63 |    10 |             6
           63 |    11 |             9
           63 |    12 |             7
           63 |    13 |            10
           63 |    14 |            13
           63 |    15 |            17
           63 |    16 |            28
           63 |    17 |            39
           63 |    18 |            51
           63 |    19 |            62
----------------------------------
           64 |     1 |           494
           64 |     2 |           135
           64 |     3 |            69
           64 |     4 |            50
           64 |     5 |            43
           64 |     6 |            12
           64 |     7 |            12
           64 |     8 |            20
           64 |     9 |            15
           64 |    10 |            15
           64 |    11 |            18
           64 |    12 |            20
           64 |    13 |            19
           64 |    14 |            18
           64 |    15 |            17
           64 |    16 |            36
           64 |    17 |            55
           64 |    18 |            78
           64 |    19 |            90
----------------------------------
           65 |     1 |           469
           65 |     2 |           215
           65 |     3 |            82
           65 |     4 |            40
           65 |     5 |            51
           65 |     6 |            31
           65 |     7 |            22
           65 |     8 |            22
           65 |     9 |            12
           65 |    10 |            17
           65 |    11 |            11
           65 |    12 |            21
           65 |    13 |            21
           65 |    14 |            13
           65 |    15 |            32
           65 |    16 |            34
           65 |    17 |            71
           65 |    18 |            97
           65 |    19 |           104
----------------------------------
           66 |     1 |           387
           66 |     2 |           151
           66 |     3 |            61
           66 |     4 |            45
           66 |     5 |            14
           66 |     6 |            11
           66 |     7 |            14
           66 |     8 |             9
           66 |     9 |             5
           66 |    10 |            14
           66 |    11 |             4
           66 |    12 |            14
           66 |    13 |             9
           66 |    14 |            18
           66 |    15 |             8
           66 |    16 |            34
           66 |    17 |            45
           66 |    18 |            59
           66 |    19 |            88
----------------------------------
           67 |     1 |           504
           67 |     2 |           170
           67 |     3 |            64
           67 |     4 |            32
           67 |     5 |            20
           67 |     6 |            14
           67 |     7 |            30
           67 |     8 |            14
           67 |     9 |            22
           67 |    10 |            14
           67 |    11 |            11
           67 |    12 |            10
           67 |    13 |            14
           67 |    14 |            22
           67 |    15 |            31
           67 |    16 |            40
           67 |    17 |            57
           67 |    18 |            53
           67 |    19 |            84
----------------------------------
           68 |     1 |           558
           68 |     2 |           210
           68 |     3 |           118
           68 |     4 |            69
           68 |     5 |            53
           68 |     6 |            26
           68 |     7 |            28
           68 |     8 |            27
           68 |     9 |            13
           68 |    10 |            13
           68 |    11 |            19
           68 |    12 |            21
           68 |    13 |            31
           68 |    14 |            25
           68 |    15 |            28
           68 |    16 |            49
           68 |    17 |            68
           68 |    18 |            90
           68 |    19 |           118
----------------------------------
           69 |     1 |           450
           69 |     2 |           139
           69 |     3 |            88
           69 |     4 |            36
           69 |     5 |            36
           69 |     6 |            17
           69 |     7 |            20
           69 |     8 |             9
           69 |     9 |            17
           69 |    10 |            13
           69 |    11 |            10
           69 |    12 |             7
           69 |    13 |             6
           69 |    14 |            23
           69 |    15 |            21
           69 |    16 |            24
           69 |    17 |            45
           69 |    18 |            67
           69 |    19 |            76
----------------------------------
           70 |     1 |           472
           70 |     2 |           213
           70 |     3 |            75
           70 |     4 |            68
           70 |     5 |            29
           70 |     6 |            14
           70 |     7 |            29
           70 |     8 |            12
           70 |     9 |            18
           70 |    10 |             8
           70 |    11 |            24
           70 |    12 |            25
           70 |    13 |            19
           70 |    14 |            23
           70 |    15 |            30
           70 |    16 |            31
           70 |    17 |            52
           70 |    18 |            81
           70 |    19 |           107
----------------------------------
           71 |     1 |           801
           71 |     2 |           275
           71 |     3 |           126
           71 |     4 |            48
           71 |     5 |            48
           71 |     6 |            30
           71 |     7 |            24
           71 |     8 |            11
           71 |     9 |             6
           71 |    10 |            15
           71 |    11 |            32
           71 |    12 |            25
           71 |    13 |            28
           71 |    14 |            25
           71 |    15 |            29
           71 |    16 |            58
           71 |    17 |            75
           71 |    18 |           110
           71 |    19 |           151
----------------------------------
           72 |     1 |           754
           72 |     2 |           251
           72 |     3 |           147
           72 |     4 |            93
           72 |     5 |            47
           72 |     6 |            35
           72 |     7 |            30
           72 |     8 |            20
           72 |     9 |            13
           72 |    10 |            11
           72 |    11 |            19
           72 |    12 |            24
           72 |    13 |            16
           72 |    14 |            24
           72 |    15 |            35
           72 |    16 |            47
           72 |    17 |            72
           72 |    18 |           117
           72 |    19 |           117
----------------------------------
           73 |     1 |           879
           73 |     2 |           347
           73 |     3 |           182
           73 |     4 |            90
           73 |     5 |            51
           73 |     6 |            52
           73 |     7 |            23
           73 |     8 |            12
           73 |     9 |            29
           73 |    10 |            16
           73 |    11 |            23
           73 |    12 |            25
           73 |    13 |            22
           73 |    14 |            32
           73 |    15 |            51
           73 |    16 |            50
           73 |    17 |            90
           73 |    18 |           117
           73 |    19 |           172
----------------------------------
           74 |     1 |           927
           74 |     2 |           358
           74 |     3 |           200
           74 |     4 |           106
           74 |     5 |            39
           74 |     6 |            30
           74 |     7 |            40
           74 |     8 |            24
           74 |     9 |            25
           74 |    10 |             8
           74 |    11 |            26
           74 |    12 |            25
           74 |    13 |            31
           74 |    14 |            37
           74 |    15 |            42
           74 |    16 |            59
           74 |    17 |            85
           74 |    18 |           136
           74 |    19 |           170
----------------------------------
           75 |     1 |           742
           75 |     2 |           288
           75 |     3 |           126
           75 |     4 |            88
           75 |     5 |            64
           75 |     6 |            34
           75 |     7 |            33
           75 |     8 |            15
           75 |     9 |            15
           75 |    10 |            20
           75 |    11 |            18
           75 |    12 |            32
           75 |    13 |            16
           75 |    14 |            27
           75 |    15 |            37
           75 |    16 |            45
           75 |    17 |            64
           75 |    18 |            91
           75 |    19 |           120
----------------------------------
           76 |     1 |           534
           76 |     2 |           201
           76 |     3 |           118
           76 |     4 |            75
           76 |     5 |            60
           76 |     6 |            13
           76 |     7 |            37
           76 |     8 |            23
           76 |     9 |             8
           76 |    10 |            15
           76 |    11 |             5
           76 |    12 |            12
           76 |    13 |            13
           76 |    14 |            13
           76 |    15 |            31
           76 |    16 |            40
           76 |    17 |            63
           76 |    18 |            72
           76 |    19 |           111
----------------------------------
           77 |     1 |           611
           77 |     2 |           191
           77 |     3 |            94
           77 |     4 |            60
           77 |     5 |            35
           77 |     6 |            18
           77 |     7 |            41
           77 |     8 |            24
           77 |     9 |            21
           77 |    10 |            21
           77 |    11 |             9
           77 |    12 |            14
           77 |    13 |            22
           77 |    14 |            20
           77 |    15 |            29
           77 |    16 |            43
           77 |    17 |            51
           77 |    18 |            65
           77 |    19 |            94
----------------------------------
           78 |     1 |           600
           78 |     2 |           190
           78 |     3 |           110
           78 |     4 |            65
           78 |     5 |            49
           78 |     6 |            34
           78 |     7 |            24
           78 |     8 |            31
           78 |     9 |            26
           78 |    10 |            16
           78 |    11 |            13
           78 |    12 |            15
           78 |    13 |            11
           78 |    14 |            32
           78 |    15 |            20
           78 |    16 |            34
           78 |    17 |            51
           78 |    18 |            64
           78 |    19 |            97
----------------------------------
           79 |     1 |           611
           79 |     2 |           181
           79 |     3 |            93
           79 |     4 |            57
           79 |     5 |            29
           79 |     6 |            16
           79 |     7 |            27
           79 |     8 |            20
           79 |     9 |            12
           79 |    10 |            31
           79 |    11 |            28
           79 |    12 |            15
           79 |    13 |            20
           79 |    14 |            28
           79 |    15 |            21
           79 |    16 |            35
           79 |    17 |            41
           79 |    18 |            76
           79 |    19 |            81
----------------------------------
           80 |     1 |           592
           80 |     2 |           261
           80 |     3 |           144
           80 |     4 |            75
           80 |     5 |            25
           80 |     6 |            23
           80 |     7 |            24
           80 |     8 |            17
           80 |     9 |             9
           80 |    10 |            10
           80 |    11 |             8
           80 |    12 |             8
           80 |    13 |            10
           80 |    14 |            24
           80 |    15 |            22
           80 |    16 |            34
           80 |    17 |            49
           80 |    18 |            80
           80 |    19 |           105
----------------------------------
           81 |     1 |           331
           81 |     2 |           126
           81 |     3 |           104
           81 |     4 |            47
           81 |     5 |            43
           81 |     6 |            26
           81 |     7 |            15
           81 |     8 |            11
           81 |     9 |            12
           81 |    10 |            10
           81 |    11 |            11
           81 |    12 |            27
           81 |    13 |            18
           81 |    14 |            32
           81 |    15 |            19
           81 |    16 |            25
           81 |    17 |            27
           81 |    18 |            39
           81 |    19 |            49
----------------------------------
           82 |     1 |           490
           82 |     2 |           209
           82 |     3 |           120
           82 |     4 |            69
           82 |     5 |            61
           82 |     6 |            45
           82 |     7 |            45
           82 |     8 |            17
           82 |     9 |            16
           82 |    10 |            23
           82 |    11 |             3
           82 |    12 |             8
           82 |    13 |            21
           82 |    14 |            30
           82 |    15 |            26
           82 |    16 |            28
           82 |    17 |            36
           82 |    18 |            65
           82 |    19 |            82
----------------------------------
           83 |     1 |           599
           83 |     2 |           335
           83 |     3 |           157
           83 |     4 |           111
           83 |     5 |            63
           83 |     6 |            36
           83 |     7 |            23
           83 |     8 |            19
           83 |     9 |            23
           83 |    10 |            23
           83 |    11 |            21
           83 |    12 |            13
           83 |    13 |            13
           83 |    14 |            30
           83 |    15 |            26
           83 |    16 |            36
           83 |    17 |            39
           83 |    18 |            71
           83 |    19 |           105
----------------------------------
           84 |     1 |           514
           84 |     2 |           175
           84 |     3 |            99
           84 |     4 |            65
           84 |     5 |            36
           84 |     6 |            27
           84 |     7 |            11
           84 |     8 |             8
           84 |     9 |            10
           84 |    10 |            18
           84 |    11 |            16
           84 |    12 |            17
           84 |    13 |            21
           84 |    14 |            27
           84 |    15 |            17
           84 |    16 |            25
           84 |    17 |            48
           84 |    18 |            48
           84 |    19 |            78
----------------------------------
           85 |     1 |           586
           85 |     2 |           274
           85 |     3 |           147
           85 |     4 |            55
           85 |     5 |            42
           85 |     6 |            19
           85 |     7 |            30
           85 |     8 |            13
           85 |     9 |            17
           85 |    10 |            10
           85 |    11 |            11
           85 |    12 |            16
           85 |    13 |            21
           85 |    14 |            20
           85 |    15 |            28
           85 |    16 |            29
           85 |    17 |            52
           85 |    18 |            67
           85 |    19 |            93
----------------------------------
           86 |     1 |           430
           86 |     2 |           192
           86 |     3 |            95
           86 |     4 |            57
           86 |     5 |            44
           86 |     6 |            24
           86 |     7 |            30
           86 |     8 |            16
           86 |     9 |            15
           86 |    10 |            10
           86 |    11 |            26
           86 |    12 |            11
           86 |    13 |             8
           86 |    14 |            25
           86 |    15 |            18
           86 |    16 |            32
           86 |    17 |            42
           86 |    18 |            54
           86 |    19 |            75
----------------------------------
           87 |     1 |           521
           87 |     2 |           183
           87 |     3 |            90
           87 |     4 |            45
           87 |     5 |            30
           87 |     6 |            23
           87 |     7 |            24
           87 |     8 |            13
           87 |     9 |            20
           87 |    10 |            12
           87 |    11 |            16
           87 |    12 |            17
           87 |    13 |            16
           87 |    14 |            17
           87 |    15 |            22
           87 |    16 |            21
           87 |    17 |            36
           87 |    18 |            50
           87 |    19 |            62
----------------------------------
           88 |     1 |           606
           88 |     2 |           222
           88 |     3 |           151
           88 |     4 |            74
           88 |     5 |            46
           88 |     6 |            35
           88 |     7 |            33
           88 |     8 |            20
           88 |     9 |            28
           88 |    10 |            25
           88 |    11 |            13
           88 |    12 |            20
           88 |    13 |            21
           88 |    14 |            19
           88 |    15 |            33
           88 |    16 |            35
           88 |    17 |            39
           88 |    18 |            74
           88 |    19 |            90
----------------------------------
           89 |     1 |           517
           89 |     2 |           186
           89 |     3 |            75
           89 |     4 |            53
           89 |     5 |            32
           89 |     6 |            36
           89 |     7 |            22
           89 |     8 |            23
           89 |     9 |            25
           89 |    10 |            18
           89 |    11 |             7
           89 |    12 |             6
           89 |    13 |            11
           89 |    14 |            15
           89 |    15 |            18
           89 |    16 |            28
           89 |    17 |            47
           89 |    18 |            64
           89 |    19 |            63
----------------------------------
           90 |     1 |           613
           90 |     2 |           289
           90 |     3 |           187
           90 |     4 |            99
           90 |     5 |            52
           90 |     6 |            35
           90 |     7 |            37
           90 |     8 |            26
           90 |     9 |            19
           90 |    10 |            20
           90 |    11 |            14
           90 |    12 |            20
           90 |    13 |            16
           90 |    14 |            10
           90 |    15 |            27
           90 |    16 |            25
           90 |    17 |            55
           90 |    18 |            72
           90 |    19 |            94
----------------------------------
           91 |     1 |           809
           91 |     2 |           344
           91 |     3 |           150
           91 |     4 |            89
           91 |     5 |            69
           91 |     6 |            50
           91 |     7 |            54
           91 |     8 |            17
           91 |     9 |            33
           91 |    10 |            26
           91 |    11 |            25
           91 |    12 |            26
           91 |    13 |            31
           91 |    14 |            32
           91 |    15 |            37
           91 |    16 |            32
           91 |    17 |            67
           91 |    18 |            87
           91 |    19 |           115
----------------------------------
           92 |     1 |           390
           92 |     2 |           172
           92 |     3 |            79
           92 |     4 |            71
           92 |     5 |            41
           92 |     6 |            49
           92 |     7 |            21
           92 |     8 |            34
           92 |     9 |            18
           92 |    10 |            11
           92 |    11 |            11
           92 |    12 |             9
           92 |    13 |             8
           92 |    14 |            20
           92 |    15 |            10
           92 |    16 |            25
           92 |    17 |            38
           92 |    18 |            40
           92 |    19 |            57
----------------------------------
           93 |     1 |           625
           93 |     2 |           257
           93 |     3 |           146
           93 |     4 |            85
           93 |     5 |            63
           93 |     6 |            37
           93 |     7 |            32
           93 |     8 |            10
           93 |     9 |            13
           93 |    10 |            16
           93 |    11 |            10
           93 |    12 |            11
           93 |    13 |            14
           93 |    14 |            18
           93 |    15 |            23
           93 |    16 |            21
           93 |    17 |            56
           93 |    18 |            72
           93 |    19 |            72
----------------------------------
           94 |     1 |           642
           94 |     2 |           307
           94 |     3 |           206
           94 |     4 |           108
           94 |     5 |            50
           94 |     6 |            48
           94 |     7 |            27
           94 |     8 |            19
           94 |     9 |            19
           94 |    10 |            18
           94 |    11 |            11
           94 |    12 |            19
           94 |    13 |            26
           94 |    14 |            30
           94 |    15 |            27
           94 |    16 |            31
           94 |    17 |            41
           94 |    18 |            65
           94 |    19 |            92
----------------------------------
           95 |     1 |           742
           95 |     2 |           319
           95 |     3 |           145
           95 |     4 |           131
           95 |     5 |            88
           95 |     6 |            24
           95 |     7 |            32
           95 |     8 |            22
           95 |     9 |            48
           95 |    10 |            32
           95 |    11 |            34
           95 |    12 |            26
           95 |    13 |            26
           95 |    14 |            23
           95 |    15 |            34
           95 |    16 |            49
           95 |    17 |            47
           95 |    18 |            78
           95 |    19 |            95
----------------------------------
           96 |     1 |           340
           96 |     2 |           156
           96 |     3 |            75
           96 |     4 |            56
           96 |     5 |            29
           96 |     6 |            26
           96 |     7 |             6
           96 |     8 |            14
           96 |     9 |            18
           96 |    10 |            30
           96 |    11 |             7
           96 |    12 |            13
           96 |    13 |            12
           96 |    14 |             5
           96 |    15 |            18
           96 |    16 |            30
           96 |    17 |            27
           96 |    18 |            48
           96 |    19 |            50
----------------------------------
           97 |     1 |           797
           97 |     2 |           319
           97 |     3 |           204
           97 |     4 |           153
           97 |     5 |            91
           97 |     6 |            50
           97 |     7 |            56
           97 |     8 |            50
           97 |     9 |            19
           97 |    10 |            19
           97 |    11 |            10
           97 |    12 |            13
           97 |    13 |            22
           97 |    14 |            21
           97 |    15 |            31
           97 |    16 |            39
           97 |    17 |            58
           97 |    18 |            72
           97 |    19 |           110
----------------------------------
           98 |     1 |           673
           98 |     2 |           286
           98 |     3 |           194
           98 |     4 |           121
           98 |     5 |            68
           98 |     6 |            49
           98 |     7 |            61
           98 |     8 |            40
           98 |     9 |            31
           98 |    10 |            37
           98 |    11 |            27
           98 |    12 |            31
           98 |    13 |            22
           98 |    14 |            34
           98 |    15 |            38
           98 |    16 |            48
           98 |    17 |            52
           98 |    18 |            66
           98 |    19 |            82
----------------------------------
           99 |     1 |           414
           99 |     2 |           123
           99 |     3 |           101
           99 |     4 |            59
           99 |     5 |            32
           99 |     6 |            33
           99 |     7 |            15
           99 |     8 |             5
           99 |     9 |             7
           99 |    10 |             7
           99 |    11 |             8
           99 |    12 |             7
           99 |    13 |            17
           99 |    14 |            15
           99 |    15 |            18
           99 |    16 |            21
           99 |    17 |            35
           99 |    18 |            30
           99 |    19 |            43
----------------------------------
          100 |     1 |           494
          100 |     2 |           234
          100 |     3 |           124
          100 |     4 |            63
          100 |     5 |            49
          100 |     6 |            55
          100 |     7 |            31
          100 |     8 |            18
          100 |     9 |            34
          100 |    10 |            19
          100 |    11 |            20
          100 |    12 |            16
          100 |    13 |            20
          100 |    14 |            19
          100 |    15 |            14
          100 |    16 |            33
          100 |    17 |            24
          100 |    18 |            66
          100 |    19 |            67
----------------------------------
          101 |     1 |           400
          101 |     2 |           203
          101 |     3 |           113
          101 |     4 |            40
          101 |     5 |            43
          101 |     6 |            25
          101 |     7 |            31
          101 |     8 |            17
          101 |     9 |            22
          101 |    10 |            20
          101 |    11 |             5
          101 |    12 |            26
          101 |    13 |             5
          101 |    14 |             8
          101 |    15 |            16
          101 |    16 |            29
          101 |    17 |            22
          101 |    18 |            34
          101 |    19 |            52
----------------------------------
          102 |     1 |           341
          102 |     2 |           190
          102 |     3 |            97
          102 |     4 |            57
          102 |     5 |            26
          102 |     6 |            13
          102 |     7 |            31
          102 |     8 |            20
          102 |     9 |            19
          102 |    10 |            11
          102 |    11 |            30
          102 |    12 |            19
          102 |    13 |            20
          102 |    14 |            14
          102 |    15 |             9
          102 |    16 |            17
          102 |    17 |            22
          102 |    18 |            39
          102 |    19 |            45
----------------------------------
          103 |     1 |           167
          103 |     2 |            98
          103 |     3 |            50
          103 |     4 |            15
          103 |     5 |            31
          103 |     6 |            17
          103 |     7 |            18
          103 |     8 |            11
          103 |     9 |             7
          103 |    10 |             6
          103 |    11 |             5
          103 |    12 |             7
          103 |    13 |            10
          103 |    14 |             4
          103 |    15 |             2
          103 |    16 |            10
          103 |    17 |            14
          103 |    18 |            17
          103 |    19 |            26
----------------------------------
          104 |     1 |           393
          104 |     2 |           186
          104 |     3 |           102
          104 |     4 |            50
          104 |     5 |            35
          104 |     6 |            32
          104 |     7 |            13
          104 |     8 |            11
          104 |     9 |            13
          104 |    10 |            12
          104 |    11 |             6
          104 |    12 |             6
          104 |    13 |             8
          104 |    14 |            17
          104 |    15 |            14
          104 |    16 |            23
          104 |    17 |            35
          104 |    18 |            37
          104 |    19 |            47
----------------------------------
          105 |     1 |           177
          105 |     2 |            84
          105 |     3 |            54
          105 |     4 |            39
          105 |     5 |            25
          105 |     6 |            18
          105 |     7 |            10
          105 |     8 |             8
          105 |     9 |             5
          105 |    10 |             1
          105 |    11 |             6
          105 |    12 |             2
          105 |    13 |            15
          105 |    14 |            11
          105 |    15 |             8
          105 |    16 |            12
          105 |    17 |            10
          105 |    18 |            19
          105 |    19 |            21
----------------------------------
          106 |     1 |           496
          106 |     2 |           206
          106 |     3 |           133
          106 |     4 |            85
          106 |     5 |            36
          106 |     6 |            31
          106 |     7 |            13
          106 |     8 |            22
          106 |     9 |             9
          106 |    10 |            13
          106 |    11 |            11
          106 |    12 |            14
          106 |    13 |            12
          106 |    14 |            12
          106 |    15 |            17
          106 |    16 |            20
          106 |    17 |            27
          106 |    18 |            44
          106 |    19 |            71
----------------------------------
          107 |     1 |           192
          107 |     2 |           106
          107 |     3 |            47
          107 |     4 |            32
          107 |     5 |            11
          107 |     6 |             9
          107 |     7 |            15
          107 |     8 |             6
          107 |     9 |            12
          107 |    10 |             4
          107 |    11 |            14
          107 |    12 |             2
          107 |    13 |             3
          107 |    14 |             5
          107 |    15 |            15
          107 |    16 |             6
          107 |    17 |             7
          107 |    18 |            21
          107 |    19 |            28
----------------------------------
          108 |     1 |           264
          108 |     2 |            94
          108 |     3 |            37
          108 |     4 |            39
          108 |     5 |            30
          108 |     6 |             7
          108 |     7 |            27
          108 |     8 |            11
          108 |     9 |             3
          108 |    10 |             8
          108 |    11 |            11
          108 |    12 |            11
          108 |    13 |            11
          108 |    14 |            10
          108 |    15 |            13
          108 |    16 |            10
          108 |    17 |            17
          108 |    18 |            19
          108 |    19 |            26
----------------------------------
          109 |     1 |           297
          109 |     2 |           159
          109 |     3 |            96
          109 |     4 |            82
          109 |     5 |            43
          109 |     6 |             8
          109 |     7 |            25
          109 |     8 |            12
          109 |     9 |             7
          109 |    10 |             5
          109 |    11 |             7
          109 |    12 |             9
          109 |    13 |             6
          109 |    14 |             7
          109 |    15 |            16
          109 |    16 |            15
          109 |    17 |            15
          109 |    18 |            27
          109 |    19 |            36
----------------------------------
          110 |     1 |           137
          110 |     2 |            82
          110 |     3 |            30
          110 |     4 |            24
          110 |     5 |            10
          110 |     6 |            11
          110 |     7 |            15
          110 |     8 |            12
          110 |     9 |             3
          110 |    10 |             6
          110 |    11 |            14
          110 |    12 |             9
          110 |    13 |            10
          110 |    14 |             8
          110 |    15 |             8
          110 |    16 |            10
          110 |    17 |            15
          110 |    18 |            12
          110 |    19 |            24
----------------------------------
          111 |     1 |           144
          111 |     2 |            49
          111 |     3 |            23
          111 |     4 |            20
          111 |     5 |            16
          111 |     6 |            12
          111 |     7 |             2
          111 |     8 |             1
          111 |     9 |             1
          111 |    10 |             6
          111 |    11 |             3
          111 |    12 |             4
          111 |    13 |             3
          111 |    14 |             0
          111 |    15 |             3
          111 |    16 |             4
          111 |    17 |             7
          111 |    18 |            15
          111 |    19 |            20
----------------------------------
          112 |     1 |           279
          112 |     2 |           139
          112 |     3 |            81
          112 |     4 |            47
          112 |     5 |            29
          112 |     6 |            14
          112 |     7 |             8
          112 |     8 |            15
          112 |     9 |             9
          112 |    10 |             9
          112 |    11 |             8
          112 |    12 |            11
          112 |    13 |            12
          112 |    14 |             8
          112 |    15 |            13
          112 |    16 |            24
          112 |    17 |            16
          112 |    18 |            27
          112 |    19 |            35
----------------------------------
          113 |     1 |           155
          113 |     2 |            87
          113 |     3 |            39
          113 |     4 |            33
          113 |     5 |            17
          113 |     6 |            19
          113 |     7 |             5
          113 |     8 |             4
          113 |     9 |             0
          113 |    10 |             2
          113 |    11 |             2
          113 |    12 |             2
          113 |    13 |             9
          113 |    14 |             8
          113 |    15 |             6
          113 |    16 |             7
          113 |    17 |            16
          113 |    18 |            19
          113 |    19 |            22
----------------------------------
          114 |     1 |           332
          114 |     2 |           138
          114 |     3 |            68
          114 |     4 |            68
          114 |     5 |            51
          114 |     6 |            21
          114 |     7 |            28
          114 |     8 |            25
          114 |     9 |             8
          114 |    10 |            25
          114 |    11 |            13
          114 |    12 |            16
          114 |    13 |            15
          114 |    14 |            16
          114 |    15 |            13
          114 |    16 |            10
          114 |    17 |            13
          114 |    18 |            19
          114 |    19 |            33
----------------------------------
          115 |     1 |           177
          115 |     2 |            74
          115 |     3 |            52
          115 |     4 |            20
          115 |     5 |            17
          115 |     6 |             9
          115 |     7 |            15
          115 |     8 |             8
          115 |     9 |             0
          115 |    10 |             9
          115 |    11 |             8
          115 |    12 |             9
          115 |    13 |             5
          115 |    14 |             7
          115 |    15 |             9
          115 |    16 |             3
          115 |    17 |            13
          115 |    18 |            14
          115 |    19 |            11
----------------------------------
          116 |     1 |           167
          116 |     2 |            76
          116 |     3 |            63
          116 |     4 |            24
          116 |     5 |            24
          116 |     6 |            17
          116 |     7 |            19
          116 |     8 |             8
          116 |     9 |             3
          116 |    10 |             1
          116 |    11 |             0
          116 |    12 |             7
          116 |    13 |             2
          116 |    14 |             2
          116 |    15 |             1
          116 |    16 |             3
          116 |    17 |            11
          116 |    18 |            14
          116 |    19 |            22
----------------------------------
          117 |     1 |           159
          117 |     2 |           121
          117 |     3 |            44
          117 |     4 |            33
          117 |     5 |            10
          117 |     6 |             9
          117 |     7 |             4
          117 |     8 |             5
          117 |     9 |             6
          117 |    10 |             3
          117 |    11 |             3
          117 |    12 |             3
          117 |    13 |             6
          117 |    14 |             4
          117 |    15 |             3
          117 |    16 |             6
          117 |    17 |             9
          117 |    18 |            19
          117 |    19 |            21
----------------------------------
          118 |     1 |            46
          118 |     2 |            10
          118 |     3 |            17
          118 |     4 |             5
          118 |     5 |             7
          118 |     6 |             1
          118 |     7 |             3
          118 |     8 |             0
          118 |     9 |             1
          118 |    10 |             4
          118 |    11 |             0
          118 |    12 |             3
          118 |    13 |             5
          118 |    14 |             0
          118 |    15 |             7
          118 |    16 |             1
          118 |    17 |             2
          118 |    18 |             2
          118 |    19 |             4
----------------------------------
          119 |     1 |            95
          119 |     2 |            70
          119 |     3 |            56
          119 |     4 |            19
          119 |     5 |            16
          119 |     6 |            18
          119 |     7 |            13
          119 |     8 |             3
          119 |     9 |             5
          119 |    10 |             2
          119 |    11 |             0
          119 |    12 |             1
          119 |    13 |             3
          119 |    14 |            11
          119 |    15 |             8
          119 |    16 |            10
          119 |    17 |            14
          119 |    18 |             5
          119 |    19 |             8
----------------------------------
          120 |     1 |            86
          120 |     2 |            50
          120 |     3 |            21
          120 |     4 |             3
          120 |     5 |             8
          120 |     6 |             9
          120 |     7 |             3
          120 |     8 |             9
          120 |     9 |             2
          120 |    10 |             0
          120 |    11 |             4
          120 |    12 |             2
          120 |    13 |             2
          120 |    14 |             5
          120 |    15 |             2
          120 |    16 |             2
          120 |    17 |             9
          120 |    18 |             7
          120 |    19 |            16
----------------------------------
----------------------------------
          122 |     1 |           161
          122 |     2 |            98
          122 |     3 |            51
          122 |     4 |            20
          122 |     5 |            20
          122 |     6 |            16
          122 |     7 |            13
          122 |     8 |             6
          122 |     9 |             6
          122 |    10 |             4
          122 |    11 |            13
          122 |    12 |             8
          122 |    13 |             8
          122 |    14 |             9
          122 |    15 |             8
          122 |    16 |             8
          122 |    17 |            10
          122 |    18 |            12
          122 |    19 |            17
----------------------------------
          123 |     1 |           155
          123 |     2 |            58
          123 |     3 |            48
          123 |     4 |            21
          123 |     5 |            13
          123 |     6 |             4
          123 |     7 |             3
          123 |     8 |             0
          123 |     9 |             0
          123 |    10 |             2
          123 |    11 |             0
          123 |    12 |             8
          123 |    13 |             5
          123 |    14 |             3
          123 |    15 |             2
          123 |    16 |            10
          123 |    17 |             8
          123 |    18 |            14
          123 |    19 |            15
----------------------------------
----------------------------------
          125 |     1 |           133
          125 |     2 |            65
          125 |     3 |            31
          125 |     4 |            33
          125 |     5 |            11
          125 |     6 |            14
          125 |     7 |            15
          125 |     8 |             7
          125 |     9 |             5
          125 |    10 |             2
          125 |    11 |             0
          125 |    12 |             2
          125 |    13 |             5
          125 |    14 |             4
          125 |    15 |             7
          125 |    16 |             7
          125 |    17 |             9
          125 |    18 |            11
          125 |    19 |            14
----------------------------------
          126 |     1 |            51
          126 |     2 |            29
          126 |     3 |             5
          126 |     4 |             9
          126 |     5 |             9
          126 |     6 |             3
          126 |     7 |             2
          126 |     8 |             0
          126 |     9 |             1
          126 |    10 |             3
          126 |    11 |             1
          126 |    12 |             0
          126 |    13 |             2
          126 |    14 |             0
          126 |    15 |             1
          126 |    16 |             0
          126 |    17 |             0
          126 |    18 |             6
          126 |    19 |             4
----------------------------------
----------------------------------
----------------------------------
----------------------------------
          130 |     1 |            54
          130 |     2 |            24
          130 |     3 |             7
          130 |     4 |            12
          130 |     5 |             3
          130 |     6 |             1
          130 |     7 |             1
          130 |     8 |             0
          130 |     9 |             0
          130 |    10 |             0
          130 |    11 |             2
          130 |    12 |             1
          130 |    13 |             2
          130 |    14 |             2
          130 |    15 |             4
          130 |    16 |             3
          130 |    17 |             2
          130 |    18 |             4
          130 |    19 |             8
----------------------------------
          131 |     1 |            59
          131 |     2 |            22
          131 |     3 |            14
          131 |     4 |             1
          131 |     5 |             8
          131 |     6 |             2
          131 |     7 |             3
          131 |     8 |             2
          131 |     9 |             1
          131 |    10 |             4
          131 |    11 |             0
          131 |    12 |             1
          131 |    13 |             0
          131 |    14 |             0
          131 |    15 |             2
          131 |    16 |             2
          131 |    17 |             0
          131 |    18 |             3
          131 |    19 |             7
----------------------------------
----------------------------------
----------------------------------
----------------------------------
----------------------------------
----------------------------------
          137 |     1 |            42
          137 |     2 |            32
          137 |     3 |            14
          137 |     4 |             4
          137 |     5 |             2
          137 |     6 |            15
          137 |     7 |             0
          137 |     8 |             2
          137 |     9 |             5
          137 |    10 |             0
          137 |    11 |             5
          137 |    12 |             0
          137 |    13 |             2
          137 |    14 |             0
          137 |    15 |             1
          137 |    16 |             3
          137 |    17 |             2
          137 |    18 |             3
          137 |    19 |             5
----------------------------------
          138 |     1 |           103
          138 |     2 |            55
          138 |     3 |            25
          138 |     4 |            18
          138 |     5 |             5
          138 |     6 |            10
          138 |     7 |             8
          138 |     8 |             6
          138 |     9 |             5
          138 |    10 |             1
          138 |    11 |             5
          138 |    12 |             0
          138 |    13 |             0
          138 |    14 |             5
          138 |    15 |             3
          138 |    16 |             1
          138 |    17 |             6
          138 |    18 |            10
          138 |    19 |            10
----------------------------------
----------------------------------
----------------------------------
----------------------------------
----------------------------------
----------------------------------
----------------------------------
----------------------------------
----------------------------------
----------------------------------
----------------------------------
----------------------------------
----------------------------------
----------------------------------
----------------------------------
----------------------------------
----------------------------------
----------------------------------
----------------------------------
----------------------------------
----------------------------------
----------------------------------
----------------------------------
----------------------------------
----------------------------------
----------------------------------
----------------------------------
----------------------------------
----------------------------------
----------------------------------
----------------------------------
----------------------------------
----------------------------------
----------------------------------
----------------------------------
----------------------------------
----------------------------------
----------------------------------
----------------------------------
----------------------------------
----------------------------------
----------------------------------
----------------------------------
----------------------------------
----------------------------------
----------------------------------
----------------------------------
----------------------------------
----------------------------------
----------------------------------
----------------------------------
----------------------------------
----------------------------------
