MinCut number | Number of graphs
            5 |               0
            6 |               0
            7 |              10
            8 |             670
            9 |            1872
           10 |            3225
           11 |            2822
           12 |            1017
           13 |             258
           14 |              82
           15 |              36
           16 |               7
           17 |               1
           18 |               0
           19 |               0
           20 |               0
           21 |               0
           22 |               0
           23 |               0
           24 |               0
           25 |               0
           26 |               0
           27 |               0
           28 |               0
           29 |               0
           30 |               0
