MinCut number | SSize | Number of cuts
----------------------------------
----------------------------------
----------------------------------
----------------------------------
----------------------------------
----------------------------------
----------------------------------
----------------------------------
----------------------------------
----------------------------------
----------------------------------
----------------------------------
----------------------------------
----------------------------------
----------------------------------
----------------------------------
           35 |     1 |            14
           35 |     2 |             0
           35 |     3 |             0
           35 |     4 |             0
           35 |     5 |             0
           35 |     6 |             0
           35 |     7 |             0
           35 |     8 |             0
           35 |     9 |             0
           35 |    10 |             0
           35 |    11 |             0
           35 |    12 |             0
           35 |    13 |             0
           35 |    14 |             0
           35 |    15 |             0
           35 |    16 |             0
           35 |    17 |             0
           35 |    18 |             2
           35 |    19 |            19
----------------------------------
           36 |     1 |           142
           36 |     2 |             4
           36 |     3 |             0
           36 |     4 |             0
           36 |     5 |             0
           36 |     6 |             0
           36 |     7 |             0
           36 |     8 |             0
           36 |     9 |             0
           36 |    10 |             0
           36 |    11 |             0
           36 |    12 |             0
           36 |    13 |             0
           36 |    14 |             0
           36 |    15 |             0
           36 |    16 |             0
           36 |    17 |             2
           36 |    18 |             5
           36 |    19 |           135
----------------------------------
           37 |     1 |           289
           37 |     2 |            10
           37 |     3 |             0
           37 |     4 |             0
           37 |     5 |             0
           37 |     6 |             0
           37 |     7 |             0
           37 |     8 |             0
           37 |     9 |             0
           37 |    10 |             0
           37 |    11 |             0
           37 |    12 |             0
           37 |    13 |             0
           37 |    14 |             0
           37 |    15 |             0
           37 |    16 |             0
           37 |    17 |             0
           37 |    18 |             8
           37 |    19 |           285
----------------------------------
           38 |     1 |          1254
           38 |     2 |            62
           38 |     3 |             2
           38 |     4 |             0
           38 |     5 |             0
           38 |     6 |             0
           38 |     7 |             0
           38 |     8 |             0
           38 |     9 |             0
           38 |    10 |             0
           38 |    11 |             0
           38 |    12 |             0
           38 |    13 |             0
           38 |    14 |             0
           38 |    15 |             0
           38 |    16 |             1
           38 |    17 |            11
           38 |    18 |            69
           38 |    19 |          1223
----------------------------------
           39 |     1 |          3336
           39 |     2 |           199
           39 |     3 |            26
           39 |     4 |             3
           39 |     5 |             0
           39 |     6 |             1
           39 |     7 |             0
           39 |     8 |             0
           39 |     9 |             0
           39 |    10 |             0
           39 |    11 |             0
           39 |    12 |             0
           39 |    13 |             1
           39 |    14 |             1
           39 |    15 |             3
           39 |    16 |             3
           39 |    17 |            27
           39 |    18 |           233
           39 |    19 |          3304
----------------------------------
           40 |     1 |          2527
           40 |     2 |           244
           40 |     3 |            28
           40 |     4 |             8
           40 |     5 |             4
           40 |     6 |             0
           40 |     7 |             0
           40 |     8 |             1
           40 |     9 |             1
           40 |    10 |             1
           40 |    11 |             0
           40 |    12 |             0
           40 |    13 |             2
           40 |    14 |             0
           40 |    15 |             0
           40 |    16 |             4
           40 |    17 |            23
           40 |    18 |           217
           40 |    19 |          2580
----------------------------------
           41 |     1 |          2221
           41 |     2 |           242
           41 |     3 |            39
           41 |     4 |             5
           41 |     5 |             1
           41 |     6 |             1
           41 |     7 |             0
           41 |     8 |             0
           41 |     9 |             0
           41 |    10 |             0
           41 |    11 |             0
           41 |    12 |             1
           41 |    13 |             2
           41 |    14 |             3
           41 |    15 |             3
           41 |    16 |            12
           41 |    17 |            36
           41 |    18 |           261
           41 |    19 |          2216
----------------------------------
           42 |     1 |          2459
           42 |     2 |           355
           42 |     3 |            55
           42 |     4 |             6
           42 |     5 |             5
           42 |     6 |             2
           42 |     7 |             0
           42 |     8 |             1
           42 |     9 |             0
           42 |    10 |             0
           42 |    11 |             0
           42 |    12 |             2
           42 |    13 |             0
           42 |    14 |             5
           42 |    15 |             8
           42 |    16 |            11
           42 |    17 |            68
           42 |    18 |           373
           42 |    19 |          2404
----------------------------------
           43 |     1 |          1073
           43 |     2 |           138
           43 |     3 |            34
           43 |     4 |             8
           43 |     5 |             3
           43 |     6 |             1
           43 |     7 |             0
           43 |     8 |             0
           43 |     9 |             0
           43 |    10 |             1
           43 |    11 |             0
           43 |    12 |             0
           43 |    13 |             0
           43 |    14 |             0
           43 |    15 |             0
           43 |    16 |             9
           43 |    17 |            28
           43 |    18 |           178
           43 |    19 |          1064
----------------------------------
           44 |     1 |          1368
           44 |     2 |           242
           44 |     3 |            37
           44 |     4 |            14
           44 |     5 |             7
           44 |     6 |             0
           44 |     7 |             0
           44 |     8 |             2
           44 |     9 |             0
           44 |    10 |             0
           44 |    11 |             0
           44 |    12 |             0
           44 |    13 |             0
           44 |    14 |             1
           44 |    15 |             1
           44 |    16 |             9
           44 |    17 |            45
           44 |    18 |           265
           44 |    19 |          1353
----------------------------------
           45 |     1 |           958
           45 |     2 |           207
           45 |     3 |            33
           45 |     4 |            10
           45 |     5 |             1
           45 |     6 |             2
           45 |     7 |             0
           45 |     8 |             0
           45 |     9 |             0
           45 |    10 |             0
           45 |    11 |             0
           45 |    12 |             0
           45 |    13 |             1
           45 |    14 |             0
           45 |    15 |             3
           45 |    16 |             7
           45 |    17 |            57
           45 |    18 |           225
           45 |    19 |           971
----------------------------------
           46 |     1 |           715
           46 |     2 |           116
           46 |     3 |            25
           46 |     4 |             4
           46 |     5 |             2
           46 |     6 |             2
           46 |     7 |             2
           46 |     8 |             0
           46 |     9 |             2
           46 |    10 |             0
           46 |    11 |             2
           46 |    12 |             0
           46 |    13 |             1
           46 |    14 |             3
           46 |    15 |             4
           46 |    16 |            20
           46 |    17 |            47
           46 |    18 |           177
           46 |    19 |           718
----------------------------------
           47 |     1 |           555
           47 |     2 |           137
           47 |     3 |            27
           47 |     4 |             4
           47 |     5 |             2
           47 |     6 |             1
           47 |     7 |             1
           47 |     8 |             0
           47 |     9 |             0
           47 |    10 |             1
           47 |    11 |             0
           47 |    12 |             1
           47 |    13 |             1
           47 |    14 |             3
           47 |    15 |             2
           47 |    16 |            13
           47 |    17 |            35
           47 |    18 |           128
           47 |    19 |           546
----------------------------------
           48 |     1 |           199
           48 |     2 |            39
           48 |     3 |            11
           48 |     4 |             7
           48 |     5 |             3
           48 |     6 |             2
           48 |     7 |             0
           48 |     8 |             1
           48 |     9 |             1
           48 |    10 |             1
           48 |    11 |             0
           48 |    12 |             0
           48 |    13 |             0
           48 |    14 |             2
           48 |    15 |             1
           48 |    16 |             3
           48 |    17 |            15
           48 |    18 |            48
           48 |    19 |           195
----------------------------------
           49 |     1 |           229
           49 |     2 |            61
           49 |     3 |            21
           49 |     4 |             5
           49 |     5 |             2
           49 |     6 |             0
           49 |     7 |             1
           49 |     8 |             2
           49 |     9 |             1
           49 |    10 |             0
           49 |    11 |             0
           49 |    12 |             0
           49 |    13 |             0
           49 |    14 |             0
           49 |    15 |             1
           49 |    16 |             4
           49 |    17 |            17
           49 |    18 |            68
           49 |    19 |           225
----------------------------------
           50 |     1 |           267
           50 |     2 |            73
           50 |     3 |            20
           50 |     4 |             9
           50 |     5 |             5
           50 |     6 |             1
           50 |     7 |             0
           50 |     8 |             0
           50 |     9 |             0
           50 |    10 |             0
           50 |    11 |             0
           50 |    12 |             0
           50 |    13 |             0
           50 |    14 |             0
           50 |    15 |             1
           50 |    16 |             9
           50 |    17 |            29
           50 |    18 |            80
           50 |    19 |           256
----------------------------------
           51 |     1 |            66
           51 |     2 |            21
           51 |     3 |            13
           51 |     4 |             3
           51 |     5 |             1
           51 |     6 |             1
           51 |     7 |             0
           51 |     8 |             0
           51 |     9 |             1
           51 |    10 |             0
           51 |    11 |             0
           51 |    12 |             1
           51 |    13 |             1
           51 |    14 |             1
           51 |    15 |             0
           51 |    16 |             0
           51 |    17 |            11
           51 |    18 |            21
           51 |    19 |            63
----------------------------------
           52 |     1 |           119
           52 |     2 |            40
           52 |     3 |            20
           52 |     4 |             5
           52 |     5 |             0
           52 |     6 |             0
           52 |     7 |             0
           52 |     8 |             0
           52 |     9 |             0
           52 |    10 |             0
           52 |    11 |             0
           52 |    12 |             0
           52 |    13 |             1
           52 |    14 |             0
           52 |    15 |             1
           52 |    16 |             3
           52 |    17 |            13
           52 |    18 |            41
           52 |    19 |           121
----------------------------------
           53 |     1 |            14
           53 |     2 |             5
           53 |     3 |             4
           53 |     4 |             3
           53 |     5 |             5
           53 |     6 |             1
           53 |     7 |             0
           53 |     8 |             1
           53 |     9 |             0
           53 |    10 |             0
           53 |    11 |             0
           53 |    12 |             0
           53 |    13 |             0
           53 |    14 |             0
           53 |    15 |             0
           53 |    16 |             0
           53 |    17 |             2
           53 |    18 |             3
           53 |    19 |            15
----------------------------------
           54 |     1 |            20
           54 |     2 |            11
           54 |     3 |             4
           54 |     4 |             0
           54 |     5 |             0
           54 |     6 |             0
           54 |     7 |             0
           54 |     8 |             0
           54 |     9 |             0
           54 |    10 |             0
           54 |    11 |             0
           54 |    12 |             0
           54 |    13 |             0
           54 |    14 |             0
           54 |    15 |             0
           54 |    16 |             0
           54 |    17 |             0
           54 |    18 |             2
           54 |    19 |            17
----------------------------------
           55 |     1 |            17
           55 |     2 |             5
           55 |     3 |             1
           55 |     4 |             1
           55 |     5 |             0
           55 |     6 |             0
           55 |     7 |             0
           55 |     8 |             0
           55 |     9 |             0
           55 |    10 |             0
           55 |    11 |             0
           55 |    12 |             0
           55 |    13 |             0
           55 |    14 |             1
           55 |    15 |             1
           55 |    16 |             1
           55 |    17 |             1
           55 |    18 |            11
           55 |    19 |            16
----------------------------------
           56 |     1 |            34
           56 |     2 |            10
           56 |     3 |             1
           56 |     4 |             1
           56 |     5 |             0
           56 |     6 |             0
           56 |     7 |             0
           56 |     8 |             0
           56 |     9 |             0
           56 |    10 |             0
           56 |    11 |             0
           56 |    12 |             0
           56 |    13 |             0
           56 |    14 |             0
           56 |    15 |             1
           56 |    16 |             1
           56 |    17 |            11
           56 |    18 |            21
           56 |    19 |            32
----------------------------------
           57 |     1 |            19
           57 |     2 |             7
           57 |     3 |             0
           57 |     4 |             1
           57 |     5 |             0
           57 |     6 |             0
           57 |     7 |             0
           57 |     8 |             0
           57 |     9 |             0
           57 |    10 |             0
           57 |    11 |             0
           57 |    12 |             0
           57 |    13 |             0
           57 |    14 |             0
           57 |    15 |             0
           57 |    16 |             0
           57 |    17 |             4
           57 |    18 |            12
           57 |    19 |            14
----------------------------------
           58 |     1 |            16
           58 |     2 |             7
           58 |     3 |             4
           58 |     4 |             0
           58 |     5 |             0
           58 |     6 |             0
           58 |     7 |             0
           58 |     8 |             0
           58 |     9 |             0
           58 |    10 |             0
           58 |    11 |             0
           58 |    12 |             0
           58 |    13 |             0
           58 |    14 |             0
           58 |    15 |             1
           58 |    16 |             2
           58 |    17 |             8
           58 |    18 |             5
           58 |    19 |            15
----------------------------------
----------------------------------
           60 |     1 |            36
           60 |     2 |            17
           60 |     3 |            10
           60 |     4 |             3
           60 |     5 |             1
           60 |     6 |             0
           60 |     7 |             0
           60 |     8 |             0
           60 |     9 |             0
           60 |    10 |             0
           60 |    11 |             1
           60 |    12 |             1
           60 |    13 |             0
           60 |    14 |             0
           60 |    15 |             2
           60 |    16 |             1
           60 |    17 |             4
           60 |    18 |            13
           60 |    19 |            31
----------------------------------
----------------------------------
           62 |     1 |            15
           62 |     2 |            11
           62 |     3 |             4
           62 |     4 |             3
           62 |     5 |             5
           62 |     6 |             2
           62 |     7 |             0
           62 |     8 |             0
           62 |     9 |             0
           62 |    10 |             0
           62 |    11 |             0
           62 |    12 |             0
           62 |    13 |             0
           62 |    14 |             0
           62 |    15 |             0
           62 |    16 |             0
           62 |    17 |             0
           62 |    18 |             7
           62 |    19 |            15
----------------------------------
----------------------------------
----------------------------------
----------------------------------
           66 |     1 |            16
           66 |     2 |             7
           66 |     3 |             3
           66 |     4 |             1
           66 |     5 |             0
           66 |     6 |             0
           66 |     7 |             0
           66 |     8 |             0
           66 |     9 |             0
           66 |    10 |             0
           66 |    11 |             0
           66 |    12 |             0
           66 |    13 |             0
           66 |    14 |             0
           66 |    15 |             0
           66 |    16 |             2
           66 |    17 |             9
           66 |    18 |            11
           66 |    19 |            17
----------------------------------
----------------------------------
----------------------------------
----------------------------------
----------------------------------
----------------------------------
----------------------------------
----------------------------------
----------------------------------
----------------------------------
----------------------------------
----------------------------------
----------------------------------
----------------------------------
----------------------------------
----------------------------------
----------------------------------
----------------------------------
----------------------------------
----------------------------------
----------------------------------
----------------------------------
----------------------------------
----------------------------------
----------------------------------
----------------------------------
----------------------------------
----------------------------------
----------------------------------
----------------------------------
----------------------------------
----------------------------------
----------------------------------
----------------------------------
----------------------------------
----------------------------------
----------------------------------
----------------------------------
----------------------------------
----------------------------------
----------------------------------
----------------------------------
----------------------------------
----------------------------------
----------------------------------
----------------------------------
----------------------------------
----------------------------------
----------------------------------
----------------------------------
----------------------------------
----------------------------------
----------------------------------
----------------------------------
----------------------------------
----------------------------------
----------------------------------
----------------------------------
----------------------------------
----------------------------------
----------------------------------
----------------------------------
----------------------------------
----------------------------------
----------------------------------
----------------------------------
----------------------------------
----------------------------------
----------------------------------
----------------------------------
----------------------------------
----------------------------------
----------------------------------
----------------------------------
----------------------------------
----------------------------------
----------------------------------
----------------------------------
----------------------------------
----------------------------------
----------------------------------
----------------------------------
----------------------------------
----------------------------------
----------------------------------
----------------------------------
----------------------------------
----------------------------------
----------------------------------
----------------------------------
----------------------------------
----------------------------------
----------------------------------
----------------------------------
----------------------------------
----------------------------------
----------------------------------
----------------------------------
----------------------------------
----------------------------------
----------------------------------
----------------------------------
----------------------------------
----------------------------------
----------------------------------
----------------------------------
----------------------------------
----------------------------------
----------------------------------
----------------------------------
----------------------------------
----------------------------------
----------------------------------
----------------------------------
----------------------------------
----------------------------------
----------------------------------
----------------------------------
----------------------------------
----------------------------------
----------------------------------
----------------------------------
----------------------------------
----------------------------------
----------------------------------
----------------------------------
----------------------------------
----------------------------------
----------------------------------
----------------------------------
----------------------------------
----------------------------------
----------------------------------
----------------------------------
----------------------------------
----------------------------------
----------------------------------
----------------------------------
----------------------------------
----------------------------------
----------------------------------
----------------------------------
----------------------------------
----------------------------------
----------------------------------
----------------------------------
----------------------------------
----------------------------------
----------------------------------
----------------------------------
----------------------------------
----------------------------------
----------------------------------
----------------------------------
----------------------------------
----------------------------------
----------------------------------
----------------------------------
----------------------------------
----------------------------------
----------------------------------
----------------------------------
----------------------------------
----------------------------------
----------------------------------
----------------------------------
----------------------------------
----------------------------------
----------------------------------
----------------------------------
----------------------------------
----------------------------------
----------------------------------
----------------------------------
----------------------------------
----------------------------------
----------------------------------
----------------------------------
----------------------------------
----------------------------------
----------------------------------
----------------------------------
----------------------------------
----------------------------------
----------------------------------
----------------------------------
----------------------------------
----------------------------------
----------------------------------
----------------------------------
----------------------------------
----------------------------------
----------------------------------
----------------------------------
----------------------------------
----------------------------------
----------------------------------
----------------------------------
----------------------------------
----------------------------------
----------------------------------
----------------------------------
----------------------------------
----------------------------------
----------------------------------
----------------------------------
----------------------------------
----------------------------------
----------------------------------
----------------------------------
----------------------------------
----------------------------------
----------------------------------
----------------------------------
----------------------------------
----------------------------------
----------------------------------
----------------------------------
----------------------------------
----------------------------------
----------------------------------
----------------------------------
----------------------------------
----------------------------------
----------------------------------
----------------------------------
----------------------------------
----------------------------------
----------------------------------
----------------------------------
----------------------------------
----------------------------------
----------------------------------
----------------------------------
----------------------------------
----------------------------------
----------------------------------
----------------------------------
----------------------------------
----------------------------------
----------------------------------
----------------------------------
----------------------------------
----------------------------------
----------------------------------
----------------------------------
----------------------------------
----------------------------------
----------------------------------
----------------------------------
----------------------------------
----------------------------------
----------------------------------
----------------------------------
----------------------------------
----------------------------------
----------------------------------
----------------------------------
----------------------------------
----------------------------------
----------------------------------
----------------------------------
----------------------------------
----------------------------------
----------------------------------
----------------------------------
----------------------------------
----------------------------------
----------------------------------
----------------------------------
----------------------------------
----------------------------------
----------------------------------
----------------------------------
----------------------------------
----------------------------------
----------------------------------
----------------------------------
----------------------------------
----------------------------------
----------------------------------
----------------------------------
----------------------------------
----------------------------------
----------------------------------
----------------------------------
----------------------------------
----------------------------------
----------------------------------
----------------------------------
----------------------------------
----------------------------------
----------------------------------
----------------------------------
----------------------------------
----------------------------------
----------------------------------
----------------------------------
----------------------------------
----------------------------------
----------------------------------
----------------------------------
----------------------------------
----------------------------------
----------------------------------
----------------------------------
----------------------------------
----------------------------------
----------------------------------
----------------------------------
----------------------------------
----------------------------------
----------------------------------
----------------------------------
----------------------------------
