MinCut number | SSize | Number of cuts
----------------------------------
----------------------------------
----------------------------------
----------------------------------
----------------------------------
----------------------------------
----------------------------------
----------------------------------
----------------------------------
----------------------------------
----------------------------------
----------------------------------
----------------------------------
----------------------------------
----------------------------------
----------------------------------
           35 |     1 |            20
           35 |     2 |             0
           35 |     3 |             0
           35 |     4 |             0
           35 |     5 |             0
           35 |     6 |             0
           35 |     7 |             0
           35 |     8 |             0
           35 |     9 |             0
           35 |    10 |             0
           35 |    11 |             0
           35 |    12 |             0
           35 |    13 |             0
           35 |    14 |             0
           35 |    15 |             0
           35 |    16 |             0
           35 |    17 |             0
           35 |    18 |             0
           35 |    19 |            15
----------------------------------
           36 |     1 |           178
           36 |     2 |             5
           36 |     3 |             0
           36 |     4 |             1
           36 |     5 |             0
           36 |     6 |             0
           36 |     7 |             0
           36 |     8 |             0
           36 |     9 |             0
           36 |    10 |             0
           36 |    11 |             0
           36 |    12 |             0
           36 |    13 |             0
           36 |    14 |             0
           36 |    15 |             0
           36 |    16 |             0
           36 |    17 |             2
           36 |    18 |             1
           36 |    19 |           173
----------------------------------
           37 |     1 |           516
           37 |     2 |            12
           37 |     3 |             0
           37 |     4 |             0
           37 |     5 |             1
           37 |     6 |             0
           37 |     7 |             0
           37 |     8 |             0
           37 |     9 |             0
           37 |    10 |             0
           37 |    11 |             0
           37 |    12 |             0
           37 |    13 |             0
           37 |    14 |             0
           37 |    15 |             0
           37 |    16 |             0
           37 |    17 |             0
           37 |    18 |            10
           37 |    19 |           534
----------------------------------
           38 |     1 |          2538
           38 |     2 |            99
           38 |     3 |             3
           38 |     4 |             1
           38 |     5 |             0
           38 |     6 |             0
           38 |     7 |             0
           38 |     8 |             0
           38 |     9 |             0
           38 |    10 |             0
           38 |    11 |             0
           38 |    12 |             0
           38 |    13 |             0
           38 |    14 |             0
           38 |    15 |             0
           38 |    16 |             0
           38 |    17 |             3
           38 |    18 |            85
           38 |    19 |          2553
----------------------------------
           39 |     1 |          4750
           39 |     2 |           214
           39 |     3 |            20
           39 |     4 |             3
           39 |     5 |             0
           39 |     6 |             0
           39 |     7 |             1
           39 |     8 |             1
           39 |     9 |             0
           39 |    10 |             0
           39 |    11 |             0
           39 |    12 |             0
           39 |    13 |             0
           39 |    14 |             0
           39 |    15 |             1
           39 |    16 |             1
           39 |    17 |            14
           39 |    18 |           208
           39 |    19 |          4771
----------------------------------
           40 |     1 |          3166
           40 |     2 |           254
           40 |     3 |            24
           40 |     4 |             5
           40 |     5 |             0
           40 |     6 |             1
           40 |     7 |             0
           40 |     8 |             0
           40 |     9 |             0
           40 |    10 |             1
           40 |    11 |             0
           40 |    12 |             0
           40 |    13 |             0
           40 |    14 |             2
           40 |    15 |             0
           40 |    16 |             6
           40 |    17 |            41
           40 |    18 |           237
           40 |    19 |          3183
----------------------------------
           41 |     1 |          2156
           41 |     2 |           217
           41 |     3 |            17
           41 |     4 |             1
           41 |     5 |             1
           41 |     6 |             0
           41 |     7 |             0
           41 |     8 |             0
           41 |     9 |             0
           41 |    10 |             0
           41 |    11 |             0
           41 |    12 |             0
           41 |    13 |             0
           41 |    14 |             0
           41 |    15 |             1
           41 |    16 |             6
           41 |    17 |            26
           41 |    18 |           253
           41 |    19 |          2119
----------------------------------
           42 |     1 |          1457
           42 |     2 |           168
           42 |     3 |            28
           42 |     4 |             5
           42 |     5 |             2
           42 |     6 |             0
           42 |     7 |             3
           42 |     8 |             0
           42 |     9 |             0
           42 |    10 |             0
           42 |    11 |             0
           42 |    12 |             0
           42 |    13 |             0
           42 |    14 |             0
           42 |    15 |             1
           42 |    16 |             5
           42 |    17 |            28
           42 |    18 |           232
           42 |    19 |          1431
----------------------------------
           43 |     1 |           867
           43 |     2 |           109
           43 |     3 |            10
           43 |     4 |             3
           43 |     5 |             1
           43 |     6 |             0
           43 |     7 |             0
           43 |     8 |             0
           43 |     9 |             0
           43 |    10 |             0
           43 |    11 |             0
           43 |    12 |             0
           43 |    13 |             0
           43 |    14 |             0
           43 |    15 |             0
           43 |    16 |             6
           43 |    17 |            18
           43 |    18 |           155
           43 |    19 |           852
----------------------------------
           44 |     1 |           706
           44 |     2 |           132
           44 |     3 |            16
           44 |     4 |             5
           44 |     5 |             0
           44 |     6 |             0
           44 |     7 |             0
           44 |     8 |             0
           44 |     9 |             0
           44 |    10 |             0
           44 |    11 |             1
           44 |    12 |             0
           44 |    13 |             0
           44 |    14 |             0
           44 |    15 |             0
           44 |    16 |             3
           44 |    17 |            20
           44 |    18 |           132
           44 |    19 |           701
----------------------------------
           45 |     1 |           535
           45 |     2 |            90
           45 |     3 |            16
           45 |     4 |             1
           45 |     5 |             0
           45 |     6 |             1
           45 |     7 |             1
           45 |     8 |             0
           45 |     9 |             0
           45 |    10 |             0
           45 |    11 |             0
           45 |    12 |             0
           45 |    13 |             0
           45 |    14 |             2
           45 |    15 |             1
           45 |    16 |             3
           45 |    17 |            26
           45 |    18 |           119
           45 |    19 |           510
----------------------------------
           46 |     1 |           406
           46 |     2 |            92
           46 |     3 |            22
           46 |     4 |            12
           46 |     5 |             1
           46 |     6 |             0
           46 |     7 |             0
           46 |     8 |             0
           46 |     9 |             0
           46 |    10 |             0
           46 |    11 |             0
           46 |    12 |             0
           46 |    13 |             0
           46 |    14 |             0
           46 |    15 |             0
           46 |    16 |             4
           46 |    17 |            18
           46 |    18 |            89
           46 |    19 |           414
----------------------------------
           47 |     1 |           259
           47 |     2 |            48
           47 |     3 |             9
           47 |     4 |             2
           47 |     5 |             0
           47 |     6 |             0
           47 |     7 |             0
           47 |     8 |             0
           47 |     9 |             0
           47 |    10 |             0
           47 |    11 |             0
           47 |    12 |             0
           47 |    13 |             0
           47 |    14 |             0
           47 |    15 |             1
           47 |    16 |             6
           47 |    17 |            17
           47 |    18 |            69
           47 |    19 |           247
----------------------------------
           48 |     1 |           155
           48 |     2 |            37
           48 |     3 |             5
           48 |     4 |             2
           48 |     5 |             0
           48 |     6 |             0
           48 |     7 |             1
           48 |     8 |             0
           48 |     9 |             0
           48 |    10 |             0
           48 |    11 |             0
           48 |    12 |             1
           48 |    13 |             0
           48 |    14 |             0
           48 |    15 |             0
           48 |    16 |             0
           48 |    17 |             7
           48 |    18 |            30
           48 |    19 |           146
----------------------------------
           49 |     1 |            66
           49 |     2 |            29
           49 |     3 |             1
           49 |     4 |             3
           49 |     5 |             0
           49 |     6 |             0
           49 |     7 |             0
           49 |     8 |             0
           49 |     9 |             0
           49 |    10 |             0
           49 |    11 |             1
           49 |    12 |             0
           49 |    13 |             1
           49 |    14 |             0
           49 |    15 |             1
           49 |    16 |             3
           49 |    17 |             5
           49 |    18 |            20
           49 |    19 |            66
----------------------------------
           50 |     1 |           137
           50 |     2 |            33
           50 |     3 |            10
           50 |     4 |             4
           50 |     5 |             2
           50 |     6 |             2
           50 |     7 |             1
           50 |     8 |             1
           50 |     9 |             0
           50 |    10 |             1
           50 |    11 |             0
           50 |    12 |             0
           50 |    13 |             1
           50 |    14 |             2
           50 |    15 |             2
           50 |    16 |             5
           50 |    17 |            16
           50 |    18 |            43
           50 |    19 |           140
----------------------------------
           51 |     1 |            94
           51 |     2 |            19
           51 |     3 |             4
           51 |     4 |             1
           51 |     5 |             0
           51 |     6 |             0
           51 |     7 |             0
           51 |     8 |             0
           51 |     9 |             0
           51 |    10 |             0
           51 |    11 |             0
           51 |    12 |             0
           51 |    13 |             0
           51 |    14 |             0
           51 |    15 |             1
           51 |    16 |             4
           51 |    17 |             9
           51 |    18 |            35
           51 |    19 |            88
----------------------------------
           52 |     1 |           113
           52 |     2 |            35
           52 |     3 |             8
           52 |     4 |             2
           52 |     5 |             1
           52 |     6 |             0
           52 |     7 |             0
           52 |     8 |             0
           52 |     9 |             0
           52 |    10 |             0
           52 |    11 |             0
           52 |    12 |             0
           52 |    13 |             0
           52 |    14 |             0
           52 |    15 |             3
           52 |    16 |             3
           52 |    17 |            11
           52 |    18 |            25
           52 |    19 |           111
----------------------------------
           53 |     1 |            76
           53 |     2 |            20
           53 |     3 |             4
           53 |     4 |             1
           53 |     5 |             2
           53 |     6 |             2
           53 |     7 |             0
           53 |     8 |             0
           53 |     9 |             0
           53 |    10 |             0
           53 |    11 |             1
           53 |    12 |             0
           53 |    13 |             0
           53 |    14 |             0
           53 |    15 |             0
           53 |    16 |             2
           53 |    17 |             8
           53 |    18 |            24
           53 |    19 |            72
----------------------------------
           54 |     1 |            17
           54 |     2 |             3
           54 |     3 |             1
           54 |     4 |             0
           54 |     5 |             0
           54 |     6 |             0
           54 |     7 |             0
           54 |     8 |             0
           54 |     9 |             0
           54 |    10 |             0
           54 |    11 |             0
           54 |    12 |             0
           54 |    13 |             0
           54 |    14 |             0
           54 |    15 |             2
           54 |    16 |             1
           54 |    17 |             3
           54 |    18 |             9
           54 |    19 |            18
----------------------------------
           55 |     1 |            34
           55 |     2 |            10
           55 |     3 |            12
           55 |     4 |             5
           55 |     5 |             0
           55 |     6 |             0
           55 |     7 |             0
           55 |     8 |             0
           55 |     9 |             0
           55 |    10 |             0
           55 |    11 |             0
           55 |    12 |             0
           55 |    13 |             0
           55 |    14 |             0
           55 |    15 |             0
           55 |    16 |             0
           55 |    17 |             3
           55 |    18 |            11
           55 |    19 |            35
----------------------------------
           56 |     1 |            17
           56 |     2 |            11
           56 |     3 |             1
           56 |     4 |             0
           56 |     5 |             0
           56 |     6 |             0
           56 |     7 |             0
           56 |     8 |             0
           56 |     9 |             0
           56 |    10 |             0
           56 |    11 |             0
           56 |    12 |             0
           56 |    13 |             0
           56 |    14 |             0
           56 |    15 |             0
           56 |    16 |             1
           56 |    17 |             3
           56 |    18 |             3
           56 |    19 |            20
----------------------------------
           57 |     1 |            16
           57 |     2 |             9
           57 |     3 |             3
           57 |     4 |             0
           57 |     5 |             0
           57 |     6 |             0
           57 |     7 |             0
           57 |     8 |             0
           57 |     9 |             0
           57 |    10 |             0
           57 |    11 |             0
           57 |    12 |             0
           57 |    13 |             0
           57 |    14 |             0
           57 |    15 |             0
           57 |    16 |             0
           57 |    17 |             2
           57 |    18 |             7
           57 |    19 |            20
----------------------------------
           58 |     1 |            34
           58 |     2 |            10
           58 |     3 |            10
           58 |     4 |             1
           58 |     5 |             0
           58 |     6 |             0
           58 |     7 |             0
           58 |     8 |             0
           58 |     9 |             0
           58 |    10 |             0
           58 |    11 |             0
           58 |    12 |             0
           58 |    13 |             0
           58 |    14 |             0
           58 |    15 |             3
           58 |    16 |             7
           58 |    17 |            10
           58 |    18 |             7
           58 |    19 |            34
----------------------------------
----------------------------------
----------------------------------
           61 |     1 |            15
           61 |     2 |             7
           61 |     3 |             3
           61 |     4 |             2
           61 |     5 |             0
           61 |     6 |             2
           61 |     7 |             0
           61 |     8 |             0
           61 |     9 |             1
           61 |    10 |             0
           61 |    11 |             1
           61 |    12 |             1
           61 |    13 |             1
           61 |    14 |             1
           61 |    15 |             0
           61 |    16 |             1
           61 |    17 |             6
           61 |    18 |             7
           61 |    19 |            13
----------------------------------
----------------------------------
----------------------------------
----------------------------------
----------------------------------
----------------------------------
----------------------------------
----------------------------------
----------------------------------
----------------------------------
----------------------------------
----------------------------------
----------------------------------
----------------------------------
----------------------------------
----------------------------------
----------------------------------
----------------------------------
----------------------------------
----------------------------------
----------------------------------
----------------------------------
----------------------------------
----------------------------------
----------------------------------
----------------------------------
----------------------------------
----------------------------------
----------------------------------
----------------------------------
----------------------------------
----------------------------------
----------------------------------
----------------------------------
----------------------------------
----------------------------------
----------------------------------
----------------------------------
----------------------------------
----------------------------------
----------------------------------
----------------------------------
----------------------------------
----------------------------------
----------------------------------
----------------------------------
----------------------------------
----------------------------------
----------------------------------
----------------------------------
----------------------------------
----------------------------------
----------------------------------
----------------------------------
----------------------------------
----------------------------------
----------------------------------
----------------------------------
----------------------------------
----------------------------------
----------------------------------
----------------------------------
----------------------------------
----------------------------------
----------------------------------
----------------------------------
----------------------------------
----------------------------------
----------------------------------
----------------------------------
----------------------------------
----------------------------------
----------------------------------
----------------------------------
----------------------------------
----------------------------------
----------------------------------
----------------------------------
----------------------------------
----------------------------------
----------------------------------
----------------------------------
----------------------------------
----------------------------------
----------------------------------
----------------------------------
----------------------------------
----------------------------------
----------------------------------
----------------------------------
----------------------------------
----------------------------------
----------------------------------
----------------------------------
----------------------------------
----------------------------------
----------------------------------
----------------------------------
----------------------------------
----------------------------------
----------------------------------
----------------------------------
----------------------------------
----------------------------------
----------------------------------
----------------------------------
----------------------------------
----------------------------------
----------------------------------
----------------------------------
----------------------------------
----------------------------------
----------------------------------
----------------------------------
----------------------------------
----------------------------------
----------------------------------
----------------------------------
----------------------------------
----------------------------------
----------------------------------
----------------------------------
----------------------------------
----------------------------------
----------------------------------
----------------------------------
----------------------------------
----------------------------------
----------------------------------
----------------------------------
----------------------------------
----------------------------------
----------------------------------
----------------------------------
----------------------------------
----------------------------------
----------------------------------
----------------------------------
----------------------------------
----------------------------------
----------------------------------
----------------------------------
----------------------------------
----------------------------------
----------------------------------
----------------------------------
----------------------------------
----------------------------------
----------------------------------
----------------------------------
----------------------------------
----------------------------------
----------------------------------
----------------------------------
----------------------------------
----------------------------------
----------------------------------
----------------------------------
----------------------------------
----------------------------------
----------------------------------
----------------------------------
----------------------------------
----------------------------------
----------------------------------
----------------------------------
----------------------------------
----------------------------------
----------------------------------
----------------------------------
----------------------------------
----------------------------------
----------------------------------
----------------------------------
----------------------------------
----------------------------------
----------------------------------
----------------------------------
----------------------------------
----------------------------------
----------------------------------
----------------------------------
----------------------------------
----------------------------------
----------------------------------
----------------------------------
----------------------------------
----------------------------------
----------------------------------
----------------------------------
----------------------------------
----------------------------------
----------------------------------
----------------------------------
----------------------------------
----------------------------------
----------------------------------
----------------------------------
----------------------------------
----------------------------------
----------------------------------
----------------------------------
----------------------------------
----------------------------------
----------------------------------
----------------------------------
----------------------------------
----------------------------------
----------------------------------
----------------------------------
----------------------------------
----------------------------------
----------------------------------
----------------------------------
----------------------------------
----------------------------------
----------------------------------
----------------------------------
----------------------------------
----------------------------------
----------------------------------
----------------------------------
----------------------------------
----------------------------------
----------------------------------
----------------------------------
----------------------------------
----------------------------------
----------------------------------
----------------------------------
----------------------------------
----------------------------------
----------------------------------
----------------------------------
----------------------------------
----------------------------------
----------------------------------
----------------------------------
----------------------------------
----------------------------------
----------------------------------
----------------------------------
----------------------------------
----------------------------------
----------------------------------
----------------------------------
----------------------------------
----------------------------------
----------------------------------
----------------------------------
----------------------------------
----------------------------------
----------------------------------
----------------------------------
----------------------------------
----------------------------------
----------------------------------
----------------------------------
----------------------------------
----------------------------------
----------------------------------
----------------------------------
----------------------------------
----------------------------------
----------------------------------
----------------------------------
----------------------------------
----------------------------------
----------------------------------
----------------------------------
----------------------------------
----------------------------------
----------------------------------
----------------------------------
----------------------------------
----------------------------------
----------------------------------
----------------------------------
----------------------------------
----------------------------------
----------------------------------
----------------------------------
----------------------------------
----------------------------------
----------------------------------
----------------------------------
----------------------------------
----------------------------------
----------------------------------
----------------------------------
----------------------------------
----------------------------------
----------------------------------
----------------------------------
----------------------------------
----------------------------------
----------------------------------
----------------------------------
----------------------------------
----------------------------------
----------------------------------
----------------------------------
----------------------------------
----------------------------------
----------------------------------
----------------------------------
----------------------------------
----------------------------------
----------------------------------
----------------------------------
----------------------------------
----------------------------------
----------------------------------
----------------------------------
----------------------------------
----------------------------------
----------------------------------
----------------------------------
----------------------------------
----------------------------------
