MinCut number | SSize | Number of cuts
----------------------------------
----------------------------------
----------------------------------
----------------------------------
----------------------------------
----------------------------------
----------------------------------
----------------------------------
----------------------------------
----------------------------------
----------------------------------
----------------------------------
----------------------------------
----------------------------------
----------------------------------
----------------------------------
----------------------------------
----------------------------------
           37 |     1 |            75
           37 |     2 |            11
           37 |     3 |             0
           37 |     4 |             0
           37 |     5 |             0
           37 |     6 |             1
           37 |     7 |             0
           37 |     8 |             0
           37 |     9 |             0
           37 |    10 |             0
           37 |    11 |             0
           37 |    12 |             0
           37 |    13 |             0
           37 |    14 |             0
           37 |    15 |             0
           37 |    16 |             0
           37 |    17 |             0
           37 |    18 |             7
           37 |    19 |            91
----------------------------------
           38 |     1 |           380
           38 |     2 |            30
           38 |     3 |             6
           38 |     4 |             1
           38 |     5 |             0
           38 |     6 |             1
           38 |     7 |             1
           38 |     8 |             0
           38 |     9 |             0
           38 |    10 |             1
           38 |    11 |             0
           38 |    12 |             0
           38 |    13 |             0
           38 |    14 |             0
           38 |    15 |             0
           38 |    16 |             1
           38 |    17 |             4
           38 |    18 |            40
           38 |    19 |           371
----------------------------------
           39 |     1 |           832
           39 |     2 |            64
           39 |     3 |             7
           39 |     4 |             4
           39 |     5 |             1
           39 |     6 |             0
           39 |     7 |             0
           39 |     8 |             0
           39 |     9 |             0
           39 |    10 |             0
           39 |    11 |             0
           39 |    12 |             1
           39 |    13 |             0
           39 |    14 |             1
           39 |    15 |             0
           39 |    16 |             5
           39 |    17 |            11
           39 |    18 |           113
           39 |    19 |           794
----------------------------------
           40 |     1 |          1175
           40 |     2 |           143
           40 |     3 |            18
           40 |     4 |             2
           40 |     5 |             3
           40 |     6 |             1
           40 |     7 |             0
           40 |     8 |             0
           40 |     9 |             0
           40 |    10 |             1
           40 |    11 |             1
           40 |    12 |             0
           40 |    13 |             0
           40 |    14 |             2
           40 |    15 |             2
           40 |    16 |             4
           40 |    17 |            32
           40 |    18 |           163
           40 |    19 |          1133
----------------------------------
           41 |     1 |          1300
           41 |     2 |           190
           41 |     3 |            40
           41 |     4 |            10
           41 |     5 |             5
           41 |     6 |             1
           41 |     7 |             0
           41 |     8 |             1
           41 |     9 |             1
           41 |    10 |             0
           41 |    11 |             1
           41 |    12 |             0
           41 |    13 |             2
           41 |    14 |             3
           41 |    15 |             3
           41 |    16 |            11
           41 |    17 |            46
           41 |    18 |           211
           41 |    19 |          1250
----------------------------------
           42 |     1 |          1710
           42 |     2 |           284
           42 |     3 |            46
           42 |     4 |            16
           42 |     5 |             6
           42 |     6 |             5
           42 |     7 |             1
           42 |     8 |             2
           42 |     9 |             0
           42 |    10 |             0
           42 |    11 |             1
           42 |    12 |             1
           42 |    13 |             1
           42 |    14 |             3
           42 |    15 |             6
           42 |    16 |            20
           42 |    17 |            64
           42 |    18 |           339
           42 |    19 |          1695
----------------------------------
           43 |     1 |          1652
           43 |     2 |           345
           43 |     3 |            64
           43 |     4 |            24
           43 |     5 |             9
           43 |     6 |             6
           43 |     7 |             2
           43 |     8 |             1
           43 |     9 |             0
           43 |    10 |             0
           43 |    11 |             1
           43 |    12 |             1
           43 |    13 |             3
           43 |    14 |             4
           43 |    15 |             2
           43 |    16 |            22
           43 |    17 |            63
           43 |    18 |           318
           43 |    19 |          1654
----------------------------------
           44 |     1 |          1190
           44 |     2 |           237
           44 |     3 |            50
           44 |     4 |            19
           44 |     5 |             7
           44 |     6 |             6
           44 |     7 |             4
           44 |     8 |             3
           44 |     9 |             0
           44 |    10 |             0
           44 |    11 |             2
           44 |    12 |             1
           44 |    13 |             1
           44 |    14 |             5
           44 |    15 |             7
           44 |    16 |            20
           44 |    17 |            63
           44 |    18 |           254
           44 |    19 |          1211
----------------------------------
           45 |     1 |          1442
           45 |     2 |           283
           45 |     3 |            73
           45 |     4 |            32
           45 |     5 |            12
           45 |     6 |             6
           45 |     7 |             4
           45 |     8 |             1
           45 |     9 |             1
           45 |    10 |             3
           45 |    11 |             3
           45 |    12 |             3
           45 |    13 |             6
           45 |    14 |             4
           45 |    15 |            13
           45 |    16 |            37
           45 |    17 |           101
           45 |    18 |           385
           45 |    19 |          1371
----------------------------------
           46 |     1 |          1162
           46 |     2 |           258
           46 |     3 |            90
           46 |     4 |            33
           46 |     5 |            12
           46 |     6 |             5
           46 |     7 |             2
           46 |     8 |             2
           46 |     9 |             2
           46 |    10 |             2
           46 |    11 |             1
           46 |    12 |             4
           46 |    13 |             1
           46 |    14 |             8
           46 |    15 |            16
           46 |    16 |            32
           46 |    17 |            91
           46 |    18 |           329
           46 |    19 |          1124
----------------------------------
           47 |     1 |          1067
           47 |     2 |           279
           47 |     3 |           104
           47 |     4 |            34
           47 |     5 |            10
           47 |     6 |             2
           47 |     7 |             2
           47 |     8 |             4
           47 |     9 |             4
           47 |    10 |             4
           47 |    11 |             2
           47 |    12 |             1
           47 |    13 |             4
           47 |    14 |            10
           47 |    15 |            18
           47 |    16 |            24
           47 |    17 |            91
           47 |    18 |           271
           47 |    19 |          1077
----------------------------------
           48 |     1 |           721
           48 |     2 |           198
           48 |     3 |            60
           48 |     4 |            18
           48 |     5 |             8
           48 |     6 |             4
           48 |     7 |             1
           48 |     8 |             4
           48 |     9 |             1
           48 |    10 |             1
           48 |    11 |             1
           48 |    12 |             5
           48 |    13 |             6
           48 |    14 |             9
           48 |    15 |            11
           48 |    16 |            22
           48 |    17 |            62
           48 |    18 |           204
           48 |    19 |           728
----------------------------------
           49 |     1 |           559
           49 |     2 |           149
           49 |     3 |            62
           49 |     4 |            21
           49 |     5 |             6
           49 |     6 |             4
           49 |     7 |             1
           49 |     8 |             3
           49 |     9 |             0
           49 |    10 |             1
           49 |    11 |             4
           49 |    12 |             4
           49 |    13 |             6
           49 |    14 |             4
           49 |    15 |             8
           49 |    16 |            14
           49 |    17 |            59
           49 |    18 |           182
           49 |    19 |           530
----------------------------------
           50 |     1 |           594
           50 |     2 |           179
           50 |     3 |            68
           50 |     4 |            21
           50 |     5 |            13
           50 |     6 |             5
           50 |     7 |             5
           50 |     8 |             3
           50 |     9 |             5
           50 |    10 |             4
           50 |    11 |             2
           50 |    12 |             3
           50 |    13 |             7
           50 |    14 |             6
           50 |    15 |            10
           50 |    16 |            18
           50 |    17 |            57
           50 |    18 |           173
           50 |    19 |           577
----------------------------------
           51 |     1 |           664
           51 |     2 |           198
           51 |     3 |            87
           51 |     4 |            44
           51 |     5 |            20
           51 |     6 |            11
           51 |     7 |             5
           51 |     8 |             9
           51 |     9 |             3
           51 |    10 |             3
           51 |    11 |             5
           51 |    12 |             3
           51 |    13 |             4
           51 |    14 |            11
           51 |    15 |            11
           51 |    16 |            33
           51 |    17 |            82
           51 |    18 |           214
           51 |    19 |           684
----------------------------------
           52 |     1 |           334
           52 |     2 |           110
           52 |     3 |            38
           52 |     4 |            15
           52 |     5 |             3
           52 |     6 |             4
           52 |     7 |             2
           52 |     8 |             2
           52 |     9 |             3
           52 |    10 |             4
           52 |    11 |             3
           52 |    12 |             3
           52 |    13 |             4
           52 |    14 |             7
           52 |    15 |            11
           52 |    16 |            22
           52 |    17 |            45
           52 |    18 |           102
           52 |    19 |           328
----------------------------------
           53 |     1 |           308
           53 |     2 |            93
           53 |     3 |            48
           53 |     4 |            27
           53 |     5 |            10
           53 |     6 |             7
           53 |     7 |             4
           53 |     8 |             2
           53 |     9 |             1
           53 |    10 |             3
           53 |    11 |             4
           53 |    12 |             2
           53 |    13 |             3
           53 |    14 |             6
           53 |    15 |            12
           53 |    16 |            19
           53 |    17 |            54
           53 |    18 |           117
           53 |    19 |           287
----------------------------------
           54 |     1 |           361
           54 |     2 |           110
           54 |     3 |            40
           54 |     4 |            18
           54 |     5 |            17
           54 |     6 |            11
           54 |     7 |             6
           54 |     8 |             5
           54 |     9 |             5
           54 |    10 |             2
           54 |    11 |             4
           54 |    12 |             6
           54 |    13 |             8
           54 |    14 |             5
           54 |    15 |            12
           54 |    16 |            25
           54 |    17 |            54
           54 |    18 |           134
           54 |    19 |           365
----------------------------------
           55 |     1 |           278
           55 |     2 |            84
           55 |     3 |            47
           55 |     4 |            22
           55 |     5 |            17
           55 |     6 |             7
           55 |     7 |             7
           55 |     8 |             0
           55 |     9 |             3
           55 |    10 |             5
           55 |    11 |             2
           55 |    12 |             3
           55 |    13 |             3
           55 |    14 |             7
           55 |    15 |            14
           55 |    16 |            21
           55 |    17 |            58
           55 |    18 |           117
           55 |    19 |           295
----------------------------------
           56 |     1 |           203
           56 |     2 |            56
           56 |     3 |            25
           56 |     4 |            12
           56 |     5 |             4
           56 |     6 |             2
           56 |     7 |             2
           56 |     8 |             2
           56 |     9 |             4
           56 |    10 |             2
           56 |    11 |             2
           56 |    12 |             4
           56 |    13 |             6
           56 |    14 |            10
           56 |    15 |            17
           56 |    16 |            23
           56 |    17 |            37
           56 |    18 |            76
           56 |    19 |           185
----------------------------------
           57 |     1 |           209
           57 |     2 |            76
           57 |     3 |            36
           57 |     4 |            26
           57 |     5 |            10
           57 |     6 |             7
           57 |     7 |             5
           57 |     8 |             4
           57 |     9 |             3
           57 |    10 |             1
           57 |    11 |             2
           57 |    12 |             5
           57 |    13 |             6
           57 |    14 |             7
           57 |    15 |            11
           57 |    16 |            17
           57 |    17 |            38
           57 |    18 |            71
           57 |    19 |           207
----------------------------------
           58 |     1 |           145
           58 |     2 |            57
           58 |     3 |            25
           58 |     4 |            12
           58 |     5 |             8
           58 |     6 |             7
           58 |     7 |             5
           58 |     8 |             2
           58 |     9 |             1
           58 |    10 |             1
           58 |    11 |             2
           58 |    12 |             5
           58 |    13 |             4
           58 |    14 |             4
           58 |    15 |            10
           58 |    16 |            12
           58 |    17 |            24
           58 |    18 |            63
           58 |    19 |           135
----------------------------------
           59 |     1 |           106
           59 |     2 |            39
           59 |     3 |            19
           59 |     4 |            16
           59 |     5 |             5
           59 |     6 |             2
           59 |     7 |             2
           59 |     8 |             5
           59 |     9 |             1
           59 |    10 |             3
           59 |    11 |             0
           59 |    12 |             1
           59 |    13 |             1
           59 |    14 |             0
           59 |    15 |             3
           59 |    16 |            11
           59 |    17 |            14
           59 |    18 |            33
           59 |    19 |            93
----------------------------------
           60 |     1 |            66
           60 |     2 |            17
           60 |     3 |             6
           60 |     4 |             6
           60 |     5 |             5
           60 |     6 |             2
           60 |     7 |             1
           60 |     8 |             2
           60 |     9 |             0
           60 |    10 |             0
           60 |    11 |             1
           60 |    12 |             1
           60 |    13 |             2
           60 |    14 |             1
           60 |    15 |             6
           60 |    16 |            11
           60 |    17 |            18
           60 |    18 |            37
           60 |    19 |            58
----------------------------------
           61 |     1 |           121
           61 |     2 |            42
           61 |     3 |            16
           61 |     4 |             9
           61 |     5 |             5
           61 |     6 |             3
           61 |     7 |             3
           61 |     8 |             5
           61 |     9 |             4
           61 |    10 |             0
           61 |    11 |             2
           61 |    12 |             4
           61 |    13 |             3
           61 |    14 |             4
           61 |    15 |            11
           61 |    16 |            12
           61 |    17 |            25
           61 |    18 |            50
           61 |    19 |           108
----------------------------------
           62 |     1 |            64
           62 |     2 |            28
           62 |     3 |            12
           62 |     4 |             6
           62 |     5 |             2
           62 |     6 |             3
           62 |     7 |             2
           62 |     8 |             2
           62 |     9 |             1
           62 |    10 |             1
           62 |    11 |             1
           62 |    12 |             0
           62 |    13 |             1
           62 |    14 |             2
           62 |    15 |             4
           62 |    16 |             6
           62 |    17 |            16
           62 |    18 |            38
           62 |    19 |            59
----------------------------------
           63 |     1 |            63
           63 |     2 |            28
           63 |     3 |             6
           63 |     4 |             7
           63 |     5 |             6
           63 |     6 |             1
           63 |     7 |             1
           63 |     8 |             0
           63 |     9 |             2
           63 |    10 |             1
           63 |    11 |             2
           63 |    12 |             3
           63 |    13 |             6
           63 |    14 |             6
           63 |    15 |             3
           63 |    16 |             8
           63 |    17 |            18
           63 |    18 |            36
           63 |    19 |            55
----------------------------------
           64 |     1 |            15
           64 |     2 |             9
           64 |     3 |             3
           64 |     4 |             3
           64 |     5 |             1
           64 |     6 |             1
           64 |     7 |             1
           64 |     8 |             0
           64 |     9 |             0
           64 |    10 |             0
           64 |    11 |             0
           64 |    12 |             0
           64 |    13 |             0
           64 |    14 |             2
           64 |    15 |             2
           64 |    16 |             1
           64 |    17 |             4
           64 |    18 |             8
           64 |    19 |            14
----------------------------------
           65 |     1 |            29
           65 |     2 |             9
           65 |     3 |             4
           65 |     4 |             5
           65 |     5 |             2
           65 |     6 |             5
           65 |     7 |             3
           65 |     8 |             3
           65 |     9 |             6
           65 |    10 |             5
           65 |    11 |             4
           65 |    12 |             1
           65 |    13 |             2
           65 |    14 |             2
           65 |    15 |             2
           65 |    16 |             6
           65 |    17 |             6
           65 |    18 |             4
           65 |    19 |            32
----------------------------------
           66 |     1 |            16
           66 |     2 |             5
           66 |     3 |             2
           66 |     4 |             1
           66 |     5 |             2
           66 |     6 |             0
           66 |     7 |             0
           66 |     8 |             1
           66 |     9 |             1
           66 |    10 |             1
           66 |    11 |             1
           66 |    12 |             1
           66 |    13 |             0
           66 |    14 |             0
           66 |    15 |             2
           66 |    16 |             3
           66 |    17 |             6
           66 |    18 |             7
           66 |    19 |            17
----------------------------------
----------------------------------
           68 |     1 |            14
           68 |     2 |             5
           68 |     3 |             1
           68 |     4 |             0
           68 |     5 |             2
           68 |     6 |             0
           68 |     7 |             0
           68 |     8 |             3
           68 |     9 |             1
           68 |    10 |             0
           68 |    11 |             1
           68 |    12 |             3
           68 |    13 |             1
           68 |    14 |             1
           68 |    15 |             5
           68 |    16 |             4
           68 |    17 |             5
           68 |    18 |             8
           68 |    19 |            14
----------------------------------
           69 |     1 |            12
           69 |     2 |             8
           69 |     3 |             6
           69 |     4 |             2
           69 |     5 |             5
           69 |     6 |             2
           69 |     7 |             1
           69 |     8 |             1
           69 |     9 |             0
           69 |    10 |             0
           69 |    11 |             0
           69 |    12 |             2
           69 |    13 |             0
           69 |    14 |             0
           69 |    15 |             2
           69 |    16 |             3
           69 |    17 |             2
           69 |    18 |             5
           69 |    19 |            18
----------------------------------
           70 |     1 |            12
           70 |     2 |            13
           70 |     3 |             9
           70 |     4 |             4
           70 |     5 |             3
           70 |     6 |             2
           70 |     7 |             2
           70 |     8 |             3
           70 |     9 |             1
           70 |    10 |             0
           70 |    11 |             0
           70 |    12 |             0
           70 |    13 |             0
           70 |    14 |             0
           70 |    15 |             0
           70 |    16 |             0
           70 |    17 |             2
           70 |    18 |             4
           70 |    19 |            15
----------------------------------
----------------------------------
           72 |     1 |            16
           72 |     2 |            11
           72 |     3 |             4
           72 |     4 |             2
           72 |     5 |             1
           72 |     6 |             0
           72 |     7 |             1
           72 |     8 |             0
           72 |     9 |             0
           72 |    10 |             0
           72 |    11 |             0
           72 |    12 |             1
           72 |    13 |             3
           72 |    14 |             3
           72 |    15 |             2
           72 |    16 |             5
           72 |    17 |             4
           72 |    18 |             5
           72 |    19 |            14
----------------------------------
----------------------------------
----------------------------------
           75 |     1 |            15
           75 |     2 |             7
           75 |     3 |             4
           75 |     4 |             1
           75 |     5 |             0
           75 |     6 |             2
           75 |     7 |             0
           75 |     8 |             0
           75 |     9 |             0
           75 |    10 |             0
           75 |    11 |             0
           75 |    12 |             1
           75 |    13 |             0
           75 |    14 |             2
           75 |    15 |             6
           75 |    16 |             8
           75 |    17 |             7
           75 |    18 |             6
           75 |    19 |            16
----------------------------------
----------------------------------
----------------------------------
----------------------------------
----------------------------------
----------------------------------
----------------------------------
           82 |     1 |            18
           82 |     2 |             8
           82 |     3 |             7
           82 |     4 |             4
           82 |     5 |             2
           82 |     6 |             2
           82 |     7 |             0
           82 |     8 |             1
           82 |     9 |             0
           82 |    10 |             0
           82 |    11 |             0
           82 |    12 |             2
           82 |    13 |             1
           82 |    14 |             1
           82 |    15 |             2
           82 |    16 |             5
           82 |    17 |             9
           82 |    18 |             8
           82 |    19 |            12
----------------------------------
----------------------------------
----------------------------------
----------------------------------
----------------------------------
----------------------------------
----------------------------------
----------------------------------
----------------------------------
----------------------------------
----------------------------------
----------------------------------
----------------------------------
----------------------------------
----------------------------------
----------------------------------
----------------------------------
----------------------------------
----------------------------------
----------------------------------
----------------------------------
----------------------------------
----------------------------------
----------------------------------
----------------------------------
----------------------------------
----------------------------------
----------------------------------
----------------------------------
----------------------------------
----------------------------------
----------------------------------
----------------------------------
----------------------------------
----------------------------------
----------------------------------
----------------------------------
----------------------------------
----------------------------------
----------------------------------
----------------------------------
----------------------------------
----------------------------------
----------------------------------
----------------------------------
----------------------------------
----------------------------------
----------------------------------
----------------------------------
----------------------------------
----------------------------------
----------------------------------
----------------------------------
----------------------------------
----------------------------------
----------------------------------
----------------------------------
----------------------------------
----------------------------------
----------------------------------
----------------------------------
----------------------------------
----------------------------------
----------------------------------
----------------------------------
----------------------------------
----------------------------------
----------------------------------
----------------------------------
----------------------------------
----------------------------------
----------------------------------
----------------------------------
----------------------------------
----------------------------------
----------------------------------
----------------------------------
----------------------------------
----------------------------------
----------------------------------
----------------------------------
----------------------------------
----------------------------------
----------------------------------
----------------------------------
----------------------------------
----------------------------------
----------------------------------
----------------------------------
----------------------------------
----------------------------------
----------------------------------
----------------------------------
----------------------------------
----------------------------------
----------------------------------
----------------------------------
----------------------------------
----------------------------------
----------------------------------
----------------------------------
----------------------------------
----------------------------------
----------------------------------
----------------------------------
----------------------------------
----------------------------------
----------------------------------
----------------------------------
----------------------------------
----------------------------------
----------------------------------
----------------------------------
----------------------------------
----------------------------------
----------------------------------
----------------------------------
----------------------------------
----------------------------------
----------------------------------
----------------------------------
----------------------------------
----------------------------------
----------------------------------
----------------------------------
----------------------------------
----------------------------------
----------------------------------
----------------------------------
----------------------------------
----------------------------------
----------------------------------
----------------------------------
----------------------------------
----------------------------------
----------------------------------
----------------------------------
----------------------------------
----------------------------------
----------------------------------
----------------------------------
----------------------------------
----------------------------------
----------------------------------
----------------------------------
----------------------------------
----------------------------------
----------------------------------
----------------------------------
----------------------------------
----------------------------------
----------------------------------
----------------------------------
----------------------------------
----------------------------------
----------------------------------
----------------------------------
----------------------------------
----------------------------------
----------------------------------
----------------------------------
----------------------------------
----------------------------------
----------------------------------
----------------------------------
----------------------------------
----------------------------------
----------------------------------
----------------------------------
----------------------------------
----------------------------------
----------------------------------
----------------------------------
----------------------------------
----------------------------------
----------------------------------
----------------------------------
----------------------------------
----------------------------------
----------------------------------
----------------------------------
----------------------------------
----------------------------------
----------------------------------
----------------------------------
----------------------------------
----------------------------------
----------------------------------
----------------------------------
----------------------------------
----------------------------------
----------------------------------
----------------------------------
----------------------------------
----------------------------------
----------------------------------
----------------------------------
----------------------------------
----------------------------------
----------------------------------
----------------------------------
----------------------------------
----------------------------------
----------------------------------
----------------------------------
----------------------------------
----------------------------------
----------------------------------
----------------------------------
----------------------------------
----------------------------------
----------------------------------
----------------------------------
----------------------------------
----------------------------------
----------------------------------
----------------------------------
----------------------------------
----------------------------------
----------------------------------
----------------------------------
----------------------------------
----------------------------------
----------------------------------
----------------------------------
----------------------------------
----------------------------------
----------------------------------
----------------------------------
----------------------------------
----------------------------------
----------------------------------
----------------------------------
----------------------------------
----------------------------------
----------------------------------
----------------------------------
----------------------------------
----------------------------------
----------------------------------
----------------------------------
----------------------------------
----------------------------------
----------------------------------
----------------------------------
----------------------------------
----------------------------------
----------------------------------
----------------------------------
----------------------------------
----------------------------------
----------------------------------
----------------------------------
----------------------------------
----------------------------------
----------------------------------
----------------------------------
----------------------------------
----------------------------------
----------------------------------
----------------------------------
----------------------------------
----------------------------------
----------------------------------
----------------------------------
----------------------------------
----------------------------------
----------------------------------
----------------------------------
----------------------------------
----------------------------------
----------------------------------
----------------------------------
----------------------------------
----------------------------------
----------------------------------
----------------------------------
----------------------------------
----------------------------------
----------------------------------
----------------------------------
----------------------------------
----------------------------------
----------------------------------
----------------------------------
----------------------------------
----------------------------------
----------------------------------
----------------------------------
----------------------------------
----------------------------------
----------------------------------
----------------------------------
----------------------------------
----------------------------------
----------------------------------
----------------------------------
----------------------------------
----------------------------------
