MinCut number | SSize | Number of cuts
----------------------------------
----------------------------------
----------------------------------
----------------------------------
----------------------------------
----------------------------------
----------------------------------
----------------------------------
----------------------------------
----------------------------------
----------------------------------
----------------------------------
----------------------------------
----------------------------------
----------------------------------
----------------------------------
----------------------------------
           36 |     1 |            47
           36 |     2 |             5
           36 |     3 |             0
           36 |     4 |             0
           36 |     5 |             0
           36 |     6 |             0
           36 |     7 |             0
           36 |     8 |             0
           36 |     9 |             0
           36 |    10 |             0
           36 |    11 |             0
           36 |    12 |             0
           36 |    13 |             0
           36 |    14 |             0
           36 |    15 |             0
           36 |    16 |             0
           36 |    17 |             0
           36 |    18 |             2
           36 |    19 |            54
----------------------------------
           37 |     1 |           238
           37 |     2 |            17
           37 |     3 |             1
           37 |     4 |             0
           37 |     5 |             1
           37 |     6 |             0
           37 |     7 |             0
           37 |     8 |             0
           37 |     9 |             0
           37 |    10 |             0
           37 |    11 |             0
           37 |    12 |             0
           37 |    13 |             0
           37 |    14 |             0
           37 |    15 |             0
           37 |    16 |             0
           37 |    17 |             0
           37 |    18 |            28
           37 |    19 |           233
----------------------------------
           38 |     1 |           794
           38 |     2 |            75
           38 |     3 |             1
           38 |     4 |             0
           38 |     5 |             0
           38 |     6 |             0
           38 |     7 |             0
           38 |     8 |             0
           38 |     9 |             0
           38 |    10 |             0
           38 |    11 |             0
           38 |    12 |             0
           38 |    13 |             0
           38 |    14 |             0
           38 |    15 |             0
           38 |    16 |             1
           38 |    17 |             4
           38 |    18 |            61
           38 |    19 |           812
----------------------------------
           39 |     1 |          1677
           39 |     2 |           128
           39 |     3 |            14
           39 |     4 |             1
           39 |     5 |             1
           39 |     6 |             0
           39 |     7 |             1
           39 |     8 |             0
           39 |     9 |             0
           39 |    10 |             0
           39 |    11 |             0
           39 |    12 |             0
           39 |    13 |             0
           39 |    14 |             0
           39 |    15 |             0
           39 |    16 |            10
           39 |    17 |            21
           39 |    18 |           139
           39 |    19 |          1635
----------------------------------
           40 |     1 |          1845
           40 |     2 |           211
           40 |     3 |            24
           40 |     4 |             5
           40 |     5 |             3
           40 |     6 |             1
           40 |     7 |             0
           40 |     8 |             0
           40 |     9 |             0
           40 |    10 |             0
           40 |    11 |             1
           40 |    12 |             0
           40 |    13 |             0
           40 |    14 |             0
           40 |    15 |             1
           40 |    16 |            10
           40 |    17 |            36
           40 |    18 |           186
           40 |    19 |          1837
----------------------------------
           41 |     1 |          1685
           41 |     2 |           222
           41 |     3 |            34
           41 |     4 |             4
           41 |     5 |             4
           41 |     6 |             3
           41 |     7 |             0
           41 |     8 |             0
           41 |     9 |             0
           41 |    10 |             1
           41 |    11 |             0
           41 |    12 |             0
           41 |    13 |             0
           41 |    14 |             1
           41 |    15 |             3
           41 |    16 |             7
           41 |    17 |            38
           41 |    18 |           257
           41 |    19 |          1677
----------------------------------
           42 |     1 |          1805
           42 |     2 |           289
           42 |     3 |            50
           42 |     4 |            16
           42 |     5 |             3
           42 |     6 |             1
           42 |     7 |             1
           42 |     8 |             1
           42 |     9 |             1
           42 |    10 |             0
           42 |    11 |             0
           42 |    12 |             0
           42 |    13 |             2
           42 |    14 |             5
           42 |    15 |             5
           42 |    16 |            13
           42 |    17 |            59
           42 |    18 |           284
           42 |    19 |          1791
----------------------------------
           43 |     1 |          1832
           43 |     2 |           296
           43 |     3 |            70
           43 |     4 |            16
           43 |     5 |             8
           43 |     6 |             3
           43 |     7 |             2
           43 |     8 |             1
           43 |     9 |             1
           43 |    10 |             2
           43 |    11 |             0
           43 |    12 |             0
           43 |    13 |             3
           43 |    14 |             3
           43 |    15 |             7
           43 |    16 |            20
           43 |    17 |            83
           43 |    18 |           339
           43 |    19 |          1786
----------------------------------
           44 |     1 |          1306
           44 |     2 |           259
           44 |     3 |            55
           44 |     4 |            16
           44 |     5 |             8
           44 |     6 |             2
           44 |     7 |             3
           44 |     8 |             2
           44 |     9 |             1
           44 |    10 |             0
           44 |    11 |             1
           44 |    12 |             1
           44 |    13 |             0
           44 |    14 |             1
           44 |    15 |             9
           44 |    16 |            11
           44 |    17 |            44
           44 |    18 |           268
           44 |    19 |          1313
----------------------------------
           45 |     1 |          1487
           45 |     2 |           290
           45 |     3 |            92
           45 |     4 |            25
           45 |     5 |             6
           45 |     6 |             5
           45 |     7 |             2
           45 |     8 |             0
           45 |     9 |             0
           45 |    10 |             0
           45 |    11 |             2
           45 |    12 |             1
           45 |    13 |             3
           45 |    14 |             3
           45 |    15 |             7
           45 |    16 |            15
           45 |    17 |            81
           45 |    18 |           317
           45 |    19 |          1444
----------------------------------
           46 |     1 |          1176
           46 |     2 |           264
           46 |     3 |            69
           46 |     4 |            18
           46 |     5 |            11
           46 |     6 |             0
           46 |     7 |             2
           46 |     8 |             2
           46 |     9 |             0
           46 |    10 |             2
           46 |    11 |             0
           46 |    12 |             2
           46 |    13 |             4
           46 |    14 |             2
           46 |    15 |            12
           46 |    16 |            25
           46 |    17 |            69
           46 |    18 |           294
           46 |    19 |          1176
----------------------------------
           47 |     1 |           814
           47 |     2 |           176
           47 |     3 |            52
           47 |     4 |            20
           47 |     5 |             6
           47 |     6 |             4
           47 |     7 |             1
           47 |     8 |             1
           47 |     9 |             1
           47 |    10 |             2
           47 |    11 |             0
           47 |    12 |             1
           47 |    13 |             5
           47 |    14 |             3
           47 |    15 |             8
           47 |    16 |            26
           47 |    17 |            65
           47 |    18 |           240
           47 |    19 |           784
----------------------------------
           48 |     1 |           890
           48 |     2 |           223
           48 |     3 |            52
           48 |     4 |            15
           48 |     5 |             7
           48 |     6 |             4
           48 |     7 |             2
           48 |     8 |             1
           48 |     9 |             1
           48 |    10 |             2
           48 |    11 |             1
           48 |    12 |             1
           48 |    13 |             4
           48 |    14 |             2
           48 |    15 |             7
           48 |    16 |            43
           48 |    17 |            86
           48 |    18 |           292
           48 |    19 |           863
----------------------------------
           49 |     1 |           531
           49 |     2 |           156
           49 |     3 |            49
           49 |     4 |            18
           49 |     5 |             6
           49 |     6 |             2
           49 |     7 |             0
           49 |     8 |             1
           49 |     9 |             0
           49 |    10 |             0
           49 |    11 |             0
           49 |    12 |             3
           49 |    13 |             0
           49 |    14 |             2
           49 |    15 |            10
           49 |    16 |            22
           49 |    17 |            58
           49 |    18 |           156
           49 |    19 |           505
----------------------------------
           50 |     1 |           333
           50 |     2 |            74
           50 |     3 |            27
           50 |     4 |            10
           50 |     5 |             4
           50 |     6 |             1
           50 |     7 |             2
           50 |     8 |             2
           50 |     9 |             3
           50 |    10 |             2
           50 |    11 |             0
           50 |    12 |             0
           50 |    13 |             0
           50 |    14 |             4
           50 |    15 |             3
           50 |    16 |            12
           50 |    17 |            40
           50 |    18 |           113
           50 |    19 |           320
----------------------------------
           51 |     1 |           257
           51 |     2 |            68
           51 |     3 |            23
           51 |     4 |            13
           51 |     5 |             2
           51 |     6 |             0
           51 |     7 |             2
           51 |     8 |             0
           51 |     9 |             1
           51 |    10 |             1
           51 |    11 |             1
           51 |    12 |             2
           51 |    13 |             3
           51 |    14 |             5
           51 |    15 |             3
           51 |    16 |             5
           51 |    17 |            25
           51 |    18 |           109
           51 |    19 |           245
----------------------------------
           52 |     1 |           279
           52 |     2 |            89
           52 |     3 |            34
           52 |     4 |            17
           52 |     5 |             6
           52 |     6 |             4
           52 |     7 |             1
           52 |     8 |             0
           52 |     9 |             0
           52 |    10 |             0
           52 |    11 |             1
           52 |    12 |             1
           52 |    13 |             2
           52 |    14 |             2
           52 |    15 |             6
           52 |    16 |             9
           52 |    17 |            35
           52 |    18 |            84
           52 |    19 |           262
----------------------------------
           53 |     1 |           100
           53 |     2 |            34
           53 |     3 |            17
           53 |     4 |             8
           53 |     5 |             4
           53 |     6 |             1
           53 |     7 |             3
           53 |     8 |             0
           53 |     9 |             1
           53 |    10 |             1
           53 |    11 |             0
           53 |    12 |             0
           53 |    13 |             0
           53 |    14 |             1
           53 |    15 |             2
           53 |    16 |             6
           53 |    17 |             8
           53 |    18 |            33
           53 |    19 |            99
----------------------------------
           54 |     1 |           100
           54 |     2 |            36
           54 |     3 |            15
           54 |     4 |             6
           54 |     5 |             3
           54 |     6 |             1
           54 |     7 |             0
           54 |     8 |             0
           54 |     9 |             1
           54 |    10 |             0
           54 |    11 |             1
           54 |    12 |             0
           54 |    13 |             0
           54 |    14 |             0
           54 |    15 |             2
           54 |    16 |             6
           54 |    17 |            17
           54 |    18 |            40
           54 |    19 |            96
----------------------------------
           55 |     1 |            36
           55 |     2 |            16
           55 |     3 |             2
           55 |     4 |             0
           55 |     5 |             0
           55 |     6 |             0
           55 |     7 |             0
           55 |     8 |             0
           55 |     9 |             0
           55 |    10 |             0
           55 |    11 |             0
           55 |    12 |             0
           55 |    13 |             0
           55 |    14 |             0
           55 |    15 |             0
           55 |    16 |             3
           55 |    17 |             6
           55 |    18 |            17
           55 |    19 |            30
----------------------------------
           56 |     1 |           103
           56 |     2 |            30
           56 |     3 |             8
           56 |     4 |             4
           56 |     5 |             1
           56 |     6 |             0
           56 |     7 |             0
           56 |     8 |             1
           56 |     9 |             0
           56 |    10 |             0
           56 |    11 |             0
           56 |    12 |             0
           56 |    13 |             0
           56 |    14 |             5
           56 |    15 |             7
           56 |    16 |            18
           56 |    17 |            23
           56 |    18 |            43
           56 |    19 |            93
----------------------------------
           57 |     1 |            18
           57 |     2 |             7
           57 |     3 |             0
           57 |     4 |             0
           57 |     5 |             0
           57 |     6 |             0
           57 |     7 |             0
           57 |     8 |             0
           57 |     9 |             0
           57 |    10 |             0
           57 |    11 |             0
           57 |    12 |             0
           57 |    13 |             0
           57 |    14 |             1
           57 |    15 |             0
           57 |    16 |             4
           57 |    17 |             3
           57 |    18 |             9
           57 |    19 |            15
----------------------------------
           58 |     1 |            52
           58 |     2 |            16
           58 |     3 |            11
           58 |     4 |             4
           58 |     5 |             0
           58 |     6 |             1
           58 |     7 |             0
           58 |     8 |             0
           58 |     9 |             0
           58 |    10 |             0
           58 |    11 |             0
           58 |    12 |             0
           58 |    13 |             0
           58 |    14 |             0
           58 |    15 |             2
           58 |    16 |             4
           58 |    17 |            11
           58 |    18 |            26
           58 |    19 |            47
----------------------------------
           59 |     1 |            13
           59 |     2 |             8
           59 |     3 |             5
           59 |     4 |             3
           59 |     5 |             2
           59 |     6 |             1
           59 |     7 |             0
           59 |     8 |             0
           59 |     9 |             0
           59 |    10 |             0
           59 |    11 |             0
           59 |    12 |             0
           59 |    13 |             0
           59 |    14 |             0
           59 |    15 |             0
           59 |    16 |             0
           59 |    17 |             1
           59 |    18 |             7
           59 |    19 |            19
----------------------------------
           60 |     1 |            32
           60 |     2 |            21
           60 |     3 |            13
           60 |     4 |             3
           60 |     5 |             0
           60 |     6 |             0
           60 |     7 |             0
           60 |     8 |             0
           60 |     9 |             0
           60 |    10 |             0
           60 |    11 |             0
           60 |    12 |             0
           60 |    13 |             0
           60 |    14 |             0
           60 |    15 |             0
           60 |    16 |             0
           60 |    17 |             4
           60 |    18 |            13
           60 |    19 |            34
----------------------------------
----------------------------------
           62 |     1 |            16
           62 |     2 |             6
           62 |     3 |             2
           62 |     4 |             0
           62 |     5 |             0
           62 |     6 |             0
           62 |     7 |             0
           62 |     8 |             0
           62 |     9 |             0
           62 |    10 |             0
           62 |    11 |             0
           62 |    12 |             1
           62 |    13 |             1
           62 |    14 |             1
           62 |    15 |             3
           62 |    16 |             3
           62 |    17 |             5
           62 |    18 |            10
           62 |    19 |            14
----------------------------------
           63 |     1 |            34
           63 |     2 |            18
           63 |     3 |            10
           63 |     4 |             2
           63 |     5 |             4
           63 |     6 |             2
           63 |     7 |             0
           63 |     8 |             0
           63 |     9 |             0
           63 |    10 |             0
           63 |    11 |             0
           63 |    12 |             0
           63 |    13 |             0
           63 |    14 |             1
           63 |    15 |             3
           63 |    16 |             4
           63 |    17 |             8
           63 |    18 |             9
           63 |    19 |            31
----------------------------------
----------------------------------
----------------------------------
----------------------------------
----------------------------------
----------------------------------
----------------------------------
----------------------------------
----------------------------------
----------------------------------
----------------------------------
----------------------------------
----------------------------------
----------------------------------
----------------------------------
----------------------------------
----------------------------------
----------------------------------
----------------------------------
----------------------------------
----------------------------------
----------------------------------
----------------------------------
----------------------------------
----------------------------------
----------------------------------
----------------------------------
----------------------------------
----------------------------------
----------------------------------
----------------------------------
----------------------------------
----------------------------------
----------------------------------
----------------------------------
----------------------------------
----------------------------------
----------------------------------
----------------------------------
----------------------------------
----------------------------------
----------------------------------
----------------------------------
----------------------------------
----------------------------------
----------------------------------
----------------------------------
----------------------------------
----------------------------------
----------------------------------
----------------------------------
----------------------------------
----------------------------------
----------------------------------
----------------------------------
----------------------------------
----------------------------------
----------------------------------
----------------------------------
----------------------------------
----------------------------------
----------------------------------
----------------------------------
----------------------------------
----------------------------------
----------------------------------
----------------------------------
----------------------------------
----------------------------------
----------------------------------
----------------------------------
----------------------------------
----------------------------------
----------------------------------
----------------------------------
----------------------------------
----------------------------------
----------------------------------
----------------------------------
----------------------------------
----------------------------------
----------------------------------
----------------------------------
----------------------------------
----------------------------------
----------------------------------
----------------------------------
----------------------------------
----------------------------------
----------------------------------
----------------------------------
----------------------------------
----------------------------------
----------------------------------
----------------------------------
----------------------------------
----------------------------------
----------------------------------
----------------------------------
----------------------------------
----------------------------------
----------------------------------
----------------------------------
----------------------------------
----------------------------------
----------------------------------
----------------------------------
----------------------------------
----------------------------------
----------------------------------
----------------------------------
----------------------------------
----------------------------------
----------------------------------
----------------------------------
----------------------------------
----------------------------------
----------------------------------
----------------------------------
----------------------------------
----------------------------------
----------------------------------
----------------------------------
----------------------------------
----------------------------------
----------------------------------
----------------------------------
----------------------------------
----------------------------------
----------------------------------
----------------------------------
----------------------------------
----------------------------------
----------------------------------
----------------------------------
----------------------------------
----------------------------------
----------------------------------
----------------------------------
----------------------------------
----------------------------------
----------------------------------
----------------------------------
----------------------------------
----------------------------------
----------------------------------
----------------------------------
----------------------------------
----------------------------------
----------------------------------
----------------------------------
----------------------------------
----------------------------------
----------------------------------
----------------------------------
----------------------------------
----------------------------------
----------------------------------
----------------------------------
----------------------------------
----------------------------------
----------------------------------
----------------------------------
----------------------------------
----------------------------------
----------------------------------
----------------------------------
----------------------------------
----------------------------------
----------------------------------
----------------------------------
----------------------------------
----------------------------------
----------------------------------
----------------------------------
----------------------------------
----------------------------------
----------------------------------
----------------------------------
----------------------------------
----------------------------------
----------------------------------
----------------------------------
----------------------------------
----------------------------------
----------------------------------
----------------------------------
----------------------------------
----------------------------------
----------------------------------
----------------------------------
----------------------------------
----------------------------------
----------------------------------
----------------------------------
----------------------------------
----------------------------------
----------------------------------
----------------------------------
----------------------------------
----------------------------------
----------------------------------
----------------------------------
----------------------------------
----------------------------------
----------------------------------
----------------------------------
----------------------------------
----------------------------------
----------------------------------
----------------------------------
----------------------------------
----------------------------------
----------------------------------
----------------------------------
----------------------------------
----------------------------------
----------------------------------
----------------------------------
----------------------------------
----------------------------------
----------------------------------
----------------------------------
----------------------------------
----------------------------------
----------------------------------
----------------------------------
----------------------------------
----------------------------------
----------------------------------
----------------------------------
----------------------------------
----------------------------------
----------------------------------
----------------------------------
----------------------------------
----------------------------------
----------------------------------
----------------------------------
----------------------------------
----------------------------------
----------------------------------
----------------------------------
----------------------------------
----------------------------------
----------------------------------
----------------------------------
----------------------------------
----------------------------------
----------------------------------
----------------------------------
----------------------------------
----------------------------------
----------------------------------
----------------------------------
----------------------------------
----------------------------------
----------------------------------
----------------------------------
----------------------------------
----------------------------------
----------------------------------
----------------------------------
----------------------------------
----------------------------------
----------------------------------
----------------------------------
----------------------------------
----------------------------------
----------------------------------
----------------------------------
----------------------------------
----------------------------------
----------------------------------
----------------------------------
----------------------------------
----------------------------------
----------------------------------
----------------------------------
----------------------------------
----------------------------------
----------------------------------
----------------------------------
----------------------------------
----------------------------------
----------------------------------
----------------------------------
----------------------------------
----------------------------------
----------------------------------
----------------------------------
----------------------------------
----------------------------------
----------------------------------
----------------------------------
----------------------------------
----------------------------------
----------------------------------
----------------------------------
----------------------------------
----------------------------------
----------------------------------
----------------------------------
----------------------------------
----------------------------------
----------------------------------
----------------------------------
----------------------------------
----------------------------------
----------------------------------
----------------------------------
----------------------------------
----------------------------------
----------------------------------
----------------------------------
----------------------------------
----------------------------------
----------------------------------
