MinCut number | Number of graphs
            7 |               0
            8 |               0
            9 |               0
           10 |              25
           11 |             170
           12 |             327
           13 |            1141
           14 |            4541
           15 |            4660
           16 |            1984
           17 |            1000
           18 |             545
           19 |             314
           20 |             159
           21 |              76
           22 |              38
           23 |              12
           24 |               5
           25 |               2
           26 |               0
           27 |               0
           28 |               1
           29 |               0
           30 |               0
           31 |               0
           32 |               0
           33 |               0
           34 |               0
           35 |               0
           36 |               0
           37 |               0
           38 |               0
           39 |               0
           40 |               0
           41 |               0
           42 |               0
           43 |               0
           44 |               0
           45 |               0
           46 |               0
           47 |               0
           48 |               0
           49 |               0
           50 |               0
           51 |               0
           52 |               0
           53 |               0
           54 |               0
           55 |               0
           56 |               0
