MinCut number | Number of graphs
            7 |               0
            8 |               0
            9 |               0
           10 |               3
           11 |               8
           12 |             136
           13 |            1020
           14 |            3094
           15 |            3707
           16 |            2608
           17 |            1781
           18 |            1136
           19 |             685
           20 |             434
           21 |             220
           22 |              98
           23 |              47
           24 |              15
           25 |               8
           26 |               0
           27 |               0
           28 |               0
           29 |               0
           30 |               0
           31 |               0
           32 |               0
           33 |               0
           34 |               0
           35 |               0
           36 |               0
           37 |               0
           38 |               0
           39 |               0
           40 |               0
           41 |               0
           42 |               0
           43 |               0
           44 |               0
           45 |               0
           46 |               0
           47 |               0
           48 |               0
           49 |               0
           50 |               0
           51 |               0
           52 |               0
           53 |               0
           54 |               0
           55 |               0
           56 |               0
