MinCut number | Number of graphs
            7 |               0
            8 |               0
            9 |               0
           10 |              11
           11 |             147
           12 |             451
           13 |             911
           14 |            4201
           15 |            4490
           16 |            2256
           17 |            1186
           18 |             623
           19 |             360
           20 |             206
           21 |              89
           22 |              44
           23 |              14
           24 |               8
           25 |               1
           26 |               2
           27 |               0
           28 |               0
           29 |               0
           30 |               0
           31 |               0
           32 |               0
           33 |               0
           34 |               0
           35 |               0
           36 |               0
           37 |               0
           38 |               0
           39 |               0
           40 |               0
           41 |               0
           42 |               0
           43 |               0
           44 |               0
           45 |               0
           46 |               0
           47 |               0
           48 |               0
           49 |               0
           50 |               0
           51 |               0
           52 |               0
           53 |               0
           54 |               0
           55 |               0
           56 |               0
