MinCut number | Number of graphs
            7 |               0
            8 |               0
            9 |               0
           10 |              19
           11 |              37
           12 |              88
           13 |             746
           14 |            3059
           15 |            3602
           16 |            2674
           17 |            1871
           18 |            1210
           19 |             835
           20 |             483
           21 |             213
           22 |              97
           23 |              38
           24 |              15
           25 |               8
           26 |               3
           27 |               1
           28 |               1
           29 |               0
           30 |               0
           31 |               0
           32 |               0
           33 |               0
           34 |               0
           35 |               0
           36 |               0
           37 |               0
           38 |               0
           39 |               0
           40 |               0
           41 |               0
           42 |               0
           43 |               0
           44 |               0
           45 |               0
           46 |               0
           47 |               0
           48 |               0
           49 |               0
           50 |               0
           51 |               0
           52 |               0
           53 |               0
           54 |               0
           55 |               0
           56 |               0
