MinCut number | Number of graphs
            7 |               0
            8 |               0
            9 |               5
           10 |              22
           11 |              59
           12 |             237
           13 |            1004
           14 |            2651
           15 |            3117
           16 |            2836
           17 |            2374
           18 |            1573
           19 |             775
           20 |             276
           21 |              52
           22 |              16
           23 |               3
           24 |               0
           25 |               0
           26 |               0
           27 |               0
           28 |               0
           29 |               0
           30 |               0
           31 |               0
           32 |               0
           33 |               0
           34 |               0
           35 |               0
           36 |               0
           37 |               0
           38 |               0
           39 |               0
           40 |               0
           41 |               0
           42 |               0
           43 |               0
           44 |               0
           45 |               0
           46 |               0
           47 |               0
           48 |               0
           49 |               0
           50 |               0
           51 |               0
           52 |               0
           53 |               0
           54 |               0
           55 |               0
           56 |               0
