MinCut number | SSize | Number of cuts
----------------------------------
----------------------------------
----------------------------------
----------------------------------
----------------------------------
----------------------------------
----------------------------------
----------------------------------
----------------------------------
----------------------------------
----------------------------------
----------------------------------
----------------------------------
----------------------------------
----------------------------------
----------------------------------
----------------------------------
           36 |     1 |            22
           36 |     2 |             0
           36 |     3 |             0
           36 |     4 |             0
           36 |     5 |             0
           36 |     6 |             0
           36 |     7 |             0
           36 |     8 |             0
           36 |     9 |             0
           36 |    10 |             0
           36 |    11 |             0
           36 |    12 |             0
           36 |    13 |             0
           36 |    14 |             0
           36 |    15 |             0
           36 |    16 |             0
           36 |    17 |             0
           36 |    18 |             0
           36 |    19 |            14
----------------------------------
           37 |     1 |            22
           37 |     2 |             0
           37 |     3 |             0
           37 |     4 |             0
           37 |     5 |             0
           37 |     6 |             0
           37 |     7 |             0
           37 |     8 |             0
           37 |     9 |             0
           37 |    10 |             0
           37 |    11 |             0
           37 |    12 |             0
           37 |    13 |             0
           37 |    14 |             0
           37 |    15 |             0
           37 |    16 |             0
           37 |    17 |             0
           37 |    18 |             0
           37 |    19 |            15
----------------------------------
----------------------------------
           39 |     1 |            21
           39 |     2 |             0
           39 |     3 |             0
           39 |     4 |             0
           39 |     5 |             0
           39 |     6 |             0
           39 |     7 |             0
           39 |     8 |             0
           39 |     9 |             0
           39 |    10 |             0
           39 |    11 |             0
           39 |    12 |             0
           39 |    13 |             0
           39 |    14 |             0
           39 |    15 |             0
           39 |    16 |             0
           39 |    17 |             0
           39 |    18 |             0
           39 |    19 |            18
----------------------------------
----------------------------------
           41 |     1 |            28
           41 |     2 |             0
           41 |     3 |             0
           41 |     4 |             0
           41 |     5 |             0
           41 |     6 |             0
           41 |     7 |             0
           41 |     8 |             0
           41 |     9 |             0
           41 |    10 |             0
           41 |    11 |             0
           41 |    12 |             0
           41 |    13 |             0
           41 |    14 |             0
           41 |    15 |             0
           41 |    16 |             0
           41 |    17 |             0
           41 |    18 |             0
           41 |    19 |            13
----------------------------------
           42 |     1 |            53
           42 |     2 |             0
           42 |     3 |             0
           42 |     4 |             0
           42 |     5 |             0
           42 |     6 |             0
           42 |     7 |             0
           42 |     8 |             0
           42 |     9 |             0
           42 |    10 |             0
           42 |    11 |             0
           42 |    12 |             0
           42 |    13 |             0
           42 |    14 |             0
           42 |    15 |             0
           42 |    16 |             0
           42 |    17 |             0
           42 |    18 |             0
           42 |    19 |            31
----------------------------------
----------------------------------
           44 |     1 |            81
           44 |     2 |             0
           44 |     3 |             0
           44 |     4 |             0
           44 |     5 |             0
           44 |     6 |             0
           44 |     7 |             0
           44 |     8 |             0
           44 |     9 |             0
           44 |    10 |             0
           44 |    11 |             0
           44 |    12 |             0
           44 |    13 |             0
           44 |    14 |             0
           44 |    15 |             0
           44 |    16 |             0
           44 |    17 |             0
           44 |    18 |             0
           44 |    19 |            51
----------------------------------
           45 |     1 |            60
           45 |     2 |             0
           45 |     3 |             0
           45 |     4 |             0
           45 |     5 |             0
           45 |     6 |             0
           45 |     7 |             0
           45 |     8 |             0
           45 |     9 |             0
           45 |    10 |             0
           45 |    11 |             0
           45 |    12 |             0
           45 |    13 |             0
           45 |    14 |             0
           45 |    15 |             0
           45 |    16 |             0
           45 |    17 |             0
           45 |    18 |             0
           45 |    19 |            30
----------------------------------
           46 |     1 |           122
           46 |     2 |             0
           46 |     3 |             0
           46 |     4 |             0
           46 |     5 |             0
           46 |     6 |             0
           46 |     7 |             0
           46 |     8 |             0
           46 |     9 |             0
           46 |    10 |             0
           46 |    11 |             0
           46 |    12 |             0
           46 |    13 |             0
           46 |    14 |             0
           46 |    15 |             0
           46 |    16 |             0
           46 |    17 |             0
           46 |    18 |             0
           46 |    19 |            62
----------------------------------
           47 |     1 |           162
           47 |     2 |             0
           47 |     3 |             0
           47 |     4 |             0
           47 |     5 |             0
           47 |     6 |             0
           47 |     7 |             0
           47 |     8 |             0
           47 |     9 |             0
           47 |    10 |             0
           47 |    11 |             0
           47 |    12 |             0
           47 |    13 |             0
           47 |    14 |             0
           47 |    15 |             0
           47 |    16 |             0
           47 |    17 |             0
           47 |    18 |             0
           47 |    19 |            73
----------------------------------
           48 |     1 |           291
           48 |     2 |             0
           48 |     3 |             0
           48 |     4 |             0
           48 |     5 |             0
           48 |     6 |             0
           48 |     7 |             0
           48 |     8 |             0
           48 |     9 |             0
           48 |    10 |             0
           48 |    11 |             0
           48 |    12 |             0
           48 |    13 |             0
           48 |    14 |             0
           48 |    15 |             0
           48 |    16 |             0
           48 |    17 |             0
           48 |    18 |             0
           48 |    19 |           141
----------------------------------
           49 |     1 |           312
           49 |     2 |             0
           49 |     3 |             0
           49 |     4 |             0
           49 |     5 |             0
           49 |     6 |             0
           49 |     7 |             0
           49 |     8 |             0
           49 |     9 |             0
           49 |    10 |             0
           49 |    11 |             0
           49 |    12 |             0
           49 |    13 |             0
           49 |    14 |             0
           49 |    15 |             0
           49 |    16 |             0
           49 |    17 |             0
           49 |    18 |             0
           49 |    19 |           129
----------------------------------
           50 |     1 |           240
           50 |     2 |             0
           50 |     3 |             0
           50 |     4 |             0
           50 |     5 |             0
           50 |     6 |             0
           50 |     7 |             0
           50 |     8 |             0
           50 |     9 |             0
           50 |    10 |             0
           50 |    11 |             0
           50 |    12 |             0
           50 |    13 |             0
           50 |    14 |             0
           50 |    15 |             0
           50 |    16 |             0
           50 |    17 |             0
           50 |    18 |             0
           50 |    19 |           110
----------------------------------
           51 |     1 |           464
           51 |     2 |             0
           51 |     3 |             0
           51 |     4 |             0
           51 |     5 |             0
           51 |     6 |             0
           51 |     7 |             0
           51 |     8 |             0
           51 |     9 |             0
           51 |    10 |             0
           51 |    11 |             0
           51 |    12 |             0
           51 |    13 |             0
           51 |    14 |             0
           51 |    15 |             0
           51 |    16 |             0
           51 |    17 |             0
           51 |    18 |             0
           51 |    19 |           199
----------------------------------
           52 |     1 |           261
           52 |     2 |             0
           52 |     3 |             0
           52 |     4 |             0
           52 |     5 |             0
           52 |     6 |             0
           52 |     7 |             0
           52 |     8 |             0
           52 |     9 |             0
           52 |    10 |             0
           52 |    11 |             0
           52 |    12 |             0
           52 |    13 |             0
           52 |    14 |             0
           52 |    15 |             0
           52 |    16 |             0
           52 |    17 |             0
           52 |    18 |             0
           52 |    19 |           103
----------------------------------
           53 |     1 |           315
           53 |     2 |             0
           53 |     3 |             0
           53 |     4 |             0
           53 |     5 |             0
           53 |     6 |             0
           53 |     7 |             0
           53 |     8 |             0
           53 |     9 |             0
           53 |    10 |             0
           53 |    11 |             0
           53 |    12 |             0
           53 |    13 |             0
           53 |    14 |             0
           53 |    15 |             0
           53 |    16 |             0
           53 |    17 |             0
           53 |    18 |             0
           53 |    19 |           109
----------------------------------
           54 |     1 |           822
           54 |     2 |             0
           54 |     3 |             0
           54 |     4 |             0
           54 |     5 |             0
           54 |     6 |             0
           54 |     7 |             0
           54 |     8 |             0
           54 |     9 |             0
           54 |    10 |             0
           54 |    11 |             0
           54 |    12 |             0
           54 |    13 |             0
           54 |    14 |             0
           54 |    15 |             0
           54 |    16 |             0
           54 |    17 |             0
           54 |    18 |             0
           54 |    19 |           312
----------------------------------
           55 |     1 |          1207
           55 |     2 |             0
           55 |     3 |             0
           55 |     4 |             0
           55 |     5 |             0
           55 |     6 |             0
           55 |     7 |             0
           55 |     8 |             0
           55 |     9 |             0
           55 |    10 |             0
           55 |    11 |             0
           55 |    12 |             0
           55 |    13 |             0
           55 |    14 |             0
           55 |    15 |             0
           55 |    16 |             0
           55 |    17 |             0
           55 |    18 |             0
           55 |    19 |           443
----------------------------------
           56 |     1 |           708
           56 |     2 |             0
           56 |     3 |             0
           56 |     4 |             0
           56 |     5 |             0
           56 |     6 |             0
           56 |     7 |             0
           56 |     8 |             0
           56 |     9 |             0
           56 |    10 |             0
           56 |    11 |             0
           56 |    12 |             0
           56 |    13 |             0
           56 |    14 |             0
           56 |    15 |             0
           56 |    16 |             0
           56 |    17 |             0
           56 |    18 |             0
           56 |    19 |           244
----------------------------------
           57 |     1 |          1176
           57 |     2 |             0
           57 |     3 |             0
           57 |     4 |             0
           57 |     5 |             0
           57 |     6 |             0
           57 |     7 |             0
           57 |     8 |             0
           57 |     9 |             0
           57 |    10 |             0
           57 |    11 |             0
           57 |    12 |             0
           57 |    13 |             0
           57 |    14 |             0
           57 |    15 |             0
           57 |    16 |             0
           57 |    17 |             0
           57 |    18 |             0
           57 |    19 |           420
----------------------------------
           58 |     1 |          1030
           58 |     2 |             0
           58 |     3 |             0
           58 |     4 |             0
           58 |     5 |             0
           58 |     6 |             0
           58 |     7 |             0
           58 |     8 |             0
           58 |     9 |             0
           58 |    10 |             0
           58 |    11 |             0
           58 |    12 |             0
           58 |    13 |             0
           58 |    14 |             0
           58 |    15 |             0
           58 |    16 |             0
           58 |    17 |             0
           58 |    18 |             0
           58 |    19 |           362
----------------------------------
           59 |     1 |          1374
           59 |     2 |             0
           59 |     3 |             0
           59 |     4 |             0
           59 |     5 |             0
           59 |     6 |             0
           59 |     7 |             0
           59 |     8 |             0
           59 |     9 |             0
           59 |    10 |             0
           59 |    11 |             0
           59 |    12 |             0
           59 |    13 |             0
           59 |    14 |             0
           59 |    15 |             0
           59 |    16 |             0
           59 |    17 |             0
           59 |    18 |             0
           59 |    19 |           455
----------------------------------
           60 |     1 |          2299
           60 |     2 |             0
           60 |     3 |             0
           60 |     4 |             0
           60 |     5 |             0
           60 |     6 |             0
           60 |     7 |             0
           60 |     8 |             0
           60 |     9 |             0
           60 |    10 |             0
           60 |    11 |             0
           60 |    12 |             0
           60 |    13 |             0
           60 |    14 |             0
           60 |    15 |             0
           60 |    16 |             0
           60 |    17 |             0
           60 |    18 |             0
           60 |    19 |           761
----------------------------------
           61 |     1 |          1869
           61 |     2 |             0
           61 |     3 |             0
           61 |     4 |             0
           61 |     5 |             0
           61 |     6 |             0
           61 |     7 |             0
           61 |     8 |             0
           61 |     9 |             0
           61 |    10 |             0
           61 |    11 |             0
           61 |    12 |             0
           61 |    13 |             0
           61 |    14 |             0
           61 |    15 |             0
           61 |    16 |             0
           61 |    17 |             0
           61 |    18 |             0
           61 |    19 |           571
----------------------------------
           62 |     1 |          2255
           62 |     2 |             0
           62 |     3 |             0
           62 |     4 |             0
           62 |     5 |             0
           62 |     6 |             0
           62 |     7 |             0
           62 |     8 |             0
           62 |     9 |             0
           62 |    10 |             0
           62 |    11 |             0
           62 |    12 |             0
           62 |    13 |             0
           62 |    14 |             0
           62 |    15 |             0
           62 |    16 |             0
           62 |    17 |             0
           62 |    18 |             0
           62 |    19 |           721
----------------------------------
           63 |     1 |          1805
           63 |     2 |             0
           63 |     3 |             0
           63 |     4 |             0
           63 |     5 |             0
           63 |     6 |             0
           63 |     7 |             0
           63 |     8 |             0
           63 |     9 |             0
           63 |    10 |             0
           63 |    11 |             0
           63 |    12 |             0
           63 |    13 |             0
           63 |    14 |             0
           63 |    15 |             0
           63 |    16 |             0
           63 |    17 |             0
           63 |    18 |             0
           63 |    19 |           589
----------------------------------
           64 |     1 |          2184
           64 |     2 |             0
           64 |     3 |             0
           64 |     4 |             0
           64 |     5 |             0
           64 |     6 |             0
           64 |     7 |             0
           64 |     8 |             0
           64 |     9 |             0
           64 |    10 |             0
           64 |    11 |             0
           64 |    12 |             0
           64 |    13 |             0
           64 |    14 |             0
           64 |    15 |             0
           64 |    16 |             0
           64 |    17 |             0
           64 |    18 |             0
           64 |    19 |           632
----------------------------------
           65 |     1 |          2163
           65 |     2 |             0
           65 |     3 |             0
           65 |     4 |             0
           65 |     5 |             0
           65 |     6 |             0
           65 |     7 |             0
           65 |     8 |             0
           65 |     9 |             0
           65 |    10 |             0
           65 |    11 |             0
           65 |    12 |             0
           65 |    13 |             0
           65 |    14 |             0
           65 |    15 |             0
           65 |    16 |             0
           65 |    17 |             0
           65 |    18 |             0
           65 |    19 |           632
----------------------------------
           66 |     1 |          2600
           66 |     2 |             0
           66 |     3 |             0
           66 |     4 |             0
           66 |     5 |             0
           66 |     6 |             0
           66 |     7 |             0
           66 |     8 |             0
           66 |     9 |             0
           66 |    10 |             0
           66 |    11 |             0
           66 |    12 |             0
           66 |    13 |             0
           66 |    14 |             0
           66 |    15 |             0
           66 |    16 |             0
           66 |    17 |             0
           66 |    18 |             0
           66 |    19 |           766
----------------------------------
           67 |     1 |          1880
           67 |     2 |             0
           67 |     3 |             0
           67 |     4 |             0
           67 |     5 |             0
           67 |     6 |             0
           67 |     7 |             0
           67 |     8 |             0
           67 |     9 |             0
           67 |    10 |             0
           67 |    11 |             0
           67 |    12 |             0
           67 |    13 |             0
           67 |    14 |             0
           67 |    15 |             0
           67 |    16 |             0
           67 |    17 |             0
           67 |    18 |             0
           67 |    19 |           532
----------------------------------
           68 |     1 |          2933
           68 |     2 |             0
           68 |     3 |             0
           68 |     4 |             0
           68 |     5 |             0
           68 |     6 |             0
           68 |     7 |             0
           68 |     8 |             0
           68 |     9 |             0
           68 |    10 |             0
           68 |    11 |             0
           68 |    12 |             0
           68 |    13 |             0
           68 |    14 |             0
           68 |    15 |             0
           68 |    16 |             0
           68 |    17 |             0
           68 |    18 |             0
           68 |    19 |           807
----------------------------------
           69 |     1 |          2593
           69 |     2 |             0
           69 |     3 |             0
           69 |     4 |             0
           69 |     5 |             0
           69 |     6 |             0
           69 |     7 |             0
           69 |     8 |             0
           69 |     9 |             0
           69 |    10 |             0
           69 |    11 |             0
           69 |    12 |             0
           69 |    13 |             0
           69 |    14 |             0
           69 |    15 |             0
           69 |    16 |             0
           69 |    17 |             0
           69 |    18 |             0
           69 |    19 |           719
----------------------------------
           70 |     1 |          2203
           70 |     2 |             0
           70 |     3 |             0
           70 |     4 |             0
           70 |     5 |             0
           70 |     6 |             0
           70 |     7 |             0
           70 |     8 |             0
           70 |     9 |             0
           70 |    10 |             0
           70 |    11 |             0
           70 |    12 |             0
           70 |    13 |             0
           70 |    14 |             0
           70 |    15 |             0
           70 |    16 |             0
           70 |    17 |             0
           70 |    18 |             0
           70 |    19 |           597
----------------------------------
           71 |     1 |          1901
           71 |     2 |             0
           71 |     3 |             0
           71 |     4 |             0
           71 |     5 |             0
           71 |     6 |             0
           71 |     7 |             0
           71 |     8 |             0
           71 |     9 |             0
           71 |    10 |             0
           71 |    11 |             0
           71 |    12 |             0
           71 |    13 |             0
           71 |    14 |             0
           71 |    15 |             0
           71 |    16 |             0
           71 |    17 |             0
           71 |    18 |             0
           71 |    19 |           513
----------------------------------
           72 |     1 |          1594
           72 |     2 |             0
           72 |     3 |             0
           72 |     4 |             0
           72 |     5 |             0
           72 |     6 |             0
           72 |     7 |             0
           72 |     8 |             0
           72 |     9 |             0
           72 |    10 |             0
           72 |    11 |             0
           72 |    12 |             0
           72 |    13 |             0
           72 |    14 |             0
           72 |    15 |             0
           72 |    16 |             0
           72 |    17 |             0
           72 |    18 |             0
           72 |    19 |           422
----------------------------------
           73 |     1 |          1912
           73 |     2 |             0
           73 |     3 |             0
           73 |     4 |             0
           73 |     5 |             0
           73 |     6 |             0
           73 |     7 |             0
           73 |     8 |             0
           73 |     9 |             0
           73 |    10 |             0
           73 |    11 |             0
           73 |    12 |             0
           73 |    13 |             0
           73 |    14 |             0
           73 |    15 |             0
           73 |    16 |             0
           73 |    17 |             0
           73 |    18 |             0
           73 |    19 |           497
----------------------------------
           74 |     1 |          1944
           74 |     2 |             0
           74 |     3 |             0
           74 |     4 |             0
           74 |     5 |             0
           74 |     6 |             0
           74 |     7 |             0
           74 |     8 |             0
           74 |     9 |             0
           74 |    10 |             0
           74 |    11 |             0
           74 |    12 |             0
           74 |    13 |             0
           74 |    14 |             0
           74 |    15 |             0
           74 |    16 |             0
           74 |    17 |             0
           74 |    18 |             0
           74 |    19 |           498
----------------------------------
           75 |     1 |          1628
           75 |     2 |             0
           75 |     3 |             0
           75 |     4 |             0
           75 |     5 |             0
           75 |     6 |             0
           75 |     7 |             0
           75 |     8 |             0
           75 |     9 |             0
           75 |    10 |             0
           75 |    11 |             0
           75 |    12 |             0
           75 |    13 |             0
           75 |    14 |             0
           75 |    15 |             0
           75 |    16 |             0
           75 |    17 |             0
           75 |    18 |             0
           75 |    19 |           397
----------------------------------
           76 |     1 |          1028
           76 |     2 |             0
           76 |     3 |             0
           76 |     4 |             0
           76 |     5 |             0
           76 |     6 |             0
           76 |     7 |             0
           76 |     8 |             0
           76 |     9 |             0
           76 |    10 |             0
           76 |    11 |             0
           76 |    12 |             0
           76 |    13 |             0
           76 |    14 |             0
           76 |    15 |             0
           76 |    16 |             0
           76 |    17 |             0
           76 |    18 |             0
           76 |    19 |           264
----------------------------------
           77 |     1 |          1447
           77 |     2 |             0
           77 |     3 |             0
           77 |     4 |             0
           77 |     5 |             0
           77 |     6 |             0
           77 |     7 |             0
           77 |     8 |             0
           77 |     9 |             0
           77 |    10 |             0
           77 |    11 |             0
           77 |    12 |             0
           77 |    13 |             0
           77 |    14 |             0
           77 |    15 |             0
           77 |    16 |             0
           77 |    17 |             0
           77 |    18 |             0
           77 |    19 |           324
----------------------------------
           78 |     1 |           941
           78 |     2 |             0
           78 |     3 |             0
           78 |     4 |             0
           78 |     5 |             0
           78 |     6 |             0
           78 |     7 |             0
           78 |     8 |             0
           78 |     9 |             0
           78 |    10 |             0
           78 |    11 |             0
           78 |    12 |             0
           78 |    13 |             0
           78 |    14 |             0
           78 |    15 |             0
           78 |    16 |             0
           78 |    17 |             0
           78 |    18 |             0
           78 |    19 |           229
----------------------------------
           79 |     1 |          1077
           79 |     2 |             0
           79 |     3 |             0
           79 |     4 |             0
           79 |     5 |             0
           79 |     6 |             0
           79 |     7 |             0
           79 |     8 |             0
           79 |     9 |             0
           79 |    10 |             0
           79 |    11 |             0
           79 |    12 |             0
           79 |    13 |             0
           79 |    14 |             0
           79 |    15 |             0
           79 |    16 |             0
           79 |    17 |             0
           79 |    18 |             0
           79 |    19 |           266
----------------------------------
           80 |     1 |           584
           80 |     2 |             0
           80 |     3 |             0
           80 |     4 |             0
           80 |     5 |             0
           80 |     6 |             0
           80 |     7 |             0
           80 |     8 |             0
           80 |     9 |             0
           80 |    10 |             0
           80 |    11 |             0
           80 |    12 |             0
           80 |    13 |             0
           80 |    14 |             0
           80 |    15 |             0
           80 |    16 |             0
           80 |    17 |             0
           80 |    18 |             0
           80 |    19 |           136
----------------------------------
           81 |     1 |          1069
           81 |     2 |             0
           81 |     3 |             0
           81 |     4 |             0
           81 |     5 |             0
           81 |     6 |             0
           81 |     7 |             0
           81 |     8 |             0
           81 |     9 |             0
           81 |    10 |             0
           81 |    11 |             0
           81 |    12 |             0
           81 |    13 |             0
           81 |    14 |             0
           81 |    15 |             0
           81 |    16 |             0
           81 |    17 |             0
           81 |    18 |             0
           81 |    19 |           227
----------------------------------
           82 |     1 |           544
           82 |     2 |             0
           82 |     3 |             0
           82 |     4 |             0
           82 |     5 |             0
           82 |     6 |             0
           82 |     7 |             0
           82 |     8 |             0
           82 |     9 |             0
           82 |    10 |             0
           82 |    11 |             0
           82 |    12 |             0
           82 |    13 |             0
           82 |    14 |             0
           82 |    15 |             0
           82 |    16 |             0
           82 |    17 |             0
           82 |    18 |             0
           82 |    19 |           112
----------------------------------
           83 |     1 |           340
           83 |     2 |             0
           83 |     3 |             0
           83 |     4 |             0
           83 |     5 |             0
           83 |     6 |             0
           83 |     7 |             0
           83 |     8 |             0
           83 |     9 |             0
           83 |    10 |             0
           83 |    11 |             0
           83 |    12 |             0
           83 |    13 |             0
           83 |    14 |             0
           83 |    15 |             0
           83 |    16 |             0
           83 |    17 |             0
           83 |    18 |             0
           83 |    19 |            75
----------------------------------
           84 |     1 |           350
           84 |     2 |             0
           84 |     3 |             0
           84 |     4 |             0
           84 |     5 |             0
           84 |     6 |             0
           84 |     7 |             0
           84 |     8 |             0
           84 |     9 |             0
           84 |    10 |             0
           84 |    11 |             0
           84 |    12 |             0
           84 |    13 |             0
           84 |    14 |             0
           84 |    15 |             0
           84 |    16 |             0
           84 |    17 |             0
           84 |    18 |             0
           84 |    19 |            70
----------------------------------
----------------------------------
           86 |     1 |           216
           86 |     2 |             0
           86 |     3 |             0
           86 |     4 |             0
           86 |     5 |             0
           86 |     6 |             0
           86 |     7 |             0
           86 |     8 |             0
           86 |     9 |             0
           86 |    10 |             0
           86 |    11 |             0
           86 |    12 |             0
           86 |    13 |             0
           86 |    14 |             0
           86 |    15 |             0
           86 |    16 |             0
           86 |    17 |             0
           86 |    18 |             0
           86 |    19 |            42
----------------------------------
----------------------------------
           88 |     1 |           146
           88 |     2 |             0
           88 |     3 |             0
           88 |     4 |             0
           88 |     5 |             0
           88 |     6 |             0
           88 |     7 |             0
           88 |     8 |             0
           88 |     9 |             0
           88 |    10 |             0
           88 |    11 |             0
           88 |    12 |             0
           88 |    13 |             0
           88 |    14 |             0
           88 |    15 |             0
           88 |    16 |             0
           88 |    17 |             0
           88 |    18 |             0
           88 |    19 |            30
----------------------------------
           89 |     1 |           375
           89 |     2 |             0
           89 |     3 |             0
           89 |     4 |             0
           89 |     5 |             0
           89 |     6 |             0
           89 |     7 |             0
           89 |     8 |             0
           89 |     9 |             0
           89 |    10 |             0
           89 |    11 |             0
           89 |    12 |             0
           89 |    13 |             0
           89 |    14 |             0
           89 |    15 |             0
           89 |    16 |             0
           89 |    17 |             0
           89 |    18 |             0
           89 |    19 |            70
----------------------------------
----------------------------------
----------------------------------
----------------------------------
           93 |     1 |            77
           93 |     2 |             0
           93 |     3 |             0
           93 |     4 |             0
           93 |     5 |             0
           93 |     6 |             0
           93 |     7 |             0
           93 |     8 |             0
           93 |     9 |             0
           93 |    10 |             0
           93 |    11 |             0
           93 |    12 |             0
           93 |    13 |             0
           93 |    14 |             0
           93 |    15 |             0
           93 |    16 |             0
           93 |    17 |             0
           93 |    18 |             0
           93 |    19 |            16
----------------------------------
           94 |     1 |            78
           94 |     2 |             0
           94 |     3 |             0
           94 |     4 |             0
           94 |     5 |             0
           94 |     6 |             0
           94 |     7 |             0
           94 |     8 |             0
           94 |     9 |             0
           94 |    10 |             0
           94 |    11 |             0
           94 |    12 |             0
           94 |    13 |             0
           94 |    14 |             0
           94 |    15 |             0
           94 |    16 |             0
           94 |    17 |             0
           94 |    18 |             0
           94 |    19 |            16
----------------------------------
----------------------------------
----------------------------------
----------------------------------
----------------------------------
----------------------------------
----------------------------------
----------------------------------
----------------------------------
----------------------------------
----------------------------------
----------------------------------
----------------------------------
----------------------------------
----------------------------------
----------------------------------
----------------------------------
----------------------------------
----------------------------------
----------------------------------
----------------------------------
----------------------------------
----------------------------------
----------------------------------
----------------------------------
----------------------------------
----------------------------------
----------------------------------
----------------------------------
----------------------------------
----------------------------------
----------------------------------
----------------------------------
----------------------------------
----------------------------------
----------------------------------
----------------------------------
----------------------------------
----------------------------------
----------------------------------
----------------------------------
----------------------------------
----------------------------------
----------------------------------
----------------------------------
----------------------------------
----------------------------------
----------------------------------
----------------------------------
----------------------------------
----------------------------------
----------------------------------
----------------------------------
----------------------------------
----------------------------------
----------------------------------
----------------------------------
----------------------------------
----------------------------------
----------------------------------
----------------------------------
----------------------------------
----------------------------------
----------------------------------
----------------------------------
----------------------------------
----------------------------------
----------------------------------
----------------------------------
----------------------------------
----------------------------------
----------------------------------
----------------------------------
----------------------------------
----------------------------------
----------------------------------
----------------------------------
----------------------------------
----------------------------------
----------------------------------
----------------------------------
----------------------------------
----------------------------------
----------------------------------
----------------------------------
----------------------------------
----------------------------------
----------------------------------
----------------------------------
----------------------------------
----------------------------------
----------------------------------
----------------------------------
----------------------------------
----------------------------------
----------------------------------
----------------------------------
