MinCut number | Number of graphs
           19 |               0
           20 |               0
           21 |               0
           22 |               0
           23 |               0
           24 |               0
           25 |               0
           26 |               0
           27 |               0
           28 |               0
           29 |               0
           30 |               0
           31 |               0
           32 |               0
           33 |               0
           34 |               0
           35 |               0
           36 |               2
           37 |               1
           38 |               0
           39 |               1
           40 |               2
           41 |               0
           42 |               0
           43 |               1
           44 |               2
           45 |               6
           46 |               5
           47 |               4
           48 |               8
           49 |              10
           50 |               9
           51 |              14
           52 |              14
           53 |              19
           54 |              12
           55 |              15
           56 |              19
           57 |              35
           58 |              39
           59 |              21
           60 |              36
           61 |              48
           62 |              43
           63 |              39
           64 |              53
           65 |              46
           66 |              52
           67 |              38
           68 |              39
           69 |              41
           70 |              41
           71 |              41
           72 |              26
           73 |              34
           74 |              26
           75 |              21
           76 |              25
           77 |              25
           78 |              16
           79 |              13
           80 |               6
           81 |               9
           82 |               9
           83 |              11
           84 |               6
           85 |               6
           86 |               2
           87 |               3
           88 |               1
           89 |               3
           90 |               2
           91 |               0
           92 |               0
           93 |               0
           94 |               0
           95 |               0
           96 |               0
           97 |               0
           98 |               0
           99 |               0
          100 |               0
          101 |               0
          102 |               0
          103 |               0
          104 |               0
          105 |               0
          106 |               0
          107 |               0
          108 |               0
          109 |               0
          110 |               0
          111 |               0
          112 |               0
          113 |               0
          114 |               0
          115 |               0
          116 |               0
          117 |               0
          118 |               0
          119 |               0
          120 |               0
          121 |               0
          122 |               0
          123 |               0
          124 |               0
          125 |               0
          126 |               0
          127 |               0
          128 |               0
          129 |               0
          130 |               0
          131 |               0
          132 |               0
          133 |               0
          134 |               0
          135 |               0
          136 |               0
          137 |               0
          138 |               0
          139 |               0
          140 |               0
          141 |               0
          142 |               0
          143 |               0
          144 |               0
          145 |               0
          146 |               0
          147 |               0
          148 |               0
          149 |               0
          150 |               0
          151 |               0
          152 |               0
          153 |               0
          154 |               0
          155 |               0
          156 |               0
          157 |               0
          158 |               0
          159 |               0
          160 |               0
          161 |               0
          162 |               0
          163 |               0
          164 |               0
          165 |               0
          166 |               0
          167 |               0
          168 |               0
          169 |               0
          170 |               0
          171 |               0
          172 |               0
          173 |               0
          174 |               0
          175 |               0
          176 |               0
          177 |               0
          178 |               0
          179 |               0
          180 |               0
          181 |               0
          182 |               0
          183 |               0
          184 |               0
          185 |               0
          186 |               0
          187 |               0
          188 |               0
          189 |               0
          190 |               0
