MinCut number | SSize | Number of cuts
----------------------------------
----------------------------------
----------------------------------
----------------------------------
----------------------------------
----------------------------------
----------------------------------
----------------------------------
----------------------------------
----------------------------------
           29 |     1 |             7
           29 |     2 |             5
           29 |     3 |             2
           29 |     4 |             2
           29 |     5 |             0
           29 |     6 |             1
           29 |     7 |             0
           29 |     8 |             1
           29 |     9 |             0
           29 |    10 |             1
           29 |    11 |             0
           29 |    12 |             0
           29 |    13 |             0
           29 |    14 |             1
           29 |    15 |             2
           29 |    16 |             2
           29 |    17 |             2
           29 |    18 |             1
           29 |    19 |             2
----------------------------------
           30 |     1 |            16
           30 |     2 |             9
           30 |     3 |             2
           30 |     4 |             4
           30 |     5 |             3
           30 |     6 |             1
           30 |     7 |             0
           30 |     8 |             1
           30 |     9 |             0
           30 |    10 |             1
           30 |    11 |             1
           30 |    12 |             1
           30 |    13 |             2
           30 |    14 |             0
           30 |    15 |             2
           30 |    16 |             3
           30 |    17 |             3
           30 |    18 |             5
           30 |    19 |             6
----------------------------------
           31 |     1 |            42
           31 |     2 |            17
           31 |     3 |             9
           31 |     4 |             5
           31 |     5 |             3
           31 |     6 |             2
           31 |     7 |             3
           31 |     8 |             2
           31 |     9 |             3
           31 |    10 |             4
           31 |    11 |             5
           31 |    12 |             3
           31 |    13 |             5
           31 |    14 |             4
           31 |    15 |             5
           31 |    16 |             8
           31 |    17 |             7
           31 |    18 |             9
           31 |    19 |            19
----------------------------------
           32 |     1 |            40
           32 |     2 |            29
           32 |     3 |             9
           32 |     4 |             4
           32 |     5 |             6
           32 |     6 |             5
           32 |     7 |             2
           32 |     8 |             2
           32 |     9 |             3
           32 |    10 |             1
           32 |    11 |             1
           32 |    12 |             4
           32 |    13 |             3
           32 |    14 |             6
           32 |    15 |             2
           32 |    16 |             5
           32 |    17 |             7
           32 |    18 |            13
           32 |    19 |            18
----------------------------------
           33 |     1 |            70
           33 |     2 |            26
           33 |     3 |            13
           33 |     4 |             6
           33 |     5 |             7
           33 |     6 |             3
           33 |     7 |             3
           33 |     8 |             4
           33 |     9 |             3
           33 |    10 |             2
           33 |    11 |             3
           33 |    12 |             3
           33 |    13 |             3
           33 |    14 |             8
           33 |    15 |             7
           33 |    16 |            10
           33 |    17 |            12
           33 |    18 |            19
           33 |    19 |            29
----------------------------------
           34 |     1 |           119
           34 |     2 |            43
           34 |     3 |            24
           34 |     4 |            22
           34 |     5 |            16
           34 |     6 |            12
           34 |     7 |             7
           34 |     8 |            10
           34 |     9 |             6
           34 |    10 |             4
           34 |    11 |             5
           34 |    12 |            11
           34 |    13 |            13
           34 |    14 |            10
           34 |    15 |            17
           34 |    16 |            18
           34 |    17 |            21
           34 |    18 |            37
           34 |    19 |            47
----------------------------------
           35 |     1 |           198
           35 |     2 |            81
           35 |     3 |            46
           35 |     4 |            32
           35 |     5 |            22
           35 |     6 |            11
           35 |     7 |            17
           35 |     8 |            13
           35 |     9 |            12
           35 |    10 |            14
           35 |    11 |             9
           35 |    12 |            14
           35 |    13 |            17
           35 |    14 |            14
           35 |    15 |            20
           35 |    16 |            30
           35 |    17 |            26
           35 |    18 |            56
           35 |    19 |            68
----------------------------------
           36 |     1 |           207
           36 |     2 |            89
           36 |     3 |            51
           36 |     4 |            27
           36 |     5 |            31
           36 |     6 |            23
           36 |     7 |            15
           36 |     8 |            14
           36 |     9 |            13
           36 |    10 |            10
           36 |    11 |            10
           36 |    12 |            14
           36 |    13 |            20
           36 |    14 |            17
           36 |    15 |            20
           36 |    16 |            31
           36 |    17 |            48
           36 |    18 |            55
           36 |    19 |            61
----------------------------------
           37 |     1 |           303
           37 |     2 |           134
           37 |     3 |            68
           37 |     4 |            49
           37 |     5 |            39
           37 |     6 |            28
           37 |     7 |            19
           37 |     8 |            18
           37 |     9 |            27
           37 |    10 |            17
           37 |    11 |            19
           37 |    12 |            22
           37 |    13 |            26
           37 |    14 |            36
           37 |    15 |            29
           37 |    16 |            45
           37 |    17 |            62
           37 |    18 |            99
           37 |    19 |           107
----------------------------------
           38 |     1 |           398
           38 |     2 |           169
           38 |     3 |            94
           38 |     4 |            75
           38 |     5 |            58
           38 |     6 |            30
           38 |     7 |            37
           38 |     8 |            21
           38 |     9 |            28
           38 |    10 |            24
           38 |    11 |            33
           38 |    12 |            35
           38 |    13 |            32
           38 |    14 |            42
           38 |    15 |            41
           38 |    16 |            61
           38 |    17 |            82
           38 |    18 |           118
           38 |    19 |           142
----------------------------------
           39 |     1 |           584
           39 |     2 |           250
           39 |     3 |           148
           39 |     4 |           107
           39 |     5 |            81
           39 |     6 |            66
           39 |     7 |            51
           39 |     8 |            43
           39 |     9 |            33
           39 |    10 |            38
           39 |    11 |            52
           39 |    12 |            52
           39 |    13 |            46
           39 |    14 |            62
           39 |    15 |            72
           39 |    16 |           107
           39 |    17 |           120
           39 |    18 |           157
           39 |    19 |           232
----------------------------------
           40 |     1 |           656
           40 |     2 |           276
           40 |     3 |           173
           40 |     4 |           107
           40 |     5 |            90
           40 |     6 |            52
           40 |     7 |            55
           40 |     8 |            46
           40 |     9 |            35
           40 |    10 |            42
           40 |    11 |            56
           40 |    12 |            52
           40 |    13 |            51
           40 |    14 |            73
           40 |    15 |            88
           40 |    16 |            94
           40 |    17 |           156
           40 |    18 |           191
           40 |    19 |           227
----------------------------------
           41 |     1 |           716
           41 |     2 |           295
           41 |     3 |           183
           41 |     4 |           123
           41 |     5 |            87
           41 |     6 |            74
           41 |     7 |            70
           41 |     8 |            65
           41 |     9 |            63
           41 |    10 |            59
           41 |    11 |            64
           41 |    12 |            63
           41 |    13 |            69
           41 |    14 |            81
           41 |    15 |           107
           41 |    16 |           128
           41 |    17 |           153
           41 |    18 |           215
           41 |    19 |           255
----------------------------------
           42 |     1 |           685
           42 |     2 |           305
           42 |     3 |           180
           42 |     4 |           123
           42 |     5 |            91
           42 |     6 |            78
           42 |     7 |            76
           42 |     8 |            59
           42 |     9 |            53
           42 |    10 |            54
           42 |    11 |            45
           42 |    12 |            66
           42 |    13 |            67
           42 |    14 |            72
           42 |    15 |            90
           42 |    16 |            98
           42 |    17 |           133
           42 |    18 |           203
           42 |    19 |           252
----------------------------------
           43 |     1 |           478
           43 |     2 |           219
           43 |     3 |           125
           43 |     4 |           100
           43 |     5 |            76
           43 |     6 |            56
           43 |     7 |            53
           43 |     8 |            54
           43 |     9 |            53
           43 |    10 |            38
           43 |    11 |            45
           43 |    12 |            39
           43 |    13 |            60
           43 |    14 |            66
           43 |    15 |            74
           43 |    16 |            96
           43 |    17 |           111
           43 |    18 |           138
           43 |    19 |           183
----------------------------------
           44 |     1 |           535
           44 |     2 |           243
           44 |     3 |           157
           44 |     4 |            97
           44 |     5 |            91
           44 |     6 |            72
           44 |     7 |            61
           44 |     8 |            55
           44 |     9 |            48
           44 |    10 |            48
           44 |    11 |            48
           44 |    12 |            57
           44 |    13 |            69
           44 |    14 |            64
           44 |    15 |            80
           44 |    16 |            97
           44 |    17 |           116
           44 |    18 |           164
           44 |    19 |           186
----------------------------------
           45 |     1 |           511
           45 |     2 |           245
           45 |     3 |           140
           45 |     4 |           110
           45 |     5 |            84
           45 |     6 |            71
           45 |     7 |            59
           45 |     8 |            59
           45 |     9 |            57
           45 |    10 |            55
           45 |    11 |            61
           45 |    12 |            49
           45 |    13 |            66
           45 |    14 |            69
           45 |    15 |            80
           45 |    16 |            99
           45 |    17 |           109
           45 |    18 |           145
           45 |    19 |           181
----------------------------------
           46 |     1 |           617
           46 |     2 |           269
           46 |     3 |           176
           46 |     4 |           112
           46 |     5 |           105
           46 |     6 |            79
           46 |     7 |            75
           46 |     8 |            66
           46 |     9 |            59
           46 |    10 |            58
           46 |    11 |            57
           46 |    12 |            65
           46 |    13 |            73
           46 |    14 |            95
           46 |    15 |            99
           46 |    16 |           128
           46 |    17 |           154
           46 |    18 |           182
           46 |    19 |           245
----------------------------------
           47 |     1 |           552
           47 |     2 |           270
           47 |     3 |           157
           47 |     4 |           117
           47 |     5 |            93
           47 |     6 |            73
           47 |     7 |            59
           47 |     8 |            55
           47 |     9 |            66
           47 |    10 |            63
           47 |    11 |            49
           47 |    12 |            57
           47 |    13 |            70
           47 |    14 |            79
           47 |    15 |            75
           47 |    16 |           107
           47 |    17 |           141
           47 |    18 |           181
           47 |    19 |           227
----------------------------------
           48 |     1 |           472
           48 |     2 |           218
           48 |     3 |           126
           48 |     4 |           109
           48 |     5 |            72
           48 |     6 |            67
           48 |     7 |            46
           48 |     8 |            57
           48 |     9 |            56
           48 |    10 |            51
           48 |    11 |            43
           48 |    12 |            57
           48 |    13 |            52
           48 |    14 |            62
           48 |    15 |            73
           48 |    16 |            91
           48 |    17 |            96
           48 |    18 |           153
           48 |    19 |           163
----------------------------------
           49 |     1 |           521
           49 |     2 |           246
           49 |     3 |           172
           49 |     4 |           115
           49 |     5 |            91
           49 |     6 |            70
           49 |     7 |            60
           49 |     8 |            57
           49 |     9 |            67
           49 |    10 |            65
           49 |    11 |            63
           49 |    12 |            63
           49 |    13 |            76
           49 |    14 |            87
           49 |    15 |            92
           49 |    16 |           106
           49 |    17 |           126
           49 |    18 |           167
           49 |    19 |           206
----------------------------------
           50 |     1 |           520
           50 |     2 |           233
           50 |     3 |           153
           50 |     4 |           109
           50 |     5 |            96
           50 |     6 |            81
           50 |     7 |            72
           50 |     8 |            74
           50 |     9 |            66
           50 |    10 |            65
           50 |    11 |            54
           50 |    12 |            61
           50 |    13 |            68
           50 |    14 |            80
           50 |    15 |            82
           50 |    16 |            95
           50 |    17 |           127
           50 |    18 |           171
           50 |    19 |           193
----------------------------------
           51 |     1 |           452
           51 |     2 |           235
           51 |     3 |           163
           51 |     4 |           108
           51 |     5 |            84
           51 |     6 |            68
           51 |     7 |            59
           51 |     8 |            62
           51 |     9 |            55
           51 |    10 |            59
           51 |    11 |            53
           51 |    12 |            56
           51 |    13 |            70
           51 |    14 |            70
           51 |    15 |            86
           51 |    16 |            86
           51 |    17 |           101
           51 |    18 |           144
           51 |    19 |           182
----------------------------------
           52 |     1 |           245
           52 |     2 |           116
           52 |     3 |            74
           52 |     4 |            70
           52 |     5 |            51
           52 |     6 |            41
           52 |     7 |            34
           52 |     8 |            31
           52 |     9 |            26
           52 |    10 |            31
           52 |    11 |            30
           52 |    12 |            34
           52 |    13 |            34
           52 |    14 |            42
           52 |    15 |            58
           52 |    16 |            54
           52 |    17 |            60
           52 |    18 |            70
           52 |    19 |            95
----------------------------------
           53 |     1 |           288
           53 |     2 |           143
           53 |     3 |            92
           53 |     4 |            70
           53 |     5 |            66
           53 |     6 |            58
           53 |     7 |            43
           53 |     8 |            26
           53 |     9 |            32
           53 |    10 |            36
           53 |    11 |            38
           53 |    12 |            47
           53 |    13 |            43
           53 |    14 |            44
           53 |    15 |            50
           53 |    16 |            58
           53 |    17 |            76
           53 |    18 |           103
           53 |    19 |           118
----------------------------------
           54 |     1 |           230
           54 |     2 |           107
           54 |     3 |            68
           54 |     4 |            57
           54 |     5 |            48
           54 |     6 |            46
           54 |     7 |            37
           54 |     8 |            37
           54 |     9 |            27
           54 |    10 |            41
           54 |    11 |            31
           54 |    12 |            50
           54 |    13 |            44
           54 |    14 |            38
           54 |    15 |            47
           54 |    16 |            55
           54 |    17 |            72
           54 |    18 |            66
           54 |    19 |            87
----------------------------------
           55 |     1 |           151
           55 |     2 |            61
           55 |     3 |            46
           55 |     4 |            28
           55 |     5 |            23
           55 |     6 |            20
           55 |     7 |            25
           55 |     8 |            19
           55 |     9 |            25
           55 |    10 |            18
           55 |    11 |            19
           55 |    12 |            25
           55 |    13 |            24
           55 |    14 |            24
           55 |    15 |            31
           55 |    16 |            42
           55 |    17 |            44
           55 |    18 |            41
           55 |    19 |            49
----------------------------------
           56 |     1 |           177
           56 |     2 |            97
           56 |     3 |            56
           56 |     4 |            54
           56 |     5 |            38
           56 |     6 |            39
           56 |     7 |            35
           56 |     8 |            33
           56 |     9 |            29
           56 |    10 |            25
           56 |    11 |            31
           56 |    12 |            26
           56 |    13 |            32
           56 |    14 |            32
           56 |    15 |            34
           56 |    16 |            34
           56 |    17 |            45
           56 |    18 |            67
           56 |    19 |            68
----------------------------------
           57 |     1 |           156
           57 |     2 |            80
           57 |     3 |            56
           57 |     4 |            44
           57 |     5 |            36
           57 |     6 |            34
           57 |     7 |            31
           57 |     8 |            30
           57 |     9 |            33
           57 |    10 |            25
           57 |    11 |            30
           57 |    12 |            26
           57 |    13 |            26
           57 |    14 |            31
           57 |    15 |            29
           57 |    16 |            32
           57 |    17 |            39
           57 |    18 |            56
           57 |    19 |            61
----------------------------------
           58 |     1 |            76
           58 |     2 |            39
           58 |     3 |            27
           58 |     4 |            26
           58 |     5 |            18
           58 |     6 |            12
           58 |     7 |            13
           58 |     8 |            16
           58 |     9 |            17
           58 |    10 |            14
           58 |    11 |            14
           58 |    12 |            11
           58 |    13 |            14
           58 |    14 |             9
           58 |    15 |            13
           58 |    16 |            20
           58 |    17 |            18
           58 |    18 |            25
           58 |    19 |            24
----------------------------------
           59 |     1 |            65
           59 |     2 |            37
           59 |     3 |            25
           59 |     4 |            22
           59 |     5 |            18
           59 |     6 |            11
           59 |     7 |             7
           59 |     8 |            11
           59 |     9 |             8
           59 |    10 |            10
           59 |    11 |            13
           59 |    12 |            10
           59 |    13 |            13
           59 |    14 |            10
           59 |    15 |            19
           59 |    16 |            16
           59 |    17 |            19
           59 |    18 |            19
           59 |    19 |            21
----------------------------------
           60 |     1 |            58
           60 |     2 |            32
           60 |     3 |            13
           60 |     4 |            15
           60 |     5 |            11
           60 |     6 |             8
           60 |     7 |            11
           60 |     8 |             9
           60 |     9 |             6
           60 |    10 |            12
           60 |    11 |             7
           60 |    12 |             8
           60 |    13 |             9
           60 |    14 |            11
           60 |    15 |            11
           60 |    16 |            14
           60 |    17 |            16
           60 |    18 |            25
           60 |    19 |            24
----------------------------------
           61 |     1 |            46
           61 |     2 |            22
           61 |     3 |            13
           61 |     4 |            10
           61 |     5 |            10
           61 |     6 |            10
           61 |     7 |             9
           61 |     8 |            11
           61 |     9 |            13
           61 |    10 |             4
           61 |    11 |             7
           61 |    12 |            10
           61 |    13 |             9
           61 |    14 |             8
           61 |    15 |             7
           61 |    16 |            13
           61 |    17 |            12
           61 |    18 |            13
           61 |    19 |            17
----------------------------------
           62 |     1 |            54
           62 |     2 |            28
           62 |     3 |            17
           62 |     4 |            14
           62 |     5 |            18
           62 |     6 |            10
           62 |     7 |             9
           62 |     8 |            12
           62 |     9 |             8
           62 |    10 |            11
           62 |    11 |            13
           62 |    12 |            14
           62 |    13 |            10
           62 |    14 |            10
           62 |    15 |            14
           62 |    16 |            10
           62 |    17 |            19
           62 |    18 |            24
           62 |    19 |            15
----------------------------------
           63 |     1 |            25
           63 |     2 |             7
           63 |     3 |             7
           63 |     4 |             6
           63 |     5 |             5
           63 |     6 |             4
           63 |     7 |             3
           63 |     8 |             2
           63 |     9 |             4
           63 |    10 |             3
           63 |    11 |             3
           63 |    12 |             4
           63 |    13 |             7
           63 |    14 |             6
           63 |    15 |             5
           63 |    16 |             8
           63 |    17 |             6
           63 |    18 |            11
           63 |    19 |            10
----------------------------------
           64 |     1 |            20
           64 |     2 |             6
           64 |     3 |             9
           64 |     4 |             7
           64 |     5 |             7
           64 |     6 |             7
           64 |     7 |             5
           64 |     8 |             5
           64 |     9 |             5
           64 |    10 |             4
           64 |    11 |             6
           64 |    12 |             7
           64 |    13 |             5
           64 |    14 |             4
           64 |    15 |             3
           64 |    16 |             6
           64 |    17 |             7
           64 |    18 |             7
           64 |    19 |             8
----------------------------------
----------------------------------
----------------------------------
----------------------------------
           68 |     1 |             9
           68 |     2 |             8
           68 |     3 |             3
           68 |     4 |             3
           68 |     5 |             5
           68 |     6 |             5
           68 |     7 |             4
           68 |     8 |             5
           68 |     9 |             3
           68 |    10 |             3
           68 |    11 |             3
           68 |    12 |             1
           68 |    13 |             1
           68 |    14 |             2
           68 |    15 |             3
           68 |    16 |             2
           68 |    17 |             3
           68 |    18 |             1
           68 |    19 |             4
----------------------------------
           69 |     1 |            11
           69 |     2 |             3
           69 |     3 |             4
           69 |     4 |             3
           69 |     5 |             4
           69 |     6 |             5
           69 |     7 |             3
           69 |     8 |             4
           69 |     9 |             1
           69 |    10 |             2
           69 |    11 |             5
           69 |    12 |             2
           69 |    13 |             4
           69 |    14 |             3
           69 |    15 |             4
           69 |    16 |             3
           69 |    17 |             3
           69 |    18 |             2
           69 |    19 |             3
----------------------------------
----------------------------------
           71 |     1 |            10
           71 |     2 |             9
           71 |     3 |             7
           71 |     4 |             4
           71 |     5 |             5
           71 |     6 |             3
           71 |     7 |             2
           71 |     8 |             3
           71 |     9 |             4
           71 |    10 |             2
           71 |    11 |             2
           71 |    12 |             2
           71 |    13 |             1
           71 |    14 |             1
           71 |    15 |             2
           71 |    16 |             3
           71 |    17 |             6
           71 |    18 |             3
           71 |    19 |             2
----------------------------------
----------------------------------
           73 |     1 |            12
           73 |     2 |             6
           73 |     3 |             3
           73 |     4 |             2
           73 |     5 |             3
           73 |     6 |             3
           73 |     7 |             1
           73 |     8 |             2
           73 |     9 |             3
           73 |    10 |             4
           73 |    11 |             3
           73 |    12 |             3
           73 |    13 |             3
           73 |    14 |             3
           73 |    15 |             4
           73 |    16 |             4
           73 |    17 |             3
           73 |    18 |             5
           73 |    19 |             6
----------------------------------
----------------------------------
----------------------------------
----------------------------------
----------------------------------
----------------------------------
----------------------------------
----------------------------------
----------------------------------
----------------------------------
----------------------------------
----------------------------------
----------------------------------
----------------------------------
----------------------------------
----------------------------------
----------------------------------
----------------------------------
----------------------------------
----------------------------------
----------------------------------
----------------------------------
----------------------------------
----------------------------------
----------------------------------
----------------------------------
----------------------------------
----------------------------------
----------------------------------
----------------------------------
----------------------------------
----------------------------------
----------------------------------
----------------------------------
----------------------------------
----------------------------------
----------------------------------
----------------------------------
----------------------------------
----------------------------------
----------------------------------
----------------------------------
----------------------------------
----------------------------------
----------------------------------
----------------------------------
----------------------------------
----------------------------------
----------------------------------
----------------------------------
----------------------------------
----------------------------------
----------------------------------
----------------------------------
----------------------------------
----------------------------------
----------------------------------
----------------------------------
----------------------------------
----------------------------------
----------------------------------
----------------------------------
----------------------------------
----------------------------------
----------------------------------
----------------------------------
----------------------------------
----------------------------------
----------------------------------
----------------------------------
----------------------------------
----------------------------------
----------------------------------
----------------------------------
----------------------------------
----------------------------------
----------------------------------
----------------------------------
----------------------------------
----------------------------------
----------------------------------
----------------------------------
----------------------------------
----------------------------------
----------------------------------
----------------------------------
----------------------------------
----------------------------------
----------------------------------
----------------------------------
----------------------------------
----------------------------------
----------------------------------
----------------------------------
----------------------------------
----------------------------------
----------------------------------
----------------------------------
----------------------------------
----------------------------------
----------------------------------
----------------------------------
----------------------------------
----------------------------------
----------------------------------
----------------------------------
----------------------------------
----------------------------------
----------------------------------
----------------------------------
----------------------------------
----------------------------------
----------------------------------
----------------------------------
----------------------------------
----------------------------------
----------------------------------
----------------------------------
