MinCut number | SSize | Number of cuts
----------------------------------
----------------------------------
----------------------------------
----------------------------------
----------------------------------
----------------------------------
----------------------------------
----------------------------------
----------------------------------
----------------------------------
----------------------------------
----------------------------------
----------------------------------
----------------------------------
----------------------------------
----------------------------------
----------------------------------
----------------------------------
----------------------------------
----------------------------------
----------------------------------
----------------------------------
----------------------------------
----------------------------------
----------------------------------
----------------------------------
           45 |     1 |            16
           45 |     2 |             6
           45 |     3 |             2
           45 |     4 |             0
           45 |     5 |             0
           45 |     6 |             0
           45 |     7 |             1
           45 |     8 |             0
           45 |     9 |             1
           45 |    10 |             0
           45 |    11 |             1
           45 |    12 |             1
           45 |    13 |             0
           45 |    14 |             1
           45 |    15 |             1
           45 |    16 |             1
           45 |    17 |             4
           45 |    18 |             6
           45 |    19 |             4
----------------------------------
----------------------------------
           47 |     1 |            63
           47 |     2 |            21
           47 |     3 |             9
           47 |     4 |             9
           47 |     5 |             5
           47 |     6 |             2
           47 |     7 |             2
           47 |     8 |             4
           47 |     9 |             1
           47 |    10 |             3
           47 |    11 |             1
           47 |    12 |             3
           47 |    13 |             2
           47 |    14 |             4
           47 |    15 |             7
           47 |    16 |             7
           47 |    17 |            13
           47 |    18 |            11
           47 |    19 |            21
----------------------------------
           48 |     1 |            46
           48 |     2 |            17
           48 |     3 |            10
           48 |     4 |             7
           48 |     5 |             3
           48 |     6 |             3
           48 |     7 |             3
           48 |     8 |             2
           48 |     9 |             3
           48 |    10 |             2
           48 |    11 |             6
           48 |    12 |             2
           48 |    13 |             3
           48 |    14 |             2
           48 |    15 |             4
           48 |    16 |             3
           48 |    17 |             6
           48 |    18 |            10
           48 |    19 |            12
----------------------------------
           49 |     1 |            79
           49 |     2 |            27
           49 |     3 |            16
           49 |     4 |             9
           49 |     5 |             4
           49 |     6 |             7
           49 |     7 |             2
           49 |     8 |             1
           49 |     9 |             1
           49 |    10 |             2
           49 |    11 |             4
           49 |    12 |             5
           49 |    13 |             6
           49 |    14 |             6
           49 |    15 |            17
           49 |    16 |            11
           49 |    17 |            11
           49 |    18 |            18
           49 |    19 |            19
----------------------------------
           50 |     1 |           151
           50 |     2 |            62
           50 |     3 |            33
           50 |     4 |            18
           50 |     5 |            11
           50 |     6 |             8
           50 |     7 |             8
           50 |     8 |            10
           50 |     9 |             7
           50 |    10 |             5
           50 |    11 |             5
           50 |    12 |             6
           50 |    13 |            11
           50 |    14 |            13
           50 |    15 |            13
           50 |    16 |            17
           50 |    17 |            31
           50 |    18 |            40
           50 |    19 |            51
----------------------------------
           51 |     1 |           217
           51 |     2 |            77
           51 |     3 |            46
           51 |     4 |            36
           51 |     5 |            21
           51 |     6 |            23
           51 |     7 |            16
           51 |     8 |            20
           51 |     9 |            12
           51 |    10 |            14
           51 |    11 |            15
           51 |    12 |             9
           51 |    13 |             7
           51 |    14 |            13
           51 |    15 |            16
           51 |    16 |            25
           51 |    17 |            40
           51 |    18 |            41
           51 |    19 |            66
----------------------------------
           52 |     1 |           459
           52 |     2 |           177
           52 |     3 |            91
           52 |     4 |            68
           52 |     5 |            48
           52 |     6 |            43
           52 |     7 |            37
           52 |     8 |            30
           52 |     9 |            30
           52 |    10 |            31
           52 |    11 |            22
           52 |    12 |            29
           52 |    13 |            31
           52 |    14 |            32
           52 |    15 |            47
           52 |    16 |            62
           52 |    17 |            81
           52 |    18 |            97
           52 |    19 |           145
----------------------------------
           53 |     1 |           366
           53 |     2 |           140
           53 |     3 |            74
           53 |     4 |            59
           53 |     5 |            43
           53 |     6 |            37
           53 |     7 |            22
           53 |     8 |            24
           53 |     9 |            21
           53 |    10 |            23
           53 |    11 |            22
           53 |    12 |            23
           53 |    13 |            22
           53 |    14 |            33
           53 |    15 |            32
           53 |    16 |            60
           53 |    17 |            69
           53 |    18 |            90
           53 |    19 |           112
----------------------------------
           54 |     1 |           367
           54 |     2 |           153
           54 |     3 |            82
           54 |     4 |            51
           54 |     5 |            38
           54 |     6 |            34
           54 |     7 |            25
           54 |     8 |            17
           54 |     9 |            25
           54 |    10 |            24
           54 |    11 |            21
           54 |    12 |            23
           54 |    13 |            34
           54 |    14 |            34
           54 |    15 |            41
           54 |    16 |            45
           54 |    17 |            70
           54 |    18 |            90
           54 |    19 |           122
----------------------------------
           55 |     1 |           499
           55 |     2 |           215
           55 |     3 |           119
           55 |     4 |            70
           55 |     5 |            61
           55 |     6 |            43
           55 |     7 |            35
           55 |     8 |            33
           55 |     9 |            23
           55 |    10 |            30
           55 |    11 |            36
           55 |    12 |            45
           55 |    13 |            37
           55 |    14 |            55
           55 |    15 |            52
           55 |    16 |            60
           55 |    17 |            81
           55 |    18 |           113
           55 |    19 |           153
----------------------------------
           56 |     1 |           574
           56 |     2 |           233
           56 |     3 |           142
           56 |     4 |            96
           56 |     5 |            68
           56 |     6 |            61
           56 |     7 |            40
           56 |     8 |            37
           56 |     9 |            32
           56 |    10 |            45
           56 |    11 |            39
           56 |    12 |            44
           56 |    13 |            38
           56 |    14 |            52
           56 |    15 |            67
           56 |    16 |            76
           56 |    17 |           103
           56 |    18 |           145
           56 |    19 |           180
----------------------------------
           57 |     1 |           774
           57 |     2 |           305
           57 |     3 |           186
           57 |     4 |           124
           57 |     5 |           101
           57 |     6 |            66
           57 |     7 |            55
           57 |     8 |            51
           57 |     9 |            53
           57 |    10 |            57
           57 |    11 |            53
           57 |    12 |            48
           57 |    13 |            64
           57 |    14 |            72
           57 |    15 |            90
           57 |    16 |           109
           57 |    17 |           145
           57 |    18 |           192
           57 |    19 |           248
----------------------------------
           58 |     1 |           998
           58 |     2 |           403
           58 |     3 |           242
           58 |     4 |           154
           58 |     5 |           127
           58 |     6 |           111
           58 |     7 |            98
           58 |     8 |            80
           58 |     9 |            69
           58 |    10 |            62
           58 |    11 |            79
           58 |    12 |            86
           58 |    13 |            91
           58 |    14 |            94
           58 |    15 |           122
           58 |    16 |           140
           58 |    17 |           182
           58 |    18 |           243
           58 |    19 |           331
----------------------------------
           59 |     1 |           672
           59 |     2 |           285
           59 |     3 |           176
           59 |     4 |           118
           59 |     5 |            86
           59 |     6 |            68
           59 |     7 |            64
           59 |     8 |            72
           59 |     9 |            65
           59 |    10 |            66
           59 |    11 |            54
           59 |    12 |            58
           59 |    13 |            51
           59 |    14 |            62
           59 |    15 |            73
           59 |    16 |            92
           59 |    17 |           129
           59 |    18 |           148
           59 |    19 |           198
----------------------------------
           60 |     1 |           784
           60 |     2 |           325
           60 |     3 |           207
           60 |     4 |           148
           60 |     5 |           107
           60 |     6 |            83
           60 |     7 |            76
           60 |     8 |            68
           60 |     9 |            71
           60 |    10 |            69
           60 |    11 |            66
           60 |    12 |            67
           60 |    13 |            73
           60 |    14 |            89
           60 |    15 |            98
           60 |    16 |           115
           60 |    17 |           137
           60 |    18 |           182
           60 |    19 |           235
----------------------------------
           61 |     1 |           791
           61 |     2 |           345
           61 |     3 |           186
           61 |     4 |           142
           61 |     5 |            98
           61 |     6 |            97
           61 |     7 |            87
           61 |     8 |            79
           61 |     9 |            76
           61 |    10 |            71
           61 |    11 |            73
           61 |    12 |            57
           61 |    13 |            78
           61 |    14 |            86
           61 |    15 |           106
           61 |    16 |           130
           61 |    17 |           148
           61 |    18 |           198
           61 |    19 |           263
----------------------------------
           62 |     1 |           810
           62 |     2 |           349
           62 |     3 |           217
           62 |     4 |           150
           62 |     5 |           111
           62 |     6 |            91
           62 |     7 |            89
           62 |     8 |            69
           62 |     9 |            73
           62 |    10 |            59
           62 |    11 |            57
           62 |    12 |            80
           62 |    13 |            93
           62 |    14 |            91
           62 |    15 |           104
           62 |    16 |           141
           62 |    17 |           176
           62 |    18 |           206
           62 |    19 |           258
----------------------------------
           63 |     1 |           761
           63 |     2 |           339
           63 |     3 |           206
           63 |     4 |           139
           63 |     5 |           117
           63 |     6 |            93
           63 |     7 |            81
           63 |     8 |            75
           63 |     9 |            61
           63 |    10 |            79
           63 |    11 |            73
           63 |    12 |            80
           63 |    13 |            71
           63 |    14 |            78
           63 |    15 |           104
           63 |    16 |           116
           63 |    17 |           156
           63 |    18 |           198
           63 |    19 |           260
----------------------------------
           64 |     1 |           780
           64 |     2 |           347
           64 |     3 |           222
           64 |     4 |           154
           64 |     5 |           132
           64 |     6 |           123
           64 |     7 |            94
           64 |     8 |            88
           64 |     9 |            71
           64 |    10 |            76
           64 |    11 |            81
           64 |    12 |            80
           64 |    13 |            84
           64 |    14 |            97
           64 |    15 |           105
           64 |    16 |           109
           64 |    17 |           136
           64 |    18 |           184
           64 |    19 |           237
----------------------------------
           65 |     1 |           661
           65 |     2 |           306
           65 |     3 |           186
           65 |     4 |           126
           65 |     5 |            96
           65 |     6 |            83
           65 |     7 |            80
           65 |     8 |            75
           65 |     9 |            74
           65 |    10 |            70
           65 |    11 |            75
           65 |    12 |            63
           65 |    13 |            73
           65 |    14 |            92
           65 |    15 |            97
           65 |    16 |           107
           65 |    17 |           131
           65 |    18 |           179
           65 |    19 |           221
----------------------------------
           66 |     1 |           677
           66 |     2 |           307
           66 |     3 |           215
           66 |     4 |           134
           66 |     5 |           111
           66 |     6 |           100
           66 |     7 |            87
           66 |     8 |            71
           66 |     9 |            77
           66 |    10 |            66
           66 |    11 |            56
           66 |    12 |            69
           66 |    13 |            84
           66 |    14 |            89
           66 |    15 |            99
           66 |    16 |           113
           66 |    17 |           135
           66 |    18 |           176
           66 |    19 |           238
----------------------------------
           67 |     1 |           706
           67 |     2 |           317
           67 |     3 |           202
           67 |     4 |           146
           67 |     5 |           123
           67 |     6 |           102
           67 |     7 |            78
           67 |     8 |            69
           67 |     9 |            68
           67 |    10 |            65
           67 |    11 |            78
           67 |    12 |            83
           67 |    13 |            80
           67 |    14 |            99
           67 |    15 |            94
           67 |    16 |           120
           67 |    17 |           147
           67 |    18 |           193
           67 |    19 |           245
----------------------------------
           68 |     1 |           537
           68 |     2 |           245
           68 |     3 |           140
           68 |     4 |           113
           68 |     5 |            95
           68 |     6 |            71
           68 |     7 |            68
           68 |     8 |            57
           68 |     9 |            63
           68 |    10 |            62
           68 |    11 |            62
           68 |    12 |            72
           68 |    13 |            64
           68 |    14 |            73
           68 |    15 |            79
           68 |    16 |            96
           68 |    17 |           103
           68 |    18 |           133
           68 |    19 |           179
----------------------------------
           69 |     1 |           500
           69 |     2 |           226
           69 |     3 |           150
           69 |     4 |           120
           69 |     5 |            87
           69 |     6 |            71
           69 |     7 |            65
           69 |     8 |            59
           69 |     9 |            48
           69 |    10 |            52
           69 |    11 |            63
           69 |    12 |            59
           69 |    13 |            67
           69 |    14 |            70
           69 |    15 |            83
           69 |    16 |            83
           69 |    17 |           111
           69 |    18 |           129
           69 |    19 |           165
----------------------------------
           70 |     1 |           462
           70 |     2 |           211
           70 |     3 |           133
           70 |     4 |           100
           70 |     5 |            72
           70 |     6 |            64
           70 |     7 |            52
           70 |     8 |            54
           70 |     9 |            51
           70 |    10 |            54
           70 |    11 |            52
           70 |    12 |            62
           70 |    13 |            63
           70 |    14 |            73
           70 |    15 |            81
           70 |    16 |            87
           70 |    17 |            96
           70 |    18 |           105
           70 |    19 |           158
----------------------------------
           71 |     1 |           336
           71 |     2 |           161
           71 |     3 |            90
           71 |     4 |            68
           71 |     5 |            61
           71 |     6 |            57
           71 |     7 |            51
           71 |     8 |            37
           71 |     9 |            43
           71 |    10 |            36
           71 |    11 |            40
           71 |    12 |            39
           71 |    13 |            42
           71 |    14 |            52
           71 |    15 |            51
           71 |    16 |            63
           71 |    17 |            70
           71 |    18 |            81
           71 |    19 |           113
----------------------------------
           72 |     1 |           303
           72 |     2 |           141
           72 |     3 |           100
           72 |     4 |            68
           72 |     5 |            64
           72 |     6 |            51
           72 |     7 |            40
           72 |     8 |            34
           72 |     9 |            42
           72 |    10 |            39
           72 |    11 |            29
           72 |    12 |            36
           72 |    13 |            36
           72 |    14 |            50
           72 |    15 |            47
           72 |    16 |            51
           72 |    17 |            65
           72 |    18 |            74
           72 |    19 |            98
----------------------------------
           73 |     1 |           344
           73 |     2 |           155
           73 |     3 |           100
           73 |     4 |            74
           73 |     5 |            71
           73 |     6 |            54
           73 |     7 |            52
           73 |     8 |            52
           73 |     9 |            45
           73 |    10 |            40
           73 |    11 |            47
           73 |    12 |            43
           73 |    13 |            53
           73 |    14 |            53
           73 |    15 |            55
           73 |    16 |            66
           73 |    17 |            83
           73 |    18 |            95
           73 |    19 |           124
----------------------------------
           74 |     1 |           344
           74 |     2 |           162
           74 |     3 |           105
           74 |     4 |            81
           74 |     5 |            61
           74 |     6 |            53
           74 |     7 |            46
           74 |     8 |            44
           74 |     9 |            38
           74 |    10 |            47
           74 |    11 |            49
           74 |    12 |            52
           74 |    13 |            49
           74 |    14 |            57
           74 |    15 |            64
           74 |    16 |            77
           74 |    17 |            80
           74 |    18 |           103
           74 |    19 |           116
----------------------------------
           75 |     1 |           311
           75 |     2 |           146
           75 |     3 |           106
           75 |     4 |            82
           75 |     5 |            57
           75 |     6 |            53
           75 |     7 |            54
           75 |     8 |            56
           75 |     9 |            53
           75 |    10 |            47
           75 |    11 |            48
           75 |    12 |            43
           75 |    13 |            49
           75 |    14 |            41
           75 |    15 |            46
           75 |    16 |            56
           75 |    17 |            70
           75 |    18 |            82
           75 |    19 |           100
----------------------------------
           76 |     1 |           137
           76 |     2 |            65
           76 |     3 |            49
           76 |     4 |            40
           76 |     5 |            35
           76 |     6 |            27
           76 |     7 |            24
           76 |     8 |            29
           76 |     9 |            27
           76 |    10 |            21
           76 |    11 |            19
           76 |    12 |            19
           76 |    13 |            17
           76 |    14 |            19
           76 |    15 |            22
           76 |    16 |            23
           76 |    17 |            27
           76 |    18 |            38
           76 |    19 |            46
----------------------------------
           77 |     1 |           210
           77 |     2 |           106
           77 |     3 |            71
           77 |     4 |            61
           77 |     5 |            45
           77 |     6 |            48
           77 |     7 |            46
           77 |     8 |            39
           77 |     9 |            39
           77 |    10 |            36
           77 |    11 |            37
           77 |    12 |            30
           77 |    13 |            34
           77 |    14 |            34
           77 |    15 |            35
           77 |    16 |            39
           77 |    17 |            43
           77 |    18 |            56
           77 |    19 |            69
----------------------------------
           78 |     1 |           125
           78 |     2 |            62
           78 |     3 |            37
           78 |     4 |            36
           78 |     5 |            29
           78 |     6 |            23
           78 |     7 |            25
           78 |     8 |            24
           78 |     9 |            20
           78 |    10 |            19
           78 |    11 |            16
           78 |    12 |            15
           78 |    13 |            16
           78 |    14 |            19
           78 |    15 |            23
           78 |    16 |            27
           78 |    17 |            25
           78 |    18 |            42
           78 |    19 |            41
----------------------------------
           79 |     1 |           109
           79 |     2 |            54
           79 |     3 |            36
           79 |     4 |            30
           79 |     5 |            21
           79 |     6 |            19
           79 |     7 |            16
           79 |     8 |            17
           79 |     9 |            21
           79 |    10 |            16
           79 |    11 |            17
           79 |    12 |            21
           79 |    13 |            19
           79 |    14 |            19
           79 |    15 |            22
           79 |    16 |            22
           79 |    17 |            29
           79 |    18 |            33
           79 |    19 |            32
----------------------------------
           80 |     1 |            47
           80 |     2 |            23
           80 |     3 |            12
           80 |     4 |            10
           80 |     5 |             9
           80 |     6 |             8
           80 |     7 |             7
           80 |     8 |             7
           80 |     9 |            13
           80 |    10 |             8
           80 |    11 |            11
           80 |    12 |            11
           80 |    13 |             7
           80 |    14 |            10
           80 |    15 |             9
           80 |    16 |            12
           80 |    17 |             8
           80 |    18 |            16
           80 |    19 |            12
----------------------------------
           81 |     1 |            76
           81 |     2 |            38
           81 |     3 |            23
           81 |     4 |            19
           81 |     5 |            16
           81 |     6 |            18
           81 |     7 |            15
           81 |     8 |            12
           81 |     9 |            16
           81 |    10 |            14
           81 |    11 |            13
           81 |    12 |            12
           81 |    13 |            15
           81 |    14 |            15
           81 |    15 |            16
           81 |    16 |            17
           81 |    17 |            25
           81 |    18 |            22
           81 |    19 |            23
----------------------------------
           82 |     1 |            65
           82 |     2 |            28
           82 |     3 |            24
           82 |     4 |            18
           82 |     5 |            17
           82 |     6 |            12
           82 |     7 |            12
           82 |     8 |            13
           82 |     9 |             9
           82 |    10 |            14
           82 |    11 |            13
           82 |    12 |            11
           82 |    13 |             9
           82 |    14 |            11
           82 |    15 |             9
           82 |    16 |            11
           82 |    17 |            17
           82 |    18 |            14
           82 |    19 |            21
----------------------------------
           83 |     1 |            62
           83 |     2 |            32
           83 |     3 |            23
           83 |     4 |            17
           83 |     5 |            19
           83 |     6 |            13
           83 |     7 |            17
           83 |     8 |            12
           83 |     9 |            11
           83 |    10 |             9
           83 |    11 |            11
           83 |    12 |            10
           83 |    13 |            12
           83 |    14 |            11
           83 |    15 |            12
           83 |    16 |            12
           83 |    17 |            18
           83 |    18 |            17
           83 |    19 |            14
----------------------------------
           84 |     1 |            31
           84 |     2 |            15
           84 |     3 |            12
           84 |     4 |             9
           84 |     5 |             7
           84 |     6 |             4
           84 |     7 |             6
           84 |     8 |             5
           84 |     9 |             6
           84 |    10 |             7
           84 |    11 |             9
           84 |    12 |             6
           84 |    13 |             7
           84 |    14 |             8
           84 |    15 |             6
           84 |    16 |             6
           84 |    17 |             5
           84 |    18 |             8
           84 |    19 |            11
----------------------------------
           85 |     1 |            47
           85 |     2 |            23
           85 |     3 |            15
           85 |     4 |            15
           85 |     5 |            10
           85 |     6 |            10
           85 |     7 |             7
           85 |     8 |             9
           85 |     9 |            10
           85 |    10 |            11
           85 |    11 |            11
           85 |    12 |            14
           85 |    13 |            10
           85 |    14 |             7
           85 |    15 |             9
           85 |    16 |            10
           85 |    17 |            10
           85 |    18 |             9
           85 |    19 |            18
----------------------------------
           86 |     1 |            45
           86 |     2 |            24
           86 |     3 |            20
           86 |     4 |            16
           86 |     5 |            12
           86 |     6 |            10
           86 |     7 |            12
           86 |     8 |            11
           86 |     9 |             9
           86 |    10 |            10
           86 |    11 |             7
           86 |    12 |             6
           86 |    13 |             7
           86 |    14 |             7
           86 |    15 |             9
           86 |    16 |            12
           86 |    17 |            13
           86 |    18 |            12
           86 |    19 |            16
----------------------------------
           87 |     1 |            46
           87 |     2 |            23
           87 |     3 |            13
           87 |     4 |            13
           87 |     5 |             8
           87 |     6 |             9
           87 |     7 |             8
           87 |     8 |             9
           87 |     9 |            13
           87 |    10 |            12
           87 |    11 |            11
           87 |    12 |            12
           87 |    13 |            12
           87 |    14 |             9
           87 |    15 |            12
           87 |    16 |            12
           87 |    17 |            11
           87 |    18 |            13
           87 |    19 |            15
----------------------------------
           88 |     1 |            50
           88 |     2 |            26
           88 |     3 |            14
           88 |     4 |            13
           88 |     5 |            13
           88 |     6 |            12
           88 |     7 |            10
           88 |     8 |            11
           88 |     9 |            14
           88 |    10 |            10
           88 |    11 |            12
           88 |    12 |             8
           88 |    13 |             9
           88 |    14 |             6
           88 |    15 |            10
           88 |    16 |            10
           88 |    17 |            12
           88 |    18 |            11
           88 |    19 |            13
----------------------------------
           89 |     1 |            50
           89 |     2 |            24
           89 |     3 |            16
           89 |     4 |            19
           89 |     5 |            13
           89 |     6 |             8
           89 |     7 |             9
           89 |     8 |             9
           89 |     9 |            11
           89 |    10 |            12
           89 |    11 |            10
           89 |    12 |            10
           89 |    13 |            10
           89 |    14 |             8
           89 |    15 |             9
           89 |    16 |            10
           89 |    17 |            10
           89 |    18 |            13
           89 |    19 |            16
----------------------------------
           90 |     1 |            75
           90 |     2 |            33
           90 |     3 |            27
           90 |     4 |            20
           90 |     5 |            21
           90 |     6 |            20
           90 |     7 |            17
           90 |     8 |            19
           90 |     9 |            19
           90 |    10 |            20
           90 |    11 |            22
           90 |    12 |            18
           90 |    13 |            17
           90 |    14 |            17
           90 |    15 |            19
           90 |    16 |            15
           90 |    17 |            21
           90 |    18 |            24
           90 |    19 |            26
----------------------------------
----------------------------------
----------------------------------
----------------------------------
----------------------------------
----------------------------------
----------------------------------
----------------------------------
----------------------------------
----------------------------------
----------------------------------
----------------------------------
----------------------------------
----------------------------------
----------------------------------
----------------------------------
----------------------------------
          107 |     1 |            16
          107 |     2 |             8
          107 |     3 |             6
          107 |     4 |             4
          107 |     5 |             5
          107 |     6 |             4
          107 |     7 |             1
          107 |     8 |             4
          107 |     9 |             3
          107 |    10 |             5
          107 |    11 |             7
          107 |    12 |             7
          107 |    13 |             6
          107 |    14 |             5
          107 |    15 |             6
          107 |    16 |             5
          107 |    17 |             5
          107 |    18 |             4
          107 |    19 |             6
----------------------------------
----------------------------------
----------------------------------
----------------------------------
----------------------------------
----------------------------------
----------------------------------
----------------------------------
----------------------------------
----------------------------------
----------------------------------
----------------------------------
----------------------------------
----------------------------------
----------------------------------
----------------------------------
----------------------------------
----------------------------------
----------------------------------
----------------------------------
----------------------------------
----------------------------------
----------------------------------
----------------------------------
----------------------------------
----------------------------------
----------------------------------
----------------------------------
----------------------------------
----------------------------------
----------------------------------
----------------------------------
----------------------------------
----------------------------------
----------------------------------
----------------------------------
----------------------------------
----------------------------------
----------------------------------
----------------------------------
----------------------------------
----------------------------------
----------------------------------
----------------------------------
----------------------------------
----------------------------------
----------------------------------
----------------------------------
----------------------------------
----------------------------------
----------------------------------
----------------------------------
----------------------------------
----------------------------------
----------------------------------
----------------------------------
----------------------------------
----------------------------------
----------------------------------
----------------------------------
----------------------------------
----------------------------------
----------------------------------
----------------------------------
----------------------------------
----------------------------------
----------------------------------
----------------------------------
----------------------------------
----------------------------------
----------------------------------
----------------------------------
----------------------------------
----------------------------------
----------------------------------
----------------------------------
----------------------------------
----------------------------------
----------------------------------
----------------------------------
----------------------------------
----------------------------------
----------------------------------
----------------------------------
----------------------------------
----------------------------------
----------------------------------
----------------------------------
----------------------------------
----------------------------------
----------------------------------
----------------------------------
----------------------------------
----------------------------------
----------------------------------
----------------------------------
----------------------------------
----------------------------------
----------------------------------
----------------------------------
----------------------------------
----------------------------------
----------------------------------
----------------------------------
----------------------------------
----------------------------------
----------------------------------
----------------------------------
----------------------------------
----------------------------------
----------------------------------
----------------------------------
----------------------------------
----------------------------------
----------------------------------
----------------------------------
----------------------------------
----------------------------------
----------------------------------
----------------------------------
----------------------------------
----------------------------------
----------------------------------
----------------------------------
----------------------------------
----------------------------------
----------------------------------
----------------------------------
----------------------------------
----------------------------------
----------------------------------
----------------------------------
----------------------------------
----------------------------------
----------------------------------
----------------------------------
----------------------------------
----------------------------------
----------------------------------
----------------------------------
----------------------------------
----------------------------------
----------------------------------
----------------------------------
----------------------------------
----------------------------------
----------------------------------
----------------------------------
----------------------------------
----------------------------------
----------------------------------
----------------------------------
----------------------------------
----------------------------------
----------------------------------
----------------------------------
----------------------------------
----------------------------------
----------------------------------
----------------------------------
----------------------------------
----------------------------------
----------------------------------
----------------------------------
----------------------------------
----------------------------------
----------------------------------
----------------------------------
----------------------------------
----------------------------------
----------------------------------
----------------------------------
----------------------------------
----------------------------------
----------------------------------
----------------------------------
----------------------------------
----------------------------------
----------------------------------
----------------------------------
----------------------------------
----------------------------------
----------------------------------
----------------------------------
----------------------------------
----------------------------------
----------------------------------
----------------------------------
----------------------------------
----------------------------------
----------------------------------
----------------------------------
----------------------------------
----------------------------------
----------------------------------
----------------------------------
----------------------------------
----------------------------------
----------------------------------
----------------------------------
----------------------------------
----------------------------------
----------------------------------
----------------------------------
----------------------------------
----------------------------------
----------------------------------
----------------------------------
----------------------------------
----------------------------------
----------------------------------
----------------------------------
----------------------------------
----------------------------------
----------------------------------
----------------------------------
----------------------------------
----------------------------------
----------------------------------
----------------------------------
----------------------------------
----------------------------------
----------------------------------
----------------------------------
----------------------------------
----------------------------------
----------------------------------
----------------------------------
----------------------------------
----------------------------------
----------------------------------
----------------------------------
----------------------------------
----------------------------------
----------------------------------
----------------------------------
----------------------------------
----------------------------------
----------------------------------
----------------------------------
----------------------------------
----------------------------------
----------------------------------
----------------------------------
----------------------------------
----------------------------------
----------------------------------
----------------------------------
----------------------------------
----------------------------------
----------------------------------
----------------------------------
----------------------------------
----------------------------------
----------------------------------
----------------------------------
----------------------------------
----------------------------------
----------------------------------
----------------------------------
----------------------------------
----------------------------------
----------------------------------
----------------------------------
----------------------------------
----------------------------------
----------------------------------
----------------------------------
----------------------------------
----------------------------------
----------------------------------
----------------------------------
----------------------------------
----------------------------------
