MinCut number | SSize | Number of cuts
----------------------------------
----------------------------------
----------------------------------
----------------------------------
----------------------------------
----------------------------------
----------------------------------
----------------------------------
----------------------------------
----------------------------------
----------------------------------
----------------------------------
----------------------------------
----------------------------------
----------------------------------
----------------------------------
----------------------------------
----------------------------------
----------------------------------
----------------------------------
----------------------------------
----------------------------------
           41 |     1 |            16
           41 |     2 |             4
           41 |     3 |             3
           41 |     4 |             1
           41 |     5 |             1
           41 |     6 |             1
           41 |     7 |             1
           41 |     8 |             1
           41 |     9 |             2
           41 |    10 |             1
           41 |    11 |             0
           41 |    12 |             1
           41 |    13 |             1
           41 |    14 |             1
           41 |    15 |             0
           41 |    16 |             0
           41 |    17 |             1
           41 |    18 |             3
           41 |    19 |             3
----------------------------------
----------------------------------
----------------------------------
----------------------------------
----------------------------------
           46 |     1 |            48
           46 |     2 |            14
           46 |     3 |             8
           46 |     4 |             6
           46 |     5 |             5
           46 |     6 |             1
           46 |     7 |             1
           46 |     8 |             2
           46 |     9 |             1
           46 |    10 |             3
           46 |    11 |             1
           46 |    12 |             3
           46 |    13 |             3
           46 |    14 |             3
           46 |    15 |             2
           46 |    16 |             5
           46 |    17 |             8
           46 |    18 |            10
           46 |    19 |            14
----------------------------------
           47 |     1 |            32
           47 |     2 |            11
           47 |     3 |             8
           47 |     4 |             4
           47 |     5 |             4
           47 |     6 |             2
           47 |     7 |             1
           47 |     8 |             2
           47 |     9 |             2
           47 |    10 |             1
           47 |    11 |             3
           47 |    12 |             2
           47 |    13 |             2
           47 |    14 |             0
           47 |    15 |             4
           47 |    16 |             3
           47 |    17 |             3
           47 |    18 |             5
           47 |    19 |             5
----------------------------------
           48 |     1 |            80
           48 |     2 |            31
           48 |     3 |            18
           48 |     4 |            12
           48 |     5 |             8
           48 |     6 |             4
           48 |     7 |             7
           48 |     8 |             6
           48 |     9 |             5
           48 |    10 |             5
           48 |    11 |             4
           48 |    12 |             6
           48 |    13 |             5
           48 |    14 |             4
           48 |    15 |             2
           48 |    16 |             6
           48 |    17 |            10
           48 |    18 |            12
           48 |    19 |            15
----------------------------------
           49 |     1 |            98
           49 |     2 |            32
           49 |     3 |            18
           49 |     4 |            14
           49 |     5 |             8
           49 |     6 |             8
           49 |     7 |             6
           49 |     8 |             5
           49 |     9 |             6
           49 |    10 |             6
           49 |    11 |             8
           49 |    12 |             7
           49 |    13 |             5
           49 |    14 |             9
           49 |    15 |             8
           49 |    16 |            10
           49 |    17 |            11
           49 |    18 |            17
           49 |    19 |            18
----------------------------------
           50 |     1 |           147
           50 |     2 |            51
           50 |     3 |            30
           50 |     4 |            21
           50 |     5 |            16
           50 |     6 |            10
           50 |     7 |            13
           50 |     8 |            10
           50 |     9 |             8
           50 |    10 |             6
           50 |    11 |             9
           50 |    12 |            13
           50 |    13 |            11
           50 |    14 |            14
           50 |    15 |             9
           50 |    16 |            15
           50 |    17 |            18
           50 |    18 |            22
           50 |    19 |            27
----------------------------------
           51 |     1 |           261
           51 |     2 |           106
           51 |     3 |            54
           51 |     4 |            43
           51 |     5 |            28
           51 |     6 |            19
           51 |     7 |            17
           51 |     8 |            12
           51 |     9 |            13
           51 |    10 |            12
           51 |    11 |            11
           51 |    12 |            18
           51 |    13 |            19
           51 |    14 |            21
           51 |    15 |            25
           51 |    16 |            31
           51 |    17 |            36
           51 |    18 |            42
           51 |    19 |            48
----------------------------------
           52 |     1 |           214
           52 |     2 |            85
           52 |     3 |            46
           52 |     4 |            30
           52 |     5 |            18
           52 |     6 |            14
           52 |     7 |            11
           52 |     8 |            14
           52 |     9 |            15
           52 |    10 |            11
           52 |    11 |            15
           52 |    12 |            12
           52 |    13 |            17
           52 |    14 |            17
           52 |    15 |            24
           52 |    16 |            19
           52 |    17 |            26
           52 |    18 |            42
           52 |    19 |            46
----------------------------------
           53 |     1 |           333
           53 |     2 |           128
           53 |     3 |            73
           53 |     4 |            54
           53 |     5 |            34
           53 |     6 |            32
           53 |     7 |            32
           53 |     8 |            25
           53 |     9 |            22
           53 |    10 |            16
           53 |    11 |            20
           53 |    12 |            24
           53 |    13 |            23
           53 |    14 |            21
           53 |    15 |            27
           53 |    16 |            35
           53 |    17 |            41
           53 |    18 |            54
           53 |    19 |            66
----------------------------------
           54 |     1 |           563
           54 |     2 |           234
           54 |     3 |           126
           54 |     4 |            79
           54 |     5 |            58
           54 |     6 |            48
           54 |     7 |            44
           54 |     8 |            45
           54 |     9 |            35
           54 |    10 |            35
           54 |    11 |            33
           54 |    12 |            39
           54 |    13 |            38
           54 |    14 |            44
           54 |    15 |            52
           54 |    16 |            67
           54 |    17 |            73
           54 |    18 |            98
           54 |    19 |           125
----------------------------------
           55 |     1 |           480
           55 |     2 |           200
           55 |     3 |           108
           55 |     4 |            75
           55 |     5 |            61
           55 |     6 |            46
           55 |     7 |            41
           55 |     8 |            45
           55 |     9 |            38
           55 |    10 |            39
           55 |    11 |            37
           55 |    12 |            35
           55 |    13 |            37
           55 |    14 |            39
           55 |    15 |            40
           55 |    16 |            50
           55 |    17 |            66
           55 |    18 |            92
           55 |    19 |           121
----------------------------------
           56 |     1 |           664
           56 |     2 |           276
           56 |     3 |           164
           56 |     4 |           114
           56 |     5 |            86
           56 |     6 |            54
           56 |     7 |            53
           56 |     8 |            51
           56 |     9 |            41
           56 |    10 |            59
           56 |    11 |            40
           56 |    12 |            34
           56 |    13 |            54
           56 |    14 |            56
           56 |    15 |            66
           56 |    16 |            70
           56 |    17 |            91
           56 |    18 |           121
           56 |    19 |           146
----------------------------------
           57 |     1 |           686
           57 |     2 |           312
           57 |     3 |           171
           57 |     4 |           109
           57 |     5 |            82
           57 |     6 |            64
           57 |     7 |            58
           57 |     8 |            54
           57 |     9 |            49
           57 |    10 |            49
           57 |    11 |            51
           57 |    12 |            50
           57 |    13 |            59
           57 |    14 |            61
           57 |    15 |            76
           57 |    16 |            85
           57 |    17 |           104
           57 |    18 |           122
           57 |    19 |           152
----------------------------------
           58 |     1 |           730
           58 |     2 |           298
           58 |     3 |           183
           58 |     4 |           119
           58 |     5 |            88
           58 |     6 |            74
           58 |     7 |            60
           58 |     8 |            59
           58 |     9 |            65
           58 |    10 |            69
           58 |    11 |            59
           58 |    12 |            62
           58 |    13 |            57
           58 |    14 |            58
           58 |    15 |            71
           58 |    16 |            94
           58 |    17 |           109
           58 |    18 |           135
           58 |    19 |           162
----------------------------------
           59 |     1 |           660
           59 |     2 |           261
           59 |     3 |           160
           59 |     4 |           107
           59 |     5 |            82
           59 |     6 |            84
           59 |     7 |            63
           59 |     8 |            57
           59 |     9 |            57
           59 |    10 |            58
           59 |    11 |            47
           59 |    12 |            51
           59 |    13 |            66
           59 |    14 |            63
           59 |    15 |            78
           59 |    16 |            90
           59 |    17 |           104
           59 |    18 |           125
           59 |    19 |           147
----------------------------------
           60 |     1 |           801
           60 |     2 |           351
           60 |     3 |           212
           60 |     4 |           150
           60 |     5 |            96
           60 |     6 |            91
           60 |     7 |            77
           60 |     8 |            61
           60 |     9 |            47
           60 |    10 |            52
           60 |    11 |            62
           60 |    12 |            61
           60 |    13 |            65
           60 |    14 |            82
           60 |    15 |            98
           60 |    16 |           108
           60 |    17 |           133
           60 |    18 |           147
           60 |    19 |           186
----------------------------------
           61 |     1 |           926
           61 |     2 |           412
           61 |     3 |           255
           61 |     4 |           173
           61 |     5 |           133
           61 |     6 |           113
           61 |     7 |            90
           61 |     8 |            78
           61 |     9 |            76
           61 |    10 |            70
           61 |    11 |            73
           61 |    12 |            79
           61 |    13 |            79
           61 |    14 |            88
           61 |    15 |            96
           61 |    16 |           129
           61 |    17 |           155
           61 |    18 |           170
           61 |    19 |           221
----------------------------------
           62 |     1 |           854
           62 |     2 |           373
           62 |     3 |           214
           62 |     4 |           155
           62 |     5 |           125
           62 |     6 |           111
           62 |     7 |            98
           62 |     8 |            88
           62 |     9 |            75
           62 |    10 |            82
           62 |    11 |            86
           62 |    12 |            83
           62 |    13 |            88
           62 |    14 |            70
           62 |    15 |            93
           62 |    16 |           122
           62 |    17 |           139
           62 |    18 |           169
           62 |    19 |           199
----------------------------------
           63 |     1 |           820
           63 |     2 |           367
           63 |     3 |           242
           63 |     4 |           166
           63 |     5 |           134
           63 |     6 |           101
           63 |     7 |            90
           63 |     8 |            82
           63 |     9 |            68
           63 |    10 |            77
           63 |    11 |            59
           63 |    12 |            74
           63 |    13 |            78
           63 |    14 |            80
           63 |    15 |           102
           63 |    16 |           110
           63 |    17 |           133
           63 |    18 |           164
           63 |    19 |           203
----------------------------------
           64 |     1 |           823
           64 |     2 |           374
           64 |     3 |           235
           64 |     4 |           175
           64 |     5 |           125
           64 |     6 |           100
           64 |     7 |            97
           64 |     8 |            84
           64 |     9 |            80
           64 |    10 |            74
           64 |    11 |            76
           64 |    12 |            81
           64 |    13 |            85
           64 |    14 |            77
           64 |    15 |            93
           64 |    16 |           113
           64 |    17 |           128
           64 |    18 |           168
           64 |    19 |           212
----------------------------------
           65 |     1 |           854
           65 |     2 |           390
           65 |     3 |           250
           65 |     4 |           174
           65 |     5 |           142
           65 |     6 |           117
           65 |     7 |            99
           65 |     8 |            95
           65 |     9 |            82
           65 |    10 |            86
           65 |    11 |            83
           65 |    12 |            94
           65 |    13 |            92
           65 |    14 |            95
           65 |    15 |           100
           65 |    16 |           116
           65 |    17 |           138
           65 |    18 |           171
           65 |    19 |           202
----------------------------------
           66 |     1 |           943
           66 |     2 |           435
           66 |     3 |           273
           66 |     4 |           205
           66 |     5 |           149
           66 |     6 |           133
           66 |     7 |           114
           66 |     8 |            95
           66 |     9 |            86
           66 |    10 |            80
           66 |    11 |            83
           66 |    12 |            88
           66 |    13 |            97
           66 |    14 |           111
           66 |    15 |           125
           66 |    16 |           144
           66 |    17 |           159
           66 |    18 |           204
           66 |    19 |           238
----------------------------------
           67 |     1 |           857
           67 |     2 |           405
           67 |     3 |           249
           67 |     4 |           182
           67 |     5 |           155
           67 |     6 |           112
           67 |     7 |           102
           67 |     8 |            81
           67 |     9 |            93
           67 |    10 |            81
           67 |    11 |            91
           67 |    12 |           104
           67 |    13 |            96
           67 |    14 |            97
           67 |    15 |           124
           67 |    16 |           123
           67 |    17 |           148
           67 |    18 |           177
           67 |    19 |           207
----------------------------------
           68 |     1 |           553
           68 |     2 |           249
           68 |     3 |           162
           68 |     4 |           119
           68 |     5 |            96
           68 |     6 |            79
           68 |     7 |            65
           68 |     8 |            62
           68 |     9 |            51
           68 |    10 |            59
           68 |    11 |            61
           68 |    12 |            61
           68 |    13 |            57
           68 |    14 |            58
           68 |    15 |            82
           68 |    16 |            79
           68 |    17 |           104
           68 |    18 |           121
           68 |    19 |           126
----------------------------------
           69 |     1 |           433
           69 |     2 |           199
           69 |     3 |           128
           69 |     4 |           103
           69 |     5 |            85
           69 |     6 |            71
           69 |     7 |            57
           69 |     8 |            51
           69 |     9 |            46
           69 |    10 |            47
           69 |    11 |            44
           69 |    12 |            42
           69 |    13 |            47
           69 |    14 |            56
           69 |    15 |            56
           69 |    16 |            64
           69 |    17 |            76
           69 |    18 |            82
           69 |    19 |           107
----------------------------------
           70 |     1 |           493
           70 |     2 |           233
           70 |     3 |           151
           70 |     4 |           113
           70 |     5 |            93
           70 |     6 |            72
           70 |     7 |            65
           70 |     8 |            58
           70 |     9 |            64
           70 |    10 |            54
           70 |    11 |            60
           70 |    12 |            62
           70 |    13 |            64
           70 |    14 |            61
           70 |    15 |            70
           70 |    16 |            78
           70 |    17 |            86
           70 |    18 |           101
           70 |    19 |           122
----------------------------------
           71 |     1 |           280
           71 |     2 |           129
           71 |     3 |            90
           71 |     4 |            66
           71 |     5 |            51
           71 |     6 |            52
           71 |     7 |            48
           71 |     8 |            34
           71 |     9 |            27
           71 |    10 |            30
           71 |    11 |            37
           71 |    12 |            40
           71 |    13 |            43
           71 |    14 |            35
           71 |    15 |            40
           71 |    16 |            34
           71 |    17 |            43
           71 |    18 |            55
           71 |    19 |            73
----------------------------------
           72 |     1 |           301
           72 |     2 |           145
           72 |     3 |            87
           72 |     4 |            73
           72 |     5 |            59
           72 |     6 |            45
           72 |     7 |            32
           72 |     8 |            33
           72 |     9 |            37
           72 |    10 |            32
           72 |    11 |            35
           72 |    12 |            37
           72 |    13 |            35
           72 |    14 |            43
           72 |    15 |            43
           72 |    16 |            58
           72 |    17 |            63
           72 |    18 |            64
           72 |    19 |            74
----------------------------------
           73 |     1 |           385
           73 |     2 |           181
           73 |     3 |           121
           73 |     4 |            92
           73 |     5 |            73
           73 |     6 |            63
           73 |     7 |            58
           73 |     8 |            57
           73 |     9 |            46
           73 |    10 |            39
           73 |    11 |            46
           73 |    12 |            44
           73 |    13 |            43
           73 |    14 |            57
           73 |    15 |            57
           73 |    16 |            70
           73 |    17 |            71
           73 |    18 |            79
           73 |    19 |            97
----------------------------------
           74 |     1 |           312
           74 |     2 |           142
           74 |     3 |            93
           74 |     4 |            72
           74 |     5 |            60
           74 |     6 |            55
           74 |     7 |            53
           74 |     8 |            46
           74 |     9 |            42
           74 |    10 |            37
           74 |    11 |            40
           74 |    12 |            41
           74 |    13 |            37
           74 |    14 |            40
           74 |    15 |            39
           74 |    16 |            46
           74 |    17 |            49
           74 |    18 |            62
           74 |    19 |            66
----------------------------------
           75 |     1 |           249
           75 |     2 |           119
           75 |     3 |            75
           75 |     4 |            55
           75 |     5 |            51
           75 |     6 |            47
           75 |     7 |            45
           75 |     8 |            35
           75 |     9 |            38
           75 |    10 |            42
           75 |    11 |            36
           75 |    12 |            37
           75 |    13 |            32
           75 |    14 |            32
           75 |    15 |            36
           75 |    16 |            44
           75 |    17 |            42
           75 |    18 |            50
           75 |    19 |            60
----------------------------------
           76 |     1 |           168
           76 |     2 |            76
           76 |     3 |            58
           76 |     4 |            46
           76 |     5 |            43
           76 |     6 |            34
           76 |     7 |            30
           76 |     8 |            28
           76 |     9 |            27
           76 |    10 |            20
           76 |    11 |            21
           76 |    12 |            22
           76 |    13 |            17
           76 |    14 |            18
           76 |    15 |            22
           76 |    16 |            31
           76 |    17 |            25
           76 |    18 |            31
           76 |    19 |            43
----------------------------------
           77 |     1 |           179
           77 |     2 |            90
           77 |     3 |            62
           77 |     4 |            44
           77 |     5 |            37
           77 |     6 |            33
           77 |     7 |            33
           77 |     8 |            28
           77 |     9 |            28
           77 |    10 |            26
           77 |    11 |            25
           77 |    12 |            25
           77 |    13 |            28
           77 |    14 |            28
           77 |    15 |            32
           77 |    16 |            36
           77 |    17 |            35
           77 |    18 |            36
           77 |    19 |            42
----------------------------------
           78 |     1 |           198
           78 |     2 |            99
           78 |     3 |            66
           78 |     4 |            52
           78 |     5 |            45
           78 |     6 |            34
           78 |     7 |            31
           78 |     8 |            30
           78 |     9 |            27
           78 |    10 |            24
           78 |    11 |            27
           78 |    12 |            32
           78 |    13 |            26
           78 |    14 |            31
           78 |    15 |            35
           78 |    16 |            37
           78 |    17 |            45
           78 |    18 |            48
           78 |    19 |            49
----------------------------------
           79 |     1 |           116
           79 |     2 |            57
           79 |     3 |            39
           79 |     4 |            25
           79 |     5 |            25
           79 |     6 |            17
           79 |     7 |            13
           79 |     8 |            18
           79 |     9 |            15
           79 |    10 |            19
           79 |    11 |            18
           79 |    12 |            19
           79 |    13 |            18
           79 |    14 |            19
           79 |    15 |            27
           79 |    16 |            22
           79 |    17 |            29
           79 |    18 |            29
           79 |    19 |            28
----------------------------------
           80 |     1 |           131
           80 |     2 |            65
           80 |     3 |            45
           80 |     4 |            32
           80 |     5 |            25
           80 |     6 |            22
           80 |     7 |            20
           80 |     8 |            21
           80 |     9 |            21
           80 |    10 |            25
           80 |    11 |            22
           80 |    12 |            20
           80 |    13 |            24
           80 |    14 |            20
           80 |    15 |            21
           80 |    16 |            27
           80 |    17 |            31
           80 |    18 |            31
           80 |    19 |            37
----------------------------------
           81 |     1 |           178
           81 |     2 |            87
           81 |     3 |            63
           81 |     4 |            52
           81 |     5 |            40
           81 |     6 |            34
           81 |     7 |            31
           81 |     8 |            25
           81 |     9 |            28
           81 |    10 |            27
           81 |    11 |            32
           81 |    12 |            32
           81 |    13 |            32
           81 |    14 |            33
           81 |    15 |            30
           81 |    16 |            31
           81 |    17 |            41
           81 |    18 |            46
           81 |    19 |            49
----------------------------------
           82 |     1 |           182
           82 |     2 |            86
           82 |     3 |            61
           82 |     4 |            49
           82 |     5 |            39
           82 |     6 |            35
           82 |     7 |            30
           82 |     8 |            37
           82 |     9 |            28
           82 |    10 |            30
           82 |    11 |            32
           82 |    12 |            30
           82 |    13 |            35
           82 |    14 |            31
           82 |    15 |            37
           82 |    16 |            37
           82 |    17 |            41
           82 |    18 |            39
           82 |    19 |            43
----------------------------------
           83 |     1 |            68
           83 |     2 |            35
           83 |     3 |            23
           83 |     4 |            18
           83 |     5 |            13
           83 |     6 |            11
           83 |     7 |            13
           83 |     8 |             9
           83 |     9 |            11
           83 |    10 |            11
           83 |    11 |            10
           83 |    12 |            12
           83 |    13 |            14
           83 |    14 |            13
           83 |    15 |            10
           83 |    16 |            11
           83 |    17 |            13
           83 |    18 |            17
           83 |    19 |            20
----------------------------------
           84 |     1 |            67
           84 |     2 |            33
           84 |     3 |            24
           84 |     4 |            18
           84 |     5 |            18
           84 |     6 |            16
           84 |     7 |            13
           84 |     8 |            11
           84 |     9 |            11
           84 |    10 |            12
           84 |    11 |            10
           84 |    12 |             9
           84 |    13 |            12
           84 |    14 |            11
           84 |    15 |            13
           84 |    16 |            12
           84 |    17 |            13
           84 |    18 |            16
           84 |    19 |            17
----------------------------------
           85 |     1 |            33
           85 |     2 |            13
           85 |     3 |            10
           85 |     4 |             6
           85 |     5 |             6
           85 |     6 |             7
           85 |     7 |             6
           85 |     8 |             6
           85 |     9 |             6
           85 |    10 |             9
           85 |    11 |             7
           85 |    12 |             8
           85 |    13 |             8
           85 |    14 |            10
           85 |    15 |             7
           85 |    16 |             8
           85 |    17 |             5
           85 |    18 |             7
           85 |    19 |             8
----------------------------------
           86 |     1 |            66
           86 |     2 |            33
           86 |     3 |            25
           86 |     4 |            21
           86 |     5 |            16
           86 |     6 |            13
           86 |     7 |            15
           86 |     8 |            11
           86 |     9 |            12
           86 |    10 |            13
           86 |    11 |            10
           86 |    12 |            15
           86 |    13 |            11
           86 |    14 |            14
           86 |    15 |            13
           86 |    16 |            10
           86 |    17 |            14
           86 |    18 |            15
           86 |    19 |            17
----------------------------------
           87 |     1 |            34
           87 |     2 |            14
           87 |     3 |            10
           87 |     4 |             7
           87 |     5 |             9
           87 |     6 |             8
           87 |     7 |            10
           87 |     8 |             9
           87 |     9 |             8
           87 |    10 |             8
           87 |    11 |             7
           87 |    12 |             7
           87 |    13 |             7
           87 |    14 |             8
           87 |    15 |             5
           87 |    16 |             5
           87 |    17 |             6
           87 |    18 |             6
           87 |    19 |             6
----------------------------------
           88 |     1 |            33
           88 |     2 |            16
           88 |     3 |             8
           88 |     4 |             6
           88 |     5 |             7
           88 |     6 |             7
           88 |     7 |             8
           88 |     8 |             4
           88 |     9 |             6
           88 |    10 |             7
           88 |    11 |            10
           88 |    12 |             9
           88 |    13 |             9
           88 |    14 |             6
           88 |    15 |             6
           88 |    16 |             6
           88 |    17 |             8
           88 |    18 |             9
           88 |    19 |            11
----------------------------------
           89 |     1 |            50
           89 |     2 |            26
           89 |     3 |            18
           89 |     4 |            15
           89 |     5 |            11
           89 |     6 |            11
           89 |     7 |             9
           89 |     8 |             9
           89 |     9 |            11
           89 |    10 |             8
           89 |    11 |             8
           89 |    12 |            11
           89 |    13 |            10
           89 |    14 |            10
           89 |    15 |             8
           89 |    16 |            12
           89 |    17 |            11
           89 |    18 |            14
           89 |    19 |            15
----------------------------------
           90 |     1 |            19
           90 |     2 |            10
           90 |     3 |             6
           90 |     4 |             5
           90 |     5 |             5
           90 |     6 |             4
           90 |     7 |             3
           90 |     8 |             3
           90 |     9 |             4
           90 |    10 |             5
           90 |    11 |             2
           90 |    12 |             3
           90 |    13 |             3
           90 |    14 |             4
           90 |    15 |             1
           90 |    16 |             2
           90 |    17 |             4
           90 |    18 |             5
           90 |    19 |             2
----------------------------------
----------------------------------
----------------------------------
----------------------------------
----------------------------------
           95 |     1 |            18
           95 |     2 |             8
           95 |     3 |             7
           95 |     4 |             7
           95 |     5 |             6
           95 |     6 |             6
           95 |     7 |             6
           95 |     8 |             4
           95 |     9 |             3
           95 |    10 |             3
           95 |    11 |             4
           95 |    12 |             3
           95 |    13 |             3
           95 |    14 |             3
           95 |    15 |             3
           95 |    16 |             4
           95 |    17 |             3
           95 |    18 |             0
           95 |    19 |             4
----------------------------------
----------------------------------
           97 |     1 |            16
           97 |     2 |             6
           97 |     3 |             6
           97 |     4 |             5
           97 |     5 |             4
           97 |     6 |             5
           97 |     7 |             4
           97 |     8 |             4
           97 |     9 |             7
           97 |    10 |             5
           97 |    11 |             4
           97 |    12 |             5
           97 |    13 |             5
           97 |    14 |             2
           97 |    15 |             4
           97 |    16 |             4
           97 |    17 |             4
           97 |    18 |             4
           97 |    19 |             3
----------------------------------
           98 |     1 |            17
           98 |     2 |             8
           98 |     3 |             6
           98 |     4 |             6
           98 |     5 |             5
           98 |     6 |             5
           98 |     7 |             2
           98 |     8 |             2
           98 |     9 |             4
           98 |    10 |             4
           98 |    11 |             4
           98 |    12 |             4
           98 |    13 |             5
           98 |    14 |             4
           98 |    15 |             4
           98 |    16 |             3
           98 |    17 |             2
           98 |    18 |             6
           98 |    19 |             7
----------------------------------
           99 |     1 |            18
           99 |     2 |             9
           99 |     3 |             5
           99 |     4 |             4
           99 |     5 |             5
           99 |     6 |             6
           99 |     7 |             6
           99 |     8 |             5
           99 |     9 |             5
           99 |    10 |             5
           99 |    11 |             5
           99 |    12 |             4
           99 |    13 |             4
           99 |    14 |             4
           99 |    15 |             3
           99 |    16 |             2
           99 |    17 |             3
           99 |    18 |             4
           99 |    19 |             2
----------------------------------
----------------------------------
          101 |     1 |            17
          101 |     2 |            10
          101 |     3 |             8
          101 |     4 |             5
          101 |     5 |             4
          101 |     6 |             3
          101 |     7 |             5
          101 |     8 |             6
          101 |     9 |             5
          101 |    10 |             5
          101 |    11 |             6
          101 |    12 |             5
          101 |    13 |             4
          101 |    14 |             3
          101 |    15 |             3
          101 |    16 |             4
          101 |    17 |             2
          101 |    18 |             2
          101 |    19 |             4
----------------------------------
----------------------------------
----------------------------------
----------------------------------
----------------------------------
----------------------------------
----------------------------------
----------------------------------
----------------------------------
----------------------------------
----------------------------------
----------------------------------
----------------------------------
          114 |     1 |            17
          114 |     2 |            11
          114 |     3 |            10
          114 |     4 |            11
          114 |     5 |             8
          114 |     6 |             7
          114 |     7 |             6
          114 |     8 |             6
          114 |     9 |             5
          114 |    10 |             4
          114 |    11 |             2
          114 |    12 |             2
          114 |    13 |             2
          114 |    14 |             1
          114 |    15 |             4
          114 |    16 |             5
          114 |    17 |             4
          114 |    18 |             4
          114 |    19 |             5
----------------------------------
----------------------------------
----------------------------------
----------------------------------
----------------------------------
----------------------------------
----------------------------------
----------------------------------
----------------------------------
----------------------------------
----------------------------------
----------------------------------
----------------------------------
----------------------------------
----------------------------------
----------------------------------
----------------------------------
----------------------------------
----------------------------------
----------------------------------
----------------------------------
----------------------------------
----------------------------------
----------------------------------
----------------------------------
----------------------------------
----------------------------------
----------------------------------
----------------------------------
----------------------------------
----------------------------------
----------------------------------
----------------------------------
----------------------------------
----------------------------------
----------------------------------
----------------------------------
----------------------------------
----------------------------------
----------------------------------
----------------------------------
----------------------------------
----------------------------------
----------------------------------
----------------------------------
----------------------------------
----------------------------------
----------------------------------
----------------------------------
----------------------------------
----------------------------------
----------------------------------
----------------------------------
----------------------------------
----------------------------------
----------------------------------
----------------------------------
----------------------------------
----------------------------------
----------------------------------
----------------------------------
----------------------------------
----------------------------------
----------------------------------
----------------------------------
----------------------------------
----------------------------------
----------------------------------
----------------------------------
----------------------------------
----------------------------------
----------------------------------
----------------------------------
----------------------------------
----------------------------------
----------------------------------
----------------------------------
----------------------------------
----------------------------------
----------------------------------
----------------------------------
----------------------------------
----------------------------------
----------------------------------
----------------------------------
----------------------------------
----------------------------------
----------------------------------
----------------------------------
----------------------------------
----------------------------------
----------------------------------
----------------------------------
----------------------------------
----------------------------------
----------------------------------
----------------------------------
----------------------------------
----------------------------------
----------------------------------
----------------------------------
----------------------------------
----------------------------------
----------------------------------
----------------------------------
----------------------------------
----------------------------------
----------------------------------
----------------------------------
----------------------------------
----------------------------------
----------------------------------
----------------------------------
----------------------------------
----------------------------------
----------------------------------
----------------------------------
----------------------------------
----------------------------------
----------------------------------
----------------------------------
----------------------------------
----------------------------------
----------------------------------
----------------------------------
----------------------------------
----------------------------------
----------------------------------
----------------------------------
----------------------------------
----------------------------------
----------------------------------
----------------------------------
----------------------------------
----------------------------------
----------------------------------
----------------------------------
----------------------------------
----------------------------------
----------------------------------
----------------------------------
----------------------------------
----------------------------------
----------------------------------
----------------------------------
----------------------------------
----------------------------------
----------------------------------
----------------------------------
----------------------------------
----------------------------------
----------------------------------
----------------------------------
----------------------------------
----------------------------------
----------------------------------
----------------------------------
----------------------------------
----------------------------------
----------------------------------
----------------------------------
----------------------------------
----------------------------------
----------------------------------
----------------------------------
----------------------------------
----------------------------------
----------------------------------
----------------------------------
----------------------------------
----------------------------------
----------------------------------
----------------------------------
----------------------------------
----------------------------------
----------------------------------
----------------------------------
----------------------------------
----------------------------------
----------------------------------
----------------------------------
----------------------------------
----------------------------------
----------------------------------
----------------------------------
----------------------------------
----------------------------------
----------------------------------
----------------------------------
----------------------------------
----------------------------------
----------------------------------
----------------------------------
----------------------------------
----------------------------------
----------------------------------
----------------------------------
----------------------------------
----------------------------------
----------------------------------
----------------------------------
----------------------------------
----------------------------------
----------------------------------
----------------------------------
----------------------------------
----------------------------------
----------------------------------
----------------------------------
----------------------------------
----------------------------------
----------------------------------
----------------------------------
----------------------------------
----------------------------------
----------------------------------
----------------------------------
----------------------------------
----------------------------------
----------------------------------
----------------------------------
----------------------------------
----------------------------------
----------------------------------
----------------------------------
----------------------------------
----------------------------------
----------------------------------
----------------------------------
----------------------------------
----------------------------------
----------------------------------
----------------------------------
----------------------------------
----------------------------------
----------------------------------
----------------------------------
----------------------------------
----------------------------------
----------------------------------
----------------------------------
----------------------------------
----------------------------------
----------------------------------
----------------------------------
----------------------------------
----------------------------------
----------------------------------
----------------------------------
----------------------------------
----------------------------------
----------------------------------
----------------------------------
----------------------------------
----------------------------------
----------------------------------
----------------------------------
----------------------------------
----------------------------------
----------------------------------
----------------------------------
----------------------------------
----------------------------------
----------------------------------
----------------------------------
----------------------------------
----------------------------------
