MinCut number | SSize | Number of cuts
----------------------------------
----------------------------------
----------------------------------
----------------------------------
----------------------------------
----------------------------------
----------------------------------
----------------------------------
----------------------------------
----------------------------------
----------------------------------
----------------------------------
----------------------------------
----------------------------------
----------------------------------
----------------------------------
----------------------------------
----------------------------------
----------------------------------
----------------------------------
----------------------------------
----------------------------------
----------------------------------
----------------------------------
----------------------------------
----------------------------------
----------------------------------
----------------------------------
----------------------------------
----------------------------------
           49 |     1 |            36
           49 |     2 |            15
           49 |     3 |             5
           49 |     4 |             4
           49 |     5 |             3
           49 |     6 |             4
           49 |     7 |             3
           49 |     8 |             2
           49 |     9 |             2
           49 |    10 |             2
           49 |    11 |             2
           49 |    12 |             1
           49 |    13 |             2
           49 |    14 |             3
           49 |    15 |             4
           49 |    16 |             2
           49 |    17 |             2
           49 |    18 |             2
           49 |    19 |             4
----------------------------------
           50 |     1 |            55
           50 |     2 |            18
           50 |     3 |            12
           50 |     4 |             9
           50 |     5 |             7
           50 |     6 |             5
           50 |     7 |             4
           50 |     8 |             5
           50 |     9 |             5
           50 |    10 |             4
           50 |    11 |             0
           50 |    12 |             3
           50 |    13 |             4
           50 |    14 |             2
           50 |    15 |             2
           50 |    16 |             1
           50 |    17 |             4
           50 |    18 |             4
           50 |    19 |             6
----------------------------------
           51 |     1 |           164
           51 |     2 |            61
           51 |     3 |            35
           51 |     4 |            26
           51 |     5 |            22
           51 |     6 |            16
           51 |     7 |            12
           51 |     8 |            11
           51 |     9 |            11
           51 |    10 |            11
           51 |    11 |             9
           51 |    12 |             6
           51 |    13 |             7
           51 |    14 |             8
           51 |    15 |             7
           51 |    16 |             9
           51 |    17 |            12
           51 |    18 |            15
           51 |    19 |            17
----------------------------------
           52 |     1 |            92
           52 |     2 |            39
           52 |     3 |            20
           52 |     4 |            17
           52 |     5 |             9
           52 |     6 |             5
           52 |     7 |             5
           52 |     8 |             6
           52 |     9 |             7
           52 |    10 |             5
           52 |    11 |             4
           52 |    12 |             6
           52 |    13 |             6
           52 |    14 |             6
           52 |    15 |             7
           52 |    16 |             6
           52 |    17 |             7
           52 |    18 |             6
           52 |    19 |             7
----------------------------------
           53 |     1 |           310
           53 |     2 |           123
           53 |     3 |            72
           53 |     4 |            46
           53 |     5 |            37
           53 |     6 |            28
           53 |     7 |            21
           53 |     8 |            23
           53 |     9 |            19
           53 |    10 |            17
           53 |    11 |            16
           53 |    12 |            18
           53 |    13 |            18
           53 |    14 |            22
           53 |    15 |            19
           53 |    16 |            25
           53 |    17 |            25
           53 |    18 |            31
           53 |    19 |            31
----------------------------------
           54 |     1 |           257
           54 |     2 |           108
           54 |     3 |            60
           54 |     4 |            40
           54 |     5 |            27
           54 |     6 |            24
           54 |     7 |            20
           54 |     8 |            19
           54 |     9 |            14
           54 |    10 |            16
           54 |    11 |            20
           54 |    12 |            17
           54 |    13 |            16
           54 |    14 |            13
           54 |    15 |            15
           54 |    16 |            18
           54 |    17 |            20
           54 |    18 |            23
           54 |    19 |            29
----------------------------------
           55 |     1 |           364
           55 |     2 |           146
           55 |     3 |            84
           55 |     4 |            60
           55 |     5 |            42
           55 |     6 |            33
           55 |     7 |            34
           55 |     8 |            33
           55 |     9 |            29
           55 |    10 |            30
           55 |    11 |            27
           55 |    12 |            25
           55 |    13 |            24
           55 |    14 |            26
           55 |    15 |            26
           55 |    16 |            25
           55 |    17 |            27
           55 |    18 |            32
           55 |    19 |            33
----------------------------------
           56 |     1 |           661
           56 |     2 |           289
           56 |     3 |           167
           56 |     4 |           109
           56 |     5 |            75
           56 |     6 |            66
           56 |     7 |            49
           56 |     8 |            53
           56 |     9 |            45
           56 |    10 |            40
           56 |    11 |            41
           56 |    12 |            40
           56 |    13 |            36
           56 |    14 |            46
           56 |    15 |            52
           56 |    16 |            49
           56 |    17 |            53
           56 |    18 |            64
           56 |    19 |            81
----------------------------------
           57 |     1 |           733
           57 |     2 |           330
           57 |     3 |           183
           57 |     4 |           122
           57 |     5 |            91
           57 |     6 |            62
           57 |     7 |            59
           57 |     8 |            56
           57 |     9 |            58
           57 |    10 |            52
           57 |    11 |            49
           57 |    12 |            50
           57 |    13 |            50
           57 |    14 |            54
           57 |    15 |            54
           57 |    16 |            57
           57 |    17 |            66
           57 |    18 |            82
           57 |    19 |            72
----------------------------------
           58 |     1 |           601
           58 |     2 |           266
           58 |     3 |           157
           58 |     4 |           117
           58 |     5 |            84
           58 |     6 |            68
           58 |     7 |            57
           58 |     8 |            48
           58 |     9 |            44
           58 |    10 |            39
           58 |    11 |            43
           58 |    12 |            44
           58 |    13 |            42
           58 |    14 |            42
           58 |    15 |            45
           58 |    16 |            47
           58 |    17 |            51
           58 |    18 |            54
           58 |    19 |            65
----------------------------------
           59 |     1 |           696
           59 |     2 |           317
           59 |     3 |           188
           59 |     4 |           128
           59 |     5 |            95
           59 |     6 |            79
           59 |     7 |            70
           59 |     8 |            65
           59 |     9 |            50
           59 |    10 |            54
           59 |    11 |            50
           59 |    12 |            52
           59 |    13 |            43
           59 |    14 |            51
           59 |    15 |            46
           59 |    16 |            56
           59 |    17 |            58
           59 |    18 |            65
           59 |    19 |            79
----------------------------------
           60 |     1 |           876
           60 |     2 |           415
           60 |     3 |           260
           60 |     4 |           174
           60 |     5 |           122
           60 |     6 |           103
           60 |     7 |            86
           60 |     8 |            76
           60 |     9 |            67
           60 |    10 |            63
           60 |    11 |            58
           60 |    12 |            63
           60 |    13 |            70
           60 |    14 |            63
           60 |    15 |            66
           60 |    16 |            72
           60 |    17 |            73
           60 |    18 |            80
           60 |    19 |            93
----------------------------------
           61 |     1 |          1127
           61 |     2 |           508
           61 |     3 |           318
           61 |     4 |           227
           61 |     5 |           189
           61 |     6 |           140
           61 |     7 |           113
           61 |     8 |           103
           61 |     9 |           104
           61 |    10 |            93
           61 |    11 |            83
           61 |    12 |            73
           61 |    13 |            86
           61 |    14 |            90
           61 |    15 |            90
           61 |    16 |           104
           61 |    17 |           108
           61 |    18 |           104
           61 |    19 |           122
----------------------------------
           62 |     1 |          1044
           62 |     2 |           504
           62 |     3 |           303
           62 |     4 |           221
           62 |     5 |           157
           62 |     6 |           126
           62 |     7 |           115
           62 |     8 |            99
           62 |     9 |            87
           62 |    10 |            87
           62 |    11 |            85
           62 |    12 |            74
           62 |    13 |            84
           62 |    14 |            70
           62 |    15 |            73
           62 |    16 |            87
           62 |    17 |            94
           62 |    18 |           106
           62 |    19 |           118
----------------------------------
           63 |     1 |           971
           63 |     2 |           444
           63 |     3 |           275
           63 |     4 |           205
           63 |     5 |           161
           63 |     6 |           128
           63 |     7 |           112
           63 |     8 |            91
           63 |     9 |           102
           63 |    10 |            84
           63 |    11 |            78
           63 |    12 |            79
           63 |    13 |            79
           63 |    14 |            78
           63 |    15 |            80
           63 |    16 |            89
           63 |    17 |            84
           63 |    18 |            97
           63 |    19 |           102
----------------------------------
           64 |     1 |           655
           64 |     2 |           303
           64 |     3 |           189
           64 |     4 |           143
           64 |     5 |           108
           64 |     6 |            85
           64 |     7 |            72
           64 |     8 |            66
           64 |     9 |            64
           64 |    10 |            65
           64 |    11 |            57
           64 |    12 |            57
           64 |    13 |            52
           64 |    14 |            58
           64 |    15 |            60
           64 |    16 |            62
           64 |    17 |            62
           64 |    18 |            72
           64 |    19 |            74
----------------------------------
           65 |     1 |           991
           65 |     2 |           473
           65 |     3 |           303
           65 |     4 |           219
           65 |     5 |           166
           65 |     6 |           136
           65 |     7 |           124
           65 |     8 |           105
           65 |     9 |            93
           65 |    10 |            93
           65 |    11 |            81
           65 |    12 |            78
           65 |    13 |            81
           65 |    14 |            79
           65 |    15 |            95
           65 |    16 |            91
           65 |    17 |            90
           65 |    18 |           102
           65 |    19 |           110
----------------------------------
           66 |     1 |           533
           66 |     2 |           240
           66 |     3 |           163
           66 |     4 |           128
           66 |     5 |            97
           66 |     6 |            87
           66 |     7 |            65
           66 |     8 |            64
           66 |     9 |            59
           66 |    10 |            53
           66 |    11 |            49
           66 |    12 |            45
           66 |    13 |            43
           66 |    14 |            37
           66 |    15 |            43
           66 |    16 |            44
           66 |    17 |            50
           66 |    18 |            53
           66 |    19 |            61
----------------------------------
           67 |     1 |           970
           67 |     2 |           469
           67 |     3 |           302
           67 |     4 |           227
           67 |     5 |           165
           67 |     6 |           141
           67 |     7 |           114
           67 |     8 |            97
           67 |     9 |           100
           67 |    10 |            98
           67 |    11 |            91
           67 |    12 |            97
           67 |    13 |            96
           67 |    14 |            90
           67 |    15 |            86
           67 |    16 |            98
           67 |    17 |           100
           67 |    18 |           102
           67 |    19 |           108
----------------------------------
           68 |     1 |           843
           68 |     2 |           411
           68 |     3 |           270
           68 |     4 |           197
           68 |     5 |           161
           68 |     6 |           131
           68 |     7 |           109
           68 |     8 |           104
           68 |     9 |            92
           68 |    10 |            82
           68 |    11 |            72
           68 |    12 |            73
           68 |    13 |            70
           68 |    14 |            73
           68 |    15 |            77
           68 |    16 |            79
           68 |    17 |            87
           68 |    18 |            97
           68 |    19 |           100
----------------------------------
           69 |     1 |           705
           69 |     2 |           337
           69 |     3 |           228
           69 |     4 |           169
           69 |     5 |           136
           69 |     6 |           117
           69 |     7 |            96
           69 |     8 |            85
           69 |     9 |            71
           69 |    10 |            65
           69 |    11 |            64
           69 |    12 |            66
           69 |    13 |            63
           69 |    14 |            64
           69 |    15 |            62
           69 |    16 |            70
           69 |    17 |            76
           69 |    18 |            72
           69 |    19 |            76
----------------------------------
           70 |     1 |           698
           70 |     2 |           349
           70 |     3 |           228
           70 |     4 |           181
           70 |     5 |           143
           70 |     6 |           111
           70 |     7 |           103
           70 |     8 |            87
           70 |     9 |            82
           70 |    10 |            75
           70 |    11 |            70
           70 |    12 |            71
           70 |    13 |            66
           70 |    14 |            68
           70 |    15 |            63
           70 |    16 |            62
           70 |    17 |            63
           70 |    18 |            72
           70 |    19 |            68
----------------------------------
           71 |     1 |           515
           71 |     2 |           251
           71 |     3 |           170
           71 |     4 |           126
           71 |     5 |            97
           71 |     6 |            85
           71 |     7 |            71
           71 |     8 |            63
           71 |     9 |            59
           71 |    10 |            60
           71 |    11 |            63
           71 |    12 |            58
           71 |    13 |            56
           71 |    14 |            53
           71 |    15 |            48
           71 |    16 |            55
           71 |    17 |            51
           71 |    18 |            53
           71 |    19 |            54
----------------------------------
           72 |     1 |           308
           72 |     2 |           153
           72 |     3 |           104
           72 |     4 |            77
           72 |     5 |            63
           72 |     6 |            54
           72 |     7 |            50
           72 |     8 |            41
           72 |     9 |            36
           72 |    10 |            31
           72 |    11 |            32
           72 |    12 |            34
           72 |    13 |            27
           72 |    14 |            26
           72 |    15 |            30
           72 |    16 |            37
           72 |    17 |            41
           72 |    18 |            41
           72 |    19 |            39
----------------------------------
           73 |     1 |           658
           73 |     2 |           320
           73 |     3 |           202
           73 |     4 |           163
           73 |     5 |           124
           73 |     6 |           115
           73 |     7 |            98
           73 |     8 |            87
           73 |     9 |            84
           73 |    10 |            79
           73 |    11 |            79
           73 |    12 |            76
           73 |    13 |            75
           73 |    14 |            79
           73 |    15 |            86
           73 |    16 |            75
           73 |    17 |            71
           73 |    18 |            78
           73 |    19 |            79
----------------------------------
           74 |     1 |           280
           74 |     2 |           140
           74 |     3 |            98
           74 |     4 |            71
           74 |     5 |            57
           74 |     6 |            47
           74 |     7 |            42
           74 |     8 |            39
           74 |     9 |            37
           74 |    10 |            37
           74 |    11 |            32
           74 |    12 |            30
           74 |    13 |            29
           74 |    14 |            25
           74 |    15 |            24
           74 |    16 |            24
           74 |    17 |            31
           74 |    18 |            36
           74 |    19 |            31
----------------------------------
           75 |     1 |           351
           75 |     2 |           176
           75 |     3 |           116
           75 |     4 |            87
           75 |     5 |            82
           75 |     6 |            69
           75 |     7 |            62
           75 |     8 |            49
           75 |     9 |            42
           75 |    10 |            39
           75 |    11 |            39
           75 |    12 |            35
           75 |    13 |            40
           75 |    14 |            41
           75 |    15 |            34
           75 |    16 |            39
           75 |    17 |            40
           75 |    18 |            41
           75 |    19 |            43
----------------------------------
           76 |     1 |           401
           76 |     2 |           203
           76 |     3 |           125
           76 |     4 |           102
           76 |     5 |            87
           76 |     6 |            80
           76 |     7 |            67
           76 |     8 |            63
           76 |     9 |            59
           76 |    10 |            57
           76 |    11 |            50
           76 |    12 |            50
           76 |    13 |            44
           76 |    14 |            45
           76 |    15 |            44
           76 |    16 |            50
           76 |    17 |            49
           76 |    18 |            46
           76 |    19 |            50
----------------------------------
           77 |     1 |           275
           77 |     2 |           147
           77 |     3 |            98
           77 |     4 |            74
           77 |     5 |            62
           77 |     6 |            56
           77 |     7 |            47
           77 |     8 |            39
           77 |     9 |            35
           77 |    10 |            36
           77 |    11 |            34
           77 |    12 |            34
           77 |    13 |            32
           77 |    14 |            31
           77 |    15 |            36
           77 |    16 |            30
           77 |    17 |            31
           77 |    18 |            31
           77 |    19 |            27
----------------------------------
           78 |     1 |           407
           78 |     2 |           210
           78 |     3 |           137
           78 |     4 |           107
           78 |     5 |            86
           78 |     6 |            70
           78 |     7 |            68
           78 |     8 |            63
           78 |     9 |            56
           78 |    10 |            52
           78 |    11 |            50
           78 |    12 |            49
           78 |    13 |            49
           78 |    14 |            52
           78 |    15 |            46
           78 |    16 |            50
           78 |    17 |            53
           78 |    18 |            55
           78 |    19 |            56
----------------------------------
           79 |     1 |           316
           79 |     2 |           157
           79 |     3 |           106
           79 |     4 |            78
           79 |     5 |            71
           79 |     6 |            71
           79 |     7 |            64
           79 |     8 |            54
           79 |     9 |            45
           79 |    10 |            41
           79 |    11 |            41
           79 |    12 |            36
           79 |    13 |            38
           79 |    14 |            36
           79 |    15 |            38
           79 |    16 |            38
           79 |    17 |            43
           79 |    18 |            39
           79 |    19 |            31
----------------------------------
           80 |     1 |           296
           80 |     2 |           142
           80 |     3 |            99
           80 |     4 |            80
           80 |     5 |            64
           80 |     6 |            61
           80 |     7 |            56
           80 |     8 |            50
           80 |     9 |            47
           80 |    10 |            42
           80 |    11 |            38
           80 |    12 |            33
           80 |    13 |            38
           80 |    14 |            42
           80 |    15 |            40
           80 |    16 |            39
           80 |    17 |            40
           80 |    18 |            37
           80 |    19 |            36
----------------------------------
           81 |     1 |           112
           81 |     2 |            59
           81 |     3 |            41
           81 |     4 |            31
           81 |     5 |            23
           81 |     6 |            20
           81 |     7 |            16
           81 |     8 |            17
           81 |     9 |            18
           81 |    10 |            16
           81 |    11 |            16
           81 |    12 |            17
           81 |    13 |            19
           81 |    14 |            15
           81 |    15 |            16
           81 |    16 |            15
           81 |    17 |            11
           81 |    18 |            13
           81 |    19 |            11
----------------------------------
           82 |     1 |           166
           82 |     2 |            84
           82 |     3 |            63
           82 |     4 |            52
           82 |     5 |            43
           82 |     6 |            34
           82 |     7 |            28
           82 |     8 |            28
           82 |     9 |            27
           82 |    10 |            29
           82 |    11 |            30
           82 |    12 |            23
           82 |    13 |            22
           82 |    14 |            20
           82 |    15 |            18
           82 |    16 |            16
           82 |    17 |            18
           82 |    18 |            20
           82 |    19 |            17
----------------------------------
           83 |     1 |           190
           83 |     2 |            91
           83 |     3 |            62
           83 |     4 |            45
           83 |     5 |            42
           83 |     6 |            35
           83 |     7 |            34
           83 |     8 |            34
           83 |     9 |            31
           83 |    10 |            31
           83 |    11 |            29
           83 |    12 |            32
           83 |    13 |            26
           83 |    14 |            28
           83 |    15 |            26
           83 |    16 |            23
           83 |    17 |            24
           83 |    18 |            23
           83 |    19 |            24
----------------------------------
           84 |     1 |           150
           84 |     2 |            71
           84 |     3 |            51
           84 |     4 |            37
           84 |     5 |            34
           84 |     6 |            32
           84 |     7 |            27
           84 |     8 |            31
           84 |     9 |            32
           84 |    10 |            25
           84 |    11 |            24
           84 |    12 |            24
           84 |    13 |            23
           84 |    14 |            21
           84 |    15 |            19
           84 |    16 |            16
           84 |    17 |            20
           84 |    18 |            18
           84 |    19 |            17
----------------------------------
           85 |     1 |            37
           85 |     2 |            17
           85 |     3 |            12
           85 |     4 |            12
           85 |     5 |             9
           85 |     6 |             9
           85 |     7 |             9
           85 |     8 |             7
           85 |     9 |             6
           85 |    10 |             6
           85 |    11 |             6
           85 |    12 |             6
           85 |    13 |             6
           85 |    14 |             5
           85 |    15 |             5
           85 |    16 |             4
           85 |    17 |             4
           85 |    18 |             5
           85 |    19 |             5
----------------------------------
           86 |     1 |            38
           86 |     2 |            20
           86 |     3 |            12
           86 |     4 |            12
           86 |     5 |             8
           86 |     6 |             8
           86 |     7 |             7
           86 |     8 |             6
           86 |     9 |             6
           86 |    10 |             6
           86 |    11 |             5
           86 |    12 |             6
           86 |    13 |             5
           86 |    14 |             5
           86 |    15 |             6
           86 |    16 |             5
           86 |    17 |             5
           86 |    18 |             7
           86 |    19 |             5
----------------------------------
           87 |     1 |            19
           87 |     2 |            11
           87 |     3 |             9
           87 |     4 |             6
           87 |     5 |             4
           87 |     6 |             4
           87 |     7 |             4
           87 |     8 |             3
           87 |     9 |             3
           87 |    10 |             3
           87 |    11 |             2
           87 |    12 |             1
           87 |    13 |             2
           87 |    14 |             3
           87 |    15 |             2
           87 |    16 |             3
           87 |    17 |             3
           87 |    18 |             2
           87 |    19 |             3
----------------------------------
           88 |     1 |            57
           88 |     2 |            31
           88 |     3 |            20
           88 |     4 |            18
           88 |     5 |            12
           88 |     6 |            10
           88 |     7 |            11
           88 |     8 |            10
           88 |     9 |             9
           88 |    10 |             8
           88 |    11 |             9
           88 |    12 |            11
           88 |    13 |             9
           88 |    14 |             9
           88 |    15 |             9
           88 |    16 |             7
           88 |    17 |             7
           88 |    18 |             9
           88 |    19 |             8
----------------------------------
           89 |     1 |            55
           89 |     2 |            28
           89 |     3 |            19
           89 |     4 |            15
           89 |     5 |            13
           89 |     6 |            13
           89 |     7 |            13
           89 |     8 |            11
           89 |     9 |            12
           89 |    10 |            11
           89 |    11 |            10
           89 |    12 |            10
           89 |    13 |            11
           89 |    14 |            10
           89 |    15 |            10
           89 |    16 |             7
           89 |    17 |             5
           89 |    18 |             7
           89 |    19 |             7
----------------------------------
           90 |     1 |            77
           90 |     2 |            36
           90 |     3 |            26
           90 |     4 |            20
           90 |     5 |            18
           90 |     6 |            17
           90 |     7 |            16
           90 |     8 |            15
           90 |     9 |            14
           90 |    10 |            15
           90 |    11 |            14
           90 |    12 |            16
           90 |    13 |            13
           90 |    14 |            10
           90 |    15 |            10
           90 |    16 |            10
           90 |    17 |            12
           90 |    18 |             9
           90 |    19 |            12
----------------------------------
           91 |     1 |            73
           91 |     2 |            36
           91 |     3 |            24
           91 |     4 |            22
           91 |     5 |            19
           91 |     6 |            16
           91 |     7 |            16
           91 |     8 |            14
           91 |     9 |            14
           91 |    10 |            13
           91 |    11 |            15
           91 |    12 |            13
           91 |    13 |            12
           91 |    14 |            14
           91 |    15 |            16
           91 |    16 |            12
           91 |    17 |            11
           91 |    18 |            13
           91 |    19 |            11
----------------------------------
----------------------------------
           93 |     1 |            36
           93 |     2 |            19
           93 |     3 |            15
           93 |     4 |            10
           93 |     5 |             8
           93 |     6 |             7
           93 |     7 |            10
           93 |     8 |             9
           93 |     9 |             8
           93 |    10 |             7
           93 |    11 |             6
           93 |    12 |             6
           93 |    13 |             6
           93 |    14 |             6
           93 |    15 |             7
           93 |    16 |             6
           93 |    17 |             6
           93 |    18 |             8
           93 |    19 |             6
----------------------------------
           94 |     1 |            19
           94 |     2 |             9
           94 |     3 |             7
           94 |     4 |             7
           94 |     5 |             6
           94 |     6 |             5
           94 |     7 |             3
           94 |     8 |             3
           94 |     9 |             3
           94 |    10 |             2
           94 |    11 |             4
           94 |    12 |             3
           94 |    13 |             4
           94 |    14 |             4
           94 |    15 |             4
           94 |    16 |             3
           94 |    17 |             3
           94 |    18 |             2
           94 |    19 |             3
----------------------------------
----------------------------------
----------------------------------
           97 |     1 |            74
           97 |     2 |            42
           97 |     3 |            32
           97 |     4 |            24
           97 |     5 |            24
           97 |     6 |            20
           97 |     7 |            19
           97 |     8 |            15
           97 |     9 |            12
           97 |    10 |            12
           97 |    11 |            16
           97 |    12 |            15
           97 |    13 |            15
           97 |    14 |            13
           97 |    15 |            10
           97 |    16 |            11
           97 |    17 |            11
           97 |    18 |            13
           97 |    19 |            10
----------------------------------
----------------------------------
           99 |     1 |            37
           99 |     2 |            21
           99 |     3 |            17
           99 |     4 |            13
           99 |     5 |            12
           99 |     6 |            10
           99 |     7 |             7
           99 |     8 |             7
           99 |     9 |             6
           99 |    10 |             5
           99 |    11 |             7
           99 |    12 |            10
           99 |    13 |             9
           99 |    14 |             8
           99 |    15 |             8
           99 |    16 |             7
           99 |    17 |             7
           99 |    18 |             5
           99 |    19 |             2
----------------------------------
----------------------------------
----------------------------------
----------------------------------
----------------------------------
----------------------------------
----------------------------------
          106 |     1 |            18
          106 |     2 |            11
          106 |     3 |             9
          106 |     4 |             7
          106 |     5 |             5
          106 |     6 |             5
          106 |     7 |             6
          106 |     8 |             5
          106 |     9 |             4
          106 |    10 |             3
          106 |    11 |             3
          106 |    12 |             4
          106 |    13 |             3
          106 |    14 |             4
          106 |    15 |             3
          106 |    16 |             5
          106 |    17 |             3
          106 |    18 |             5
          106 |    19 |             3
----------------------------------
----------------------------------
----------------------------------
----------------------------------
----------------------------------
----------------------------------
----------------------------------
----------------------------------
----------------------------------
----------------------------------
----------------------------------
----------------------------------
----------------------------------
----------------------------------
----------------------------------
----------------------------------
----------------------------------
----------------------------------
----------------------------------
----------------------------------
----------------------------------
----------------------------------
----------------------------------
----------------------------------
----------------------------------
----------------------------------
----------------------------------
----------------------------------
----------------------------------
----------------------------------
----------------------------------
----------------------------------
----------------------------------
----------------------------------
----------------------------------
----------------------------------
----------------------------------
----------------------------------
----------------------------------
----------------------------------
----------------------------------
----------------------------------
----------------------------------
----------------------------------
----------------------------------
----------------------------------
----------------------------------
----------------------------------
----------------------------------
----------------------------------
----------------------------------
----------------------------------
----------------------------------
----------------------------------
----------------------------------
----------------------------------
----------------------------------
----------------------------------
----------------------------------
----------------------------------
----------------------------------
----------------------------------
----------------------------------
----------------------------------
----------------------------------
----------------------------------
----------------------------------
----------------------------------
----------------------------------
----------------------------------
----------------------------------
----------------------------------
----------------------------------
----------------------------------
----------------------------------
----------------------------------
----------------------------------
----------------------------------
----------------------------------
----------------------------------
----------------------------------
----------------------------------
----------------------------------
----------------------------------
----------------------------------
----------------------------------
----------------------------------
----------------------------------
----------------------------------
----------------------------------
----------------------------------
----------------------------------
----------------------------------
----------------------------------
----------------------------------
----------------------------------
----------------------------------
----------------------------------
----------------------------------
----------------------------------
----------------------------------
----------------------------------
----------------------------------
----------------------------------
----------------------------------
----------------------------------
----------------------------------
----------------------------------
----------------------------------
----------------------------------
----------------------------------
----------------------------------
----------------------------------
----------------------------------
----------------------------------
----------------------------------
----------------------------------
----------------------------------
----------------------------------
----------------------------------
----------------------------------
----------------------------------
----------------------------------
----------------------------------
----------------------------------
----------------------------------
----------------------------------
----------------------------------
----------------------------------
----------------------------------
----------------------------------
----------------------------------
----------------------------------
----------------------------------
----------------------------------
----------------------------------
----------------------------------
----------------------------------
----------------------------------
----------------------------------
----------------------------------
----------------------------------
----------------------------------
----------------------------------
----------------------------------
----------------------------------
----------------------------------
----------------------------------
----------------------------------
----------------------------------
----------------------------------
----------------------------------
----------------------------------
----------------------------------
----------------------------------
----------------------------------
----------------------------------
----------------------------------
----------------------------------
----------------------------------
----------------------------------
----------------------------------
----------------------------------
----------------------------------
----------------------------------
----------------------------------
----------------------------------
----------------------------------
----------------------------------
----------------------------------
----------------------------------
----------------------------------
----------------------------------
----------------------------------
----------------------------------
----------------------------------
----------------------------------
----------------------------------
----------------------------------
----------------------------------
----------------------------------
----------------------------------
----------------------------------
----------------------------------
----------------------------------
----------------------------------
----------------------------------
----------------------------------
----------------------------------
----------------------------------
----------------------------------
----------------------------------
----------------------------------
----------------------------------
----------------------------------
----------------------------------
----------------------------------
----------------------------------
----------------------------------
----------------------------------
----------------------------------
----------------------------------
----------------------------------
----------------------------------
----------------------------------
----------------------------------
----------------------------------
----------------------------------
----------------------------------
----------------------------------
----------------------------------
----------------------------------
----------------------------------
----------------------------------
----------------------------------
----------------------------------
----------------------------------
----------------------------------
----------------------------------
----------------------------------
----------------------------------
----------------------------------
----------------------------------
----------------------------------
----------------------------------
----------------------------------
----------------------------------
----------------------------------
----------------------------------
----------------------------------
----------------------------------
----------------------------------
----------------------------------
----------------------------------
----------------------------------
----------------------------------
----------------------------------
----------------------------------
----------------------------------
----------------------------------
----------------------------------
----------------------------------
----------------------------------
----------------------------------
----------------------------------
----------------------------------
----------------------------------
----------------------------------
----------------------------------
----------------------------------
----------------------------------
----------------------------------
----------------------------------
----------------------------------
----------------------------------
----------------------------------
----------------------------------
----------------------------------
----------------------------------
----------------------------------
----------------------------------
----------------------------------
----------------------------------
----------------------------------
----------------------------------
----------------------------------
----------------------------------
----------------------------------
----------------------------------
----------------------------------
----------------------------------
----------------------------------
----------------------------------
----------------------------------
----------------------------------
