MinCut number | SSize | Number of cuts
----------------------------------
----------------------------------
----------------------------------
----------------------------------
----------------------------------
----------------------------------
----------------------------------
----------------------------------
----------------------------------
----------------------------------
----------------------------------
----------------------------------
----------------------------------
----------------------------------
----------------------------------
----------------------------------
----------------------------------
----------------------------------
----------------------------------
----------------------------------
----------------------------------
----------------------------------
----------------------------------
----------------------------------
----------------------------------
----------------------------------
----------------------------------
----------------------------------
----------------------------------
----------------------------------
----------------------------------
           50 |     1 |            57
           50 |     2 |            22
           50 |     3 |             9
           50 |     4 |             7
           50 |     5 |             6
           50 |     6 |             5
           50 |     7 |             5
           50 |     8 |             5
           50 |     9 |             4
           50 |    10 |             2
           50 |    11 |             3
           50 |    12 |             3
           50 |    13 |             3
           50 |    14 |             1
           50 |    15 |             3
           50 |    16 |             3
           50 |    17 |             3
           50 |    18 |             5
           50 |    19 |             4
----------------------------------
           51 |     1 |            77
           51 |     2 |            29
           51 |     3 |            15
           51 |     4 |            11
           51 |     5 |             7
           51 |     6 |             4
           51 |     7 |             5
           51 |     8 |             4
           51 |     9 |             5
           51 |    10 |             5
           51 |    11 |             6
           51 |    12 |             6
           51 |    13 |             6
           51 |    14 |             4
           51 |    15 |             4
           51 |    16 |             4
           51 |    17 |             4
           51 |    18 |             4
           51 |    19 |             4
----------------------------------
           52 |     1 |           152
           52 |     2 |            66
           52 |     3 |            32
           52 |     4 |            19
           52 |     5 |            15
           52 |     6 |            14
           52 |     7 |            11
           52 |     8 |             8
           52 |     9 |             7
           52 |    10 |             9
           52 |    11 |             8
           52 |    12 |            12
           52 |    13 |            10
           52 |    14 |             9
           52 |    15 |             9
           52 |    16 |             8
           52 |    17 |             8
           52 |    18 |             8
           52 |    19 |            11
----------------------------------
           53 |     1 |           172
           53 |     2 |            68
           53 |     3 |            37
           53 |     4 |            21
           53 |     5 |            16
           53 |     6 |            13
           53 |     7 |            11
           53 |     8 |            13
           53 |     9 |            13
           53 |    10 |            13
           53 |    11 |            11
           53 |    12 |             9
           53 |    13 |            11
           53 |    14 |            12
           53 |    15 |            10
           53 |    16 |            10
           53 |    17 |            12
           53 |    18 |            12
           53 |    19 |            13
----------------------------------
           54 |     1 |           247
           54 |     2 |           105
           54 |     3 |            56
           54 |     4 |            38
           54 |     5 |            28
           54 |     6 |            24
           54 |     7 |            18
           54 |     8 |            18
           54 |     9 |            18
           54 |    10 |            14
           54 |    11 |            16
           54 |    12 |            13
           54 |    13 |            11
           54 |    14 |            12
           54 |    15 |            14
           54 |    16 |            15
           54 |    17 |            15
           54 |    18 |            18
           54 |    19 |            22
----------------------------------
           55 |     1 |           343
           55 |     2 |           146
           55 |     3 |            85
           55 |     4 |            54
           55 |     5 |            41
           55 |     6 |            29
           55 |     7 |            28
           55 |     8 |            24
           55 |     9 |            23
           55 |    10 |            21
           55 |    11 |            24
           55 |    12 |            22
           55 |    13 |            23
           55 |    14 |            20
           55 |    15 |            18
           55 |    16 |            18
           55 |    17 |            22
           55 |    18 |            24
           55 |    19 |            25
----------------------------------
           56 |     1 |           230
           56 |     2 |           100
           56 |     3 |            55
           56 |     4 |            34
           56 |     5 |            27
           56 |     6 |            19
           56 |     7 |            18
           56 |     8 |            17
           56 |     9 |            15
           56 |    10 |            13
           56 |    11 |            12
           56 |    12 |            14
           56 |    13 |            15
           56 |    14 |            16
           56 |    15 |            17
           56 |    16 |            16
           56 |    17 |            18
           56 |    18 |            18
           56 |    19 |            18
----------------------------------
           57 |     1 |           383
           57 |     2 |           165
           57 |     3 |            97
           57 |     4 |            65
           57 |     5 |            46
           57 |     6 |            42
           57 |     7 |            34
           57 |     8 |            28
           57 |     9 |            27
           57 |    10 |            18
           57 |    11 |            22
           57 |    12 |            19
           57 |    13 |            24
           57 |    14 |            21
           57 |    15 |            25
           57 |    16 |            26
           57 |    17 |            26
           57 |    18 |            34
           57 |    19 |            38
----------------------------------
           58 |     1 |           575
           58 |     2 |           251
           58 |     3 |           159
           58 |     4 |           107
           58 |     5 |            80
           58 |     6 |            68
           58 |     7 |            52
           58 |     8 |            41
           58 |     9 |            35
           58 |    10 |            36
           58 |    11 |            32
           58 |    12 |            29
           58 |    13 |            33
           58 |    14 |            34
           58 |    15 |            33
           58 |    16 |            39
           58 |    17 |            47
           58 |    18 |            45
           58 |    19 |            44
----------------------------------
           59 |     1 |           822
           59 |     2 |           375
           59 |     3 |           217
           59 |     4 |           155
           59 |     5 |           116
           59 |     6 |            91
           59 |     7 |            79
           59 |     8 |            68
           59 |     9 |            57
           59 |    10 |            52
           59 |    11 |            48
           59 |    12 |            53
           59 |    13 |            54
           59 |    14 |            51
           59 |    15 |            58
           59 |    16 |            57
           59 |    17 |            58
           59 |    18 |            60
           59 |    19 |            66
----------------------------------
           60 |     1 |           879
           60 |     2 |           402
           60 |     3 |           248
           60 |     4 |           177
           60 |     5 |           130
           60 |     6 |           105
           60 |     7 |            89
           60 |     8 |            82
           60 |     9 |            73
           60 |    10 |            63
           60 |    11 |            58
           60 |    12 |            58
           60 |    13 |            61
           60 |    14 |            50
           60 |    15 |            53
           60 |    16 |            56
           60 |    17 |            53
           60 |    18 |            62
           60 |    19 |            61
----------------------------------
           61 |     1 |           860
           61 |     2 |           403
           61 |     3 |           236
           61 |     4 |           162
           61 |     5 |           136
           61 |     6 |           111
           61 |     7 |            91
           61 |     8 |            79
           61 |     9 |            68
           61 |    10 |            61
           61 |    11 |            62
           61 |    12 |            58
           61 |    13 |            51
           61 |    14 |            55
           61 |    15 |            59
           61 |    16 |            55
           61 |    17 |            66
           61 |    18 |            66
           61 |    19 |            66
----------------------------------
           62 |     1 |          1029
           62 |     2 |           494
           62 |     3 |           304
           62 |     4 |           220
           62 |     5 |           171
           62 |     6 |           128
           62 |     7 |           112
           62 |     8 |            95
           62 |     9 |            86
           62 |    10 |            82
           62 |    11 |            76
           62 |    12 |            63
           62 |    13 |            62
           62 |    14 |            73
           62 |    15 |            67
           62 |    16 |            69
           62 |    17 |            69
           62 |    18 |            71
           62 |    19 |            77
----------------------------------
           63 |     1 |          1054
           63 |     2 |           498
           63 |     3 |           325
           63 |     4 |           231
           63 |     5 |           173
           63 |     6 |           140
           63 |     7 |           119
           63 |     8 |           104
           63 |     9 |            92
           63 |    10 |            87
           63 |    11 |            72
           63 |    12 |            72
           63 |    13 |            66
           63 |    14 |            65
           63 |    15 |            65
           63 |    16 |            70
           63 |    17 |            69
           63 |    18 |            81
           63 |    19 |            82
----------------------------------
           64 |     1 |           975
           64 |     2 |           448
           64 |     3 |           282
           64 |     4 |           208
           64 |     5 |           166
           64 |     6 |           136
           64 |     7 |           115
           64 |     8 |           108
           64 |     9 |            94
           64 |    10 |            83
           64 |    11 |            83
           64 |    12 |            69
           64 |    13 |            72
           64 |    14 |            69
           64 |    15 |            65
           64 |    16 |            69
           64 |    17 |            72
           64 |    18 |            75
           64 |    19 |            75
----------------------------------
           65 |     1 |           785
           65 |     2 |           377
           65 |     3 |           238
           65 |     4 |           184
           65 |     5 |           141
           65 |     6 |           111
           65 |     7 |            85
           65 |     8 |            83
           65 |     9 |            72
           65 |    10 |            66
           65 |    11 |            59
           65 |    12 |            58
           65 |    13 |            57
           65 |    14 |            55
           65 |    15 |            50
           65 |    16 |            57
           65 |    17 |            59
           65 |    18 |            66
           65 |    19 |            62
----------------------------------
           66 |     1 |           782
           66 |     2 |           384
           66 |     3 |           253
           66 |     4 |           186
           66 |     5 |           138
           66 |     6 |           106
           66 |     7 |            86
           66 |     8 |            84
           66 |     9 |            73
           66 |    10 |            73
           66 |    11 |            66
           66 |    12 |            61
           66 |    13 |            62
           66 |    14 |            62
           66 |    15 |            60
           66 |    16 |            60
           66 |    17 |            56
           66 |    18 |            55
           66 |    19 |            59
----------------------------------
           67 |     1 |          1040
           67 |     2 |           511
           67 |     3 |           323
           67 |     4 |           237
           67 |     5 |           189
           67 |     6 |           155
           67 |     7 |           140
           67 |     8 |           127
           67 |     9 |           111
           67 |    10 |           100
           67 |    11 |            91
           67 |    12 |            76
           67 |    13 |            73
           67 |    14 |            76
           67 |    15 |            71
           67 |    16 |            72
           67 |    17 |            72
           67 |    18 |            75
           67 |    19 |            79
----------------------------------
           68 |     1 |           963
           68 |     2 |           468
           68 |     3 |           313
           68 |     4 |           217
           68 |     5 |           177
           68 |     6 |           146
           68 |     7 |           124
           68 |     8 |           109
           68 |     9 |            96
           68 |    10 |            93
           68 |    11 |            88
           68 |    12 |            82
           68 |    13 |            83
           68 |    14 |            76
           68 |    15 |            81
           68 |    16 |            74
           68 |    17 |            70
           68 |    18 |            71
           68 |    19 |            69
----------------------------------
           69 |     1 |           690
           69 |     2 |           337
           69 |     3 |           220
           69 |     4 |           170
           69 |     5 |           125
           69 |     6 |           111
           69 |     7 |            96
           69 |     8 |            84
           69 |     9 |            76
           69 |    10 |            70
           69 |    11 |            57
           69 |    12 |            59
           69 |    13 |            58
           69 |    14 |            50
           69 |    15 |            56
           69 |    16 |            54
           69 |    17 |            56
           69 |    18 |            60
           69 |    19 |            55
----------------------------------
           70 |     1 |           771
           70 |     2 |           383
           70 |     3 |           249
           70 |     4 |           195
           70 |     5 |           161
           70 |     6 |           123
           70 |     7 |           111
           70 |     8 |            99
           70 |     9 |            83
           70 |    10 |            76
           70 |    11 |            72
           70 |    12 |            68
           70 |    13 |            66
           70 |    14 |            58
           70 |    15 |            62
           70 |    16 |            54
           70 |    17 |            60
           70 |    18 |            55
           70 |    19 |            54
----------------------------------
           71 |     1 |           843
           71 |     2 |           422
           71 |     3 |           277
           71 |     4 |           203
           71 |     5 |           166
           71 |     6 |           137
           71 |     7 |           118
           71 |     8 |            99
           71 |     9 |            91
           71 |    10 |            83
           71 |    11 |            87
           71 |    12 |            88
           71 |    13 |            83
           71 |    14 |            77
           71 |    15 |            70
           71 |    16 |            72
           71 |    17 |            64
           71 |    18 |            69
           71 |    19 |            75
----------------------------------
           72 |     1 |           598
           72 |     2 |           292
           72 |     3 |           196
           72 |     4 |           149
           72 |     5 |           115
           72 |     6 |            99
           72 |     7 |            87
           72 |     8 |            73
           72 |     9 |            71
           72 |    10 |            67
           72 |    11 |            69
           72 |    12 |            57
           72 |    13 |            59
           72 |    14 |            54
           72 |    15 |            51
           72 |    16 |            48
           72 |    17 |            47
           72 |    18 |            49
           72 |    19 |            51
----------------------------------
           73 |     1 |           496
           73 |     2 |           243
           73 |     3 |           165
           73 |     4 |           118
           73 |     5 |           104
           73 |     6 |            89
           73 |     7 |            78
           73 |     8 |            72
           73 |     9 |            65
           73 |    10 |            56
           73 |    11 |            48
           73 |    12 |            51
           73 |    13 |            50
           73 |    14 |            45
           73 |    15 |            46
           73 |    16 |            45
           73 |    17 |            41
           73 |    18 |            44
           73 |    19 |            42
----------------------------------
           74 |     1 |           553
           74 |     2 |           286
           74 |     3 |           198
           74 |     4 |           142
           74 |     5 |           123
           74 |     6 |           102
           74 |     7 |            86
           74 |     8 |            75
           74 |     9 |            71
           74 |    10 |            67
           74 |    11 |            60
           74 |    12 |            55
           74 |    13 |            53
           74 |    14 |            47
           74 |    15 |            50
           74 |    16 |            47
           74 |    17 |            45
           74 |    18 |            44
           74 |    19 |            42
----------------------------------
           75 |     1 |           344
           75 |     2 |           168
           75 |     3 |           109
           75 |     4 |            84
           75 |     5 |            75
           75 |     6 |            65
           75 |     7 |            57
           75 |     8 |            54
           75 |     9 |            48
           75 |    10 |            41
           75 |    11 |            43
           75 |    12 |            36
           75 |    13 |            36
           75 |    14 |            33
           75 |    15 |            33
           75 |    16 |            33
           75 |    17 |            34
           75 |    18 |            29
           75 |    19 |            28
----------------------------------
           76 |     1 |           458
           76 |     2 |           224
           76 |     3 |           163
           76 |     4 |           125
           76 |     5 |           106
           76 |     6 |            89
           76 |     7 |            77
           76 |     8 |            66
           76 |     9 |            60
           76 |    10 |            54
           76 |    11 |            49
           76 |    12 |            50
           76 |    13 |            46
           76 |    14 |            43
           76 |    15 |            45
           76 |    16 |            45
           76 |    17 |            41
           76 |    18 |            41
           76 |    19 |            42
----------------------------------
           77 |     1 |           406
           77 |     2 |           207
           77 |     3 |           144
           77 |     4 |           107
           77 |     5 |            88
           77 |     6 |            72
           77 |     7 |            63
           77 |     8 |            60
           77 |     9 |            54
           77 |    10 |            54
           77 |    11 |            49
           77 |    12 |            45
           77 |    13 |            44
           77 |    14 |            41
           77 |    15 |            37
           77 |    16 |            37
           77 |    17 |            38
           77 |    18 |            36
           77 |    19 |            35
----------------------------------
           78 |     1 |           364
           78 |     2 |           185
           78 |     3 |           126
           78 |     4 |            94
           78 |     5 |            78
           78 |     6 |            67
           78 |     7 |            61
           78 |     8 |            56
           78 |     9 |            45
           78 |    10 |            49
           78 |    11 |            44
           78 |    12 |            46
           78 |    13 |            45
           78 |    14 |            41
           78 |    15 |            38
           78 |    16 |            37
           78 |    17 |            37
           78 |    18 |            34
           78 |    19 |            35
----------------------------------
           79 |     1 |           366
           79 |     2 |           189
           79 |     3 |           130
           79 |     4 |            97
           79 |     5 |            80
           79 |     6 |            75
           79 |     7 |            67
           79 |     8 |            54
           79 |     9 |            52
           79 |    10 |            45
           79 |    11 |            42
           79 |    12 |            42
           79 |    13 |            40
           79 |    14 |            37
           79 |    15 |            34
           79 |    16 |            41
           79 |    17 |            39
           79 |    18 |            38
           79 |    19 |            33
----------------------------------
           80 |     1 |           271
           80 |     2 |           149
           80 |     3 |           107
           80 |     4 |            84
           80 |     5 |            60
           80 |     6 |            54
           80 |     7 |            49
           80 |     8 |            42
           80 |     9 |            41
           80 |    10 |            31
           80 |    11 |            31
           80 |    12 |            30
           80 |    13 |            28
           80 |    14 |            24
           80 |    15 |            27
           80 |    16 |            22
           80 |    17 |            22
           80 |    18 |            24
           80 |    19 |            24
----------------------------------
           81 |     1 |           211
           81 |     2 |           107
           81 |     3 |            74
           81 |     4 |            57
           81 |     5 |            52
           81 |     6 |            42
           81 |     7 |            39
           81 |     8 |            34
           81 |     9 |            33
           81 |    10 |            33
           81 |    11 |            31
           81 |    12 |            27
           81 |    13 |            27
           81 |    14 |            23
           81 |    15 |            24
           81 |    16 |            22
           81 |    17 |            20
           81 |    18 |            18
           81 |    19 |            17
----------------------------------
           82 |     1 |           191
           82 |     2 |            97
           82 |     3 |            70
           82 |     4 |            60
           82 |     5 |            51
           82 |     6 |            46
           82 |     7 |            37
           82 |     8 |            36
           82 |     9 |            31
           82 |    10 |            25
           82 |    11 |            23
           82 |    12 |            24
           82 |    13 |            23
           82 |    14 |            19
           82 |    15 |            22
           82 |    16 |            21
           82 |    17 |            15
           82 |    18 |            15
           82 |    19 |            14
----------------------------------
           83 |     1 |           250
           83 |     2 |           132
           83 |     3 |            90
           83 |     4 |            76
           83 |     5 |            65
           83 |     6 |            62
           83 |     7 |            47
           83 |     8 |            42
           83 |     9 |            39
           83 |    10 |            34
           83 |    11 |            32
           83 |    12 |            28
           83 |    13 |            26
           83 |    14 |            28
           83 |    15 |            24
           83 |    16 |            28
           83 |    17 |            26
           83 |    18 |            24
           83 |    19 |            26
----------------------------------
           84 |     1 |           173
           84 |     2 |            91
           84 |     3 |            66
           84 |     4 |            56
           84 |     5 |            46
           84 |     6 |            39
           84 |     7 |            30
           84 |     8 |            29
           84 |     9 |            27
           84 |    10 |            22
           84 |    11 |            21
           84 |    12 |            20
           84 |    13 |            21
           84 |    14 |            21
           84 |    15 |            18
           84 |    16 |            17
           84 |    17 |            20
           84 |    18 |            20
           84 |    19 |            19
----------------------------------
           85 |     1 |            97
           85 |     2 |            51
           85 |     3 |            36
           85 |     4 |            27
           85 |     5 |            24
           85 |     6 |            20
           85 |     7 |            18
           85 |     8 |            15
           85 |     9 |            15
           85 |    10 |            12
           85 |    11 |            13
           85 |    12 |            12
           85 |    13 |            12
           85 |    14 |            12
           85 |    15 |            11
           85 |    16 |            13
           85 |    17 |            12
           85 |    18 |            13
           85 |    19 |            12
----------------------------------
           86 |     1 |           135
           86 |     2 |            71
           86 |     3 |            53
           86 |     4 |            39
           86 |     5 |            35
           86 |     6 |            27
           86 |     7 |            27
           86 |     8 |            23
           86 |     9 |            19
           86 |    10 |            19
           86 |    11 |            21
           86 |    12 |            22
           86 |    13 |            19
           86 |    14 |            16
           86 |    15 |            17
           86 |    16 |            15
           86 |    17 |            16
           86 |    18 |            16
           86 |    19 |            12
----------------------------------
           87 |     1 |            76
           87 |     2 |            43
           87 |     3 |            30
           87 |     4 |            23
           87 |     5 |            19
           87 |     6 |            17
           87 |     7 |            16
           87 |     8 |            14
           87 |     9 |            15
           87 |    10 |            14
           87 |    11 |            12
           87 |    12 |            13
           87 |    13 |            11
           87 |    14 |            10
           87 |    15 |             9
           87 |    16 |             7
           87 |    17 |             7
           87 |    18 |             6
           87 |    19 |             6
----------------------------------
           88 |     1 |            57
           88 |     2 |            26
           88 |     3 |            20
           88 |     4 |            18
           88 |     5 |            14
           88 |     6 |            13
           88 |     7 |            12
           88 |     8 |            11
           88 |     9 |            10
           88 |    10 |             9
           88 |    11 |            10
           88 |    12 |             8
           88 |    13 |             8
           88 |    14 |            10
           88 |    15 |             7
           88 |    16 |             7
           88 |    17 |             7
           88 |    18 |             9
           88 |    19 |             8
----------------------------------
           89 |     1 |            78
           89 |     2 |            39
           89 |     3 |            27
           89 |     4 |            18
           89 |     5 |            16
           89 |     6 |            14
           89 |     7 |            14
           89 |     8 |            14
           89 |     9 |            14
           89 |    10 |            13
           89 |    11 |            14
           89 |    12 |            13
           89 |    13 |            13
           89 |    14 |            13
           89 |    15 |            13
           89 |    16 |            11
           89 |    17 |            11
           89 |    18 |            12
           89 |    19 |             9
----------------------------------
           90 |     1 |            19
           90 |     2 |            11
           90 |     3 |             9
           90 |     4 |             6
           90 |     5 |             5
           90 |     6 |             4
           90 |     7 |             4
           90 |     8 |             4
           90 |     9 |             4
           90 |    10 |             4
           90 |    11 |             4
           90 |    12 |             3
           90 |    13 |             2
           90 |    14 |             2
           90 |    15 |             2
           90 |    16 |             2
           90 |    17 |             2
           90 |    18 |             2
           90 |    19 |             1
----------------------------------
           91 |     1 |            57
           91 |     2 |            30
           91 |     3 |            23
           91 |     4 |            21
           91 |     5 |            16
           91 |     6 |            14
           91 |     7 |            12
           91 |     8 |            13
           91 |     9 |            12
           91 |    10 |            10
           91 |    11 |            10
           91 |    12 |            11
           91 |    13 |             7
           91 |    14 |             6
           91 |    15 |             5
           91 |    16 |             6
           91 |    17 |             8
           91 |    18 |             7
           91 |    19 |             5
----------------------------------
           92 |     1 |            19
           92 |     2 |             9
           92 |     3 |             7
           92 |     4 |             7
           92 |     5 |             6
           92 |     6 |             5
           92 |     7 |             4
           92 |     8 |             3
           92 |     9 |             3
           92 |    10 |             3
           92 |    11 |             3
           92 |    12 |             3
           92 |    13 |             3
           92 |    14 |             3
           92 |    15 |             3
           92 |    16 |             4
           92 |    17 |             3
           92 |    18 |             2
           92 |    19 |             2
----------------------------------
           93 |     1 |            19
           93 |     2 |            11
           93 |     3 |             8
           93 |     4 |             7
           93 |     5 |             5
           93 |     6 |             4
           93 |     7 |             4
           93 |     8 |             5
           93 |     9 |             5
           93 |    10 |             4
           93 |    11 |             4
           93 |    12 |             3
           93 |    13 |             2
           93 |    14 |             3
           93 |    15 |             3
           93 |    16 |             2
           93 |    17 |             1
           93 |    18 |             1
           93 |    19 |             2
----------------------------------
           94 |     1 |           115
           94 |     2 |            65
           94 |     3 |            52
           94 |     4 |            38
           94 |     5 |            32
           94 |     6 |            25
           94 |     7 |            23
           94 |     8 |            22
           94 |     9 |            20
           94 |    10 |            18
           94 |    11 |            18
           94 |    12 |            18
           94 |    13 |            17
           94 |    14 |            18
           94 |    15 |            18
           94 |    16 |            19
           94 |    17 |            17
           94 |    18 |            16
           94 |    19 |            13
----------------------------------
----------------------------------
----------------------------------
----------------------------------
----------------------------------
           99 |     1 |            39
           99 |     2 |            21
           99 |     3 |            14
           99 |     4 |            13
           99 |     5 |            13
           99 |     6 |            11
           99 |     7 |            10
           99 |     8 |            10
           99 |     9 |            10
           99 |    10 |             8
           99 |    11 |             8
           99 |    12 |             9
           99 |    13 |             7
           99 |    14 |             7
           99 |    15 |             6
           99 |    16 |             5
           99 |    17 |             2
           99 |    18 |             3
           99 |    19 |             2
----------------------------------
          100 |     1 |            38
          100 |     2 |            23
          100 |     3 |            16
          100 |     4 |            15
          100 |     5 |            11
          100 |     6 |            12
          100 |     7 |            10
          100 |     8 |            10
          100 |     9 |             9
          100 |    10 |             8
          100 |    11 |             6
          100 |    12 |             5
          100 |    13 |             5
          100 |    14 |             6
          100 |    15 |             5
          100 |    16 |             6
          100 |    17 |             5
          100 |    18 |             5
          100 |    19 |             5
----------------------------------
----------------------------------
----------------------------------
----------------------------------
----------------------------------
----------------------------------
----------------------------------
----------------------------------
----------------------------------
----------------------------------
----------------------------------
----------------------------------
----------------------------------
----------------------------------
----------------------------------
----------------------------------
----------------------------------
----------------------------------
----------------------------------
----------------------------------
----------------------------------
----------------------------------
----------------------------------
----------------------------------
----------------------------------
----------------------------------
----------------------------------
----------------------------------
----------------------------------
----------------------------------
----------------------------------
----------------------------------
----------------------------------
----------------------------------
----------------------------------
----------------------------------
----------------------------------
----------------------------------
----------------------------------
----------------------------------
----------------------------------
----------------------------------
----------------------------------
----------------------------------
----------------------------------
----------------------------------
----------------------------------
----------------------------------
----------------------------------
----------------------------------
----------------------------------
----------------------------------
----------------------------------
----------------------------------
----------------------------------
----------------------------------
----------------------------------
----------------------------------
----------------------------------
----------------------------------
----------------------------------
----------------------------------
----------------------------------
----------------------------------
----------------------------------
----------------------------------
----------------------------------
----------------------------------
----------------------------------
----------------------------------
----------------------------------
----------------------------------
----------------------------------
----------------------------------
----------------------------------
----------------------------------
----------------------------------
----------------------------------
----------------------------------
----------------------------------
----------------------------------
----------------------------------
----------------------------------
----------------------------------
----------------------------------
----------------------------------
----------------------------------
----------------------------------
----------------------------------
----------------------------------
----------------------------------
----------------------------------
----------------------------------
----------------------------------
----------------------------------
----------------------------------
----------------------------------
----------------------------------
----------------------------------
----------------------------------
----------------------------------
----------------------------------
----------------------------------
----------------------------------
----------------------------------
----------------------------------
----------------------------------
----------------------------------
----------------------------------
----------------------------------
----------------------------------
----------------------------------
----------------------------------
----------------------------------
----------------------------------
----------------------------------
----------------------------------
----------------------------------
----------------------------------
----------------------------------
----------------------------------
----------------------------------
----------------------------------
----------------------------------
----------------------------------
----------------------------------
----------------------------------
----------------------------------
----------------------------------
----------------------------------
----------------------------------
----------------------------------
----------------------------------
----------------------------------
----------------------------------
----------------------------------
----------------------------------
----------------------------------
----------------------------------
----------------------------------
----------------------------------
----------------------------------
----------------------------------
----------------------------------
----------------------------------
----------------------------------
----------------------------------
----------------------------------
----------------------------------
----------------------------------
----------------------------------
----------------------------------
----------------------------------
----------------------------------
----------------------------------
----------------------------------
----------------------------------
----------------------------------
----------------------------------
----------------------------------
----------------------------------
----------------------------------
----------------------------------
----------------------------------
----------------------------------
----------------------------------
----------------------------------
----------------------------------
----------------------------------
----------------------------------
----------------------------------
----------------------------------
----------------------------------
----------------------------------
----------------------------------
----------------------------------
----------------------------------
----------------------------------
----------------------------------
----------------------------------
----------------------------------
----------------------------------
----------------------------------
----------------------------------
----------------------------------
----------------------------------
----------------------------------
----------------------------------
----------------------------------
----------------------------------
----------------------------------
----------------------------------
----------------------------------
----------------------------------
----------------------------------
----------------------------------
----------------------------------
----------------------------------
----------------------------------
----------------------------------
----------------------------------
----------------------------------
----------------------------------
----------------------------------
----------------------------------
----------------------------------
----------------------------------
----------------------------------
----------------------------------
----------------------------------
----------------------------------
----------------------------------
----------------------------------
----------------------------------
----------------------------------
----------------------------------
----------------------------------
----------------------------------
----------------------------------
----------------------------------
----------------------------------
----------------------------------
----------------------------------
----------------------------------
----------------------------------
----------------------------------
----------------------------------
----------------------------------
----------------------------------
----------------------------------
----------------------------------
----------------------------------
----------------------------------
----------------------------------
----------------------------------
----------------------------------
----------------------------------
----------------------------------
----------------------------------
----------------------------------
----------------------------------
----------------------------------
----------------------------------
----------------------------------
----------------------------------
----------------------------------
----------------------------------
----------------------------------
----------------------------------
----------------------------------
----------------------------------
----------------------------------
----------------------------------
----------------------------------
----------------------------------
----------------------------------
----------------------------------
----------------------------------
----------------------------------
----------------------------------
----------------------------------
----------------------------------
----------------------------------
----------------------------------
----------------------------------
----------------------------------
----------------------------------
----------------------------------
----------------------------------
----------------------------------
----------------------------------
----------------------------------
----------------------------------
----------------------------------
----------------------------------
----------------------------------
----------------------------------
----------------------------------
----------------------------------
----------------------------------
----------------------------------
