MinCut number | SSize | Number of cuts
----------------------------------
----------------------------------
----------------------------------
----------------------------------
----------------------------------
----------------------------------
----------------------------------
----------------------------------
----------------------------------
----------------------------------
----------------------------------
           30 |     1 |             9
           30 |     2 |             4
           30 |     3 |             5
           30 |     4 |             1
           30 |     5 |             0
           30 |     6 |             0
           30 |     7 |             1
           30 |     8 |             2
           30 |     9 |             1
           30 |    10 |             2
           30 |    11 |             0
           30 |    12 |             0
           30 |    13 |             0
           30 |    14 |             0
           30 |    15 |             0
           30 |    16 |             1
           30 |    17 |             1
           30 |    18 |             2
           30 |    19 |             1
----------------------------------
           31 |     1 |            30
           31 |     2 |            13
           31 |     3 |             7
           31 |     4 |             5
           31 |     5 |             2
           31 |     6 |             3
           31 |     7 |             1
           31 |     8 |             3
           31 |     9 |             1
           31 |    10 |             0
           31 |    11 |             0
           31 |    12 |             0
           31 |    13 |             3
           31 |    14 |             4
           31 |    15 |             4
           31 |    16 |             7
           31 |    17 |             2
           31 |    18 |             5
           31 |    19 |             3
----------------------------------
           32 |     1 |            35
           32 |     2 |             7
           32 |     3 |             7
           32 |     4 |             3
           32 |     5 |             3
           32 |     6 |             3
           32 |     7 |             5
           32 |     8 |             3
           32 |     9 |             1
           32 |    10 |             2
           32 |    11 |             3
           32 |    12 |             2
           32 |    13 |             3
           32 |    14 |             3
           32 |    15 |             0
           32 |    16 |             2
           32 |    17 |             4
           32 |    18 |             4
           32 |    19 |             6
----------------------------------
           33 |     1 |            67
           33 |     2 |            35
           33 |     3 |            17
           33 |     4 |            12
           33 |     5 |             6
           33 |     6 |             6
           33 |     7 |             6
           33 |     8 |             3
           33 |     9 |             6
           33 |    10 |             5
           33 |    11 |             8
           33 |    12 |             7
           33 |    13 |             4
           33 |    14 |            10
           33 |    15 |             4
           33 |    16 |            10
           33 |    17 |            10
           33 |    18 |            11
           33 |    19 |             4
----------------------------------
           34 |     1 |           102
           34 |     2 |            45
           34 |     3 |            28
           34 |     4 |            19
           34 |     5 |            13
           34 |     6 |            10
           34 |     7 |             4
           34 |     8 |             6
           34 |     9 |             8
           34 |    10 |             2
           34 |    11 |             8
           34 |    12 |             7
           34 |    13 |            10
           34 |    14 |             7
           34 |    15 |             7
           34 |    16 |            12
           34 |    17 |            15
           34 |    18 |            18
           34 |    19 |            19
----------------------------------
           35 |     1 |           192
           35 |     2 |            76
           35 |     3 |            41
           35 |     4 |            35
           35 |     5 |            28
           35 |     6 |            16
           35 |     7 |            13
           35 |     8 |            14
           35 |     9 |            10
           35 |    10 |            13
           35 |    11 |            13
           35 |    12 |             9
           35 |    13 |            14
           35 |    14 |            15
           35 |    15 |            21
           35 |    16 |            20
           35 |    17 |            22
           35 |    18 |            21
           35 |    19 |            22
----------------------------------
           36 |     1 |           202
           36 |     2 |            91
           36 |     3 |            52
           36 |     4 |            36
           36 |     5 |            24
           36 |     6 |            21
           36 |     7 |            21
           36 |     8 |            20
           36 |     9 |            18
           36 |    10 |            13
           36 |    11 |            13
           36 |    12 |            11
           36 |    13 |            19
           36 |    14 |            23
           36 |    15 |            20
           36 |    16 |            23
           36 |    17 |            25
           36 |    18 |            30
           36 |    19 |            22
----------------------------------
           37 |     1 |           282
           37 |     2 |           133
           37 |     3 |            77
           37 |     4 |            55
           37 |     5 |            36
           37 |     6 |            29
           37 |     7 |            25
           37 |     8 |            27
           37 |     9 |            24
           37 |    10 |            20
           37 |    11 |            20
           37 |    12 |            26
           37 |    13 |            13
           37 |    14 |            30
           37 |    15 |            26
           37 |    16 |            40
           37 |    17 |            37
           37 |    18 |            49
           37 |    19 |            50
----------------------------------
           38 |     1 |           379
           38 |     2 |           180
           38 |     3 |           107
           38 |     4 |            72
           38 |     5 |            48
           38 |     6 |            38
           38 |     7 |            29
           38 |     8 |            30
           38 |     9 |            28
           38 |    10 |            34
           38 |    11 |            33
           38 |    12 |            35
           38 |    13 |            30
           38 |    14 |            41
           38 |    15 |            42
           38 |    16 |            41
           38 |    17 |            53
           38 |    18 |            55
           38 |    19 |            55
----------------------------------
           39 |     1 |           486
           39 |     2 |           240
           39 |     3 |           133
           39 |     4 |           103
           39 |     5 |            69
           39 |     6 |            54
           39 |     7 |            47
           39 |     8 |            40
           39 |     9 |            47
           39 |    10 |            38
           39 |    11 |            38
           39 |    12 |            46
           39 |    13 |            39
           39 |    14 |            48
           39 |    15 |            46
           39 |    16 |            66
           39 |    17 |            66
           39 |    18 |            66
           39 |    19 |            83
----------------------------------
           40 |     1 |           447
           40 |     2 |           196
           40 |     3 |           135
           40 |     4 |           101
           40 |     5 |            79
           40 |     6 |            61
           40 |     7 |            49
           40 |     8 |            46
           40 |     9 |            41
           40 |    10 |            29
           40 |    11 |            34
           40 |    12 |            37
           40 |    13 |            34
           40 |    14 |            39
           40 |    15 |            55
           40 |    16 |            55
           40 |    17 |            52
           40 |    18 |            71
           40 |    19 |            79
----------------------------------
           41 |     1 |           529
           41 |     2 |           237
           41 |     3 |           151
           41 |     4 |           108
           41 |     5 |           100
           41 |     6 |            69
           41 |     7 |            63
           41 |     8 |            49
           41 |     9 |            49
           41 |    10 |            45
           41 |    11 |            50
           41 |    12 |            54
           41 |    13 |            51
           41 |    14 |            47
           41 |    15 |            52
           41 |    16 |            63
           41 |    17 |            78
           41 |    18 |            90
           41 |    19 |            83
----------------------------------
           42 |     1 |           723
           42 |     2 |           346
           42 |     3 |           216
           42 |     4 |           142
           42 |     5 |           126
           42 |     6 |            97
           42 |     7 |            91
           42 |     8 |            76
           42 |     9 |            65
           42 |    10 |            56
           42 |    11 |            68
           42 |    12 |            51
           42 |    13 |            75
           42 |    14 |            70
           42 |    15 |            81
           42 |    16 |           106
           42 |    17 |           106
           42 |    18 |           118
           42 |    19 |           117
----------------------------------
           43 |     1 |           578
           43 |     2 |           278
           43 |     3 |           179
           43 |     4 |           121
           43 |     5 |            91
           43 |     6 |            70
           43 |     7 |            52
           43 |     8 |            56
           43 |     9 |            51
           43 |    10 |            55
           43 |    11 |            53
           43 |    12 |            63
           43 |    13 |            59
           43 |    14 |            64
           43 |    15 |            66
           43 |    16 |            80
           43 |    17 |            75
           43 |    18 |            95
           43 |    19 |           107
----------------------------------
           44 |     1 |           856
           44 |     2 |           406
           44 |     3 |           257
           44 |     4 |           195
           44 |     5 |           152
           44 |     6 |           121
           44 |     7 |           110
           44 |     8 |            80
           44 |     9 |            75
           44 |    10 |            81
           44 |    11 |            89
           44 |    12 |            86
           44 |    13 |            94
           44 |    14 |            87
           44 |    15 |           102
           44 |    16 |           114
           44 |    17 |           127
           44 |    18 |           144
           44 |    19 |           124
----------------------------------
           45 |     1 |           622
           45 |     2 |           298
           45 |     3 |           192
           45 |     4 |           137
           45 |     5 |           109
           45 |     6 |            90
           45 |     7 |            79
           45 |     8 |            68
           45 |     9 |            72
           45 |    10 |            66
           45 |    11 |            70
           45 |    12 |            55
           45 |    13 |            56
           45 |    14 |            57
           45 |    15 |            71
           45 |    16 |            81
           45 |    17 |            93
           45 |    18 |           109
           45 |    19 |           105
----------------------------------
           46 |     1 |           695
           46 |     2 |           346
           46 |     3 |           225
           46 |     4 |           170
           46 |     5 |           124
           46 |     6 |            97
           46 |     7 |            92
           46 |     8 |            78
           46 |     9 |            82
           46 |    10 |            65
           46 |    11 |            81
           46 |    12 |            72
           46 |    13 |            77
           46 |    14 |            81
           46 |    15 |           105
           46 |    16 |            99
           46 |    17 |           117
           46 |    18 |           116
           46 |    19 |           130
----------------------------------
           47 |     1 |           673
           47 |     2 |           331
           47 |     3 |           210
           47 |     4 |           167
           47 |     5 |           128
           47 |     6 |           104
           47 |     7 |            91
           47 |     8 |            85
           47 |     9 |            70
           47 |    10 |            73
           47 |    11 |            64
           47 |    12 |            83
           47 |    13 |            73
           47 |    14 |            79
           47 |    15 |            83
           47 |    16 |            85
           47 |    17 |            96
           47 |    18 |           120
           47 |    19 |           111
----------------------------------
           48 |     1 |           538
           48 |     2 |           251
           48 |     3 |           178
           48 |     4 |           129
           48 |     5 |            97
           48 |     6 |            92
           48 |     7 |            83
           48 |     8 |            70
           48 |     9 |            61
           48 |    10 |            68
           48 |    11 |            57
           48 |    12 |            66
           48 |    13 |            71
           48 |    14 |            70
           48 |    15 |            71
           48 |    16 |            84
           48 |    17 |            79
           48 |    18 |            92
           48 |    19 |            99
----------------------------------
           49 |     1 |           560
           49 |     2 |           299
           49 |     3 |           193
           49 |     4 |           138
           49 |     5 |           121
           49 |     6 |            96
           49 |     7 |            94
           49 |     8 |            72
           49 |     9 |            75
           49 |    10 |            76
           49 |    11 |            64
           49 |    12 |            69
           49 |    13 |            62
           49 |    14 |            61
           49 |    15 |            76
           49 |    16 |            69
           49 |    17 |            85
           49 |    18 |            90
           49 |    19 |           101
----------------------------------
           50 |     1 |           498
           50 |     2 |           243
           50 |     3 |           165
           50 |     4 |           117
           50 |     5 |           104
           50 |     6 |            88
           50 |     7 |            83
           50 |     8 |            85
           50 |     9 |            68
           50 |    10 |            68
           50 |    11 |            66
           50 |    12 |            66
           50 |    13 |            67
           50 |    14 |            75
           50 |    15 |            64
           50 |    16 |            75
           50 |    17 |            75
           50 |    18 |            94
           50 |    19 |            99
----------------------------------
           51 |     1 |           496
           51 |     2 |           258
           51 |     3 |           164
           51 |     4 |           123
           51 |     5 |           112
           51 |     6 |            88
           51 |     7 |            81
           51 |     8 |            70
           51 |     9 |            63
           51 |    10 |            55
           51 |    11 |            58
           51 |    12 |            57
           51 |    13 |            64
           51 |    14 |            60
           51 |    15 |            66
           51 |    16 |            83
           51 |    17 |            82
           51 |    18 |            79
           51 |    19 |            83
----------------------------------
           52 |     1 |           383
           52 |     2 |           202
           52 |     3 |           136
           52 |     4 |            90
           52 |     5 |            76
           52 |     6 |            67
           52 |     7 |            61
           52 |     8 |            58
           52 |     9 |            46
           52 |    10 |            59
           52 |    11 |            55
           52 |    12 |            49
           52 |    13 |            48
           52 |    14 |            49
           52 |    15 |            53
           52 |    16 |            64
           52 |    17 |            67
           52 |    18 |            81
           52 |    19 |            72
----------------------------------
           53 |     1 |           441
           53 |     2 |           219
           53 |     3 |           150
           53 |     4 |           116
           53 |     5 |            98
           53 |     6 |            85
           53 |     7 |            73
           53 |     8 |            64
           53 |     9 |            62
           53 |    10 |            59
           53 |    11 |            64
           53 |    12 |            68
           53 |    13 |            56
           53 |    14 |            64
           53 |    15 |            61
           53 |    16 |            63
           53 |    17 |            68
           53 |    18 |            82
           53 |    19 |            68
----------------------------------
           54 |     1 |           175
           54 |     2 |            94
           54 |     3 |            65
           54 |     4 |            51
           54 |     5 |            43
           54 |     6 |            29
           54 |     7 |            23
           54 |     8 |            28
           54 |     9 |            24
           54 |    10 |            24
           54 |    11 |            25
           54 |    12 |            24
           54 |    13 |            23
           54 |    14 |            26
           54 |    15 |            28
           54 |    16 |            23
           54 |    17 |            35
           54 |    18 |            35
           54 |    19 |            35
----------------------------------
           55 |     1 |           312
           55 |     2 |           161
           55 |     3 |           111
           55 |     4 |            81
           55 |     5 |            77
           55 |     6 |            60
           55 |     7 |            59
           55 |     8 |            57
           55 |     9 |            51
           55 |    10 |            49
           55 |    11 |            46
           55 |    12 |            42
           55 |    13 |            46
           55 |    14 |            44
           55 |    15 |            50
           55 |    16 |            52
           55 |    17 |            59
           55 |    18 |            61
           55 |    19 |            67
----------------------------------
           56 |     1 |           199
           56 |     2 |           108
           56 |     3 |            68
           56 |     4 |            45
           56 |     5 |            43
           56 |     6 |            45
           56 |     7 |            32
           56 |     8 |            31
           56 |     9 |            31
           56 |    10 |            29
           56 |    11 |            32
           56 |    12 |            30
           56 |    13 |            32
           56 |    14 |            32
           56 |    15 |            40
           56 |    16 |            37
           56 |    17 |            43
           56 |    18 |            39
           56 |    19 |            36
----------------------------------
           57 |     1 |           204
           57 |     2 |            97
           57 |     3 |            66
           57 |     4 |            49
           57 |     5 |            50
           57 |     6 |            45
           57 |     7 |            42
           57 |     8 |            38
           57 |     9 |            37
           57 |    10 |            31
           57 |    11 |            29
           57 |    12 |            28
           57 |    13 |            34
           57 |    14 |            36
           57 |    15 |            41
           57 |    16 |            41
           57 |    17 |            30
           57 |    18 |            38
           57 |    19 |            33
----------------------------------
           58 |     1 |           116
           58 |     2 |            67
           58 |     3 |            42
           58 |     4 |            37
           58 |     5 |            29
           58 |     6 |            23
           58 |     7 |            23
           58 |     8 |            17
           58 |     9 |            22
           58 |    10 |            18
           58 |    11 |            17
           58 |    12 |            21
           58 |    13 |            18
           58 |    14 |            17
           58 |    15 |            22
           58 |    16 |            20
           58 |    17 |            24
           58 |    18 |            26
           58 |    19 |            21
----------------------------------
           59 |     1 |           100
           59 |     2 |            60
           59 |     3 |            38
           59 |     4 |            31
           59 |     5 |            32
           59 |     6 |            29
           59 |     7 |            21
           59 |     8 |            19
           59 |     9 |            15
           59 |    10 |            21
           59 |    11 |            14
           59 |    12 |            15
           59 |    13 |            19
           59 |    14 |            16
           59 |    15 |            19
           59 |    16 |            16
           59 |    17 |            20
           59 |    18 |            22
           59 |    19 |            24
----------------------------------
           60 |     1 |            86
           60 |     2 |            45
           60 |     3 |            29
           60 |     4 |            32
           60 |     5 |            19
           60 |     6 |            14
           60 |     7 |            14
           60 |     8 |            16
           60 |     9 |            17
           60 |    10 |            15
           60 |    11 |            15
           60 |    12 |            14
           60 |    13 |            12
           60 |    14 |            12
           60 |    15 |            12
           60 |    16 |            21
           60 |    17 |            15
           60 |    18 |            14
           60 |    19 |            18
----------------------------------
           61 |     1 |            68
           61 |     2 |            36
           61 |     3 |            25
           61 |     4 |            24
           61 |     5 |            20
           61 |     6 |            20
           61 |     7 |            17
           61 |     8 |            14
           61 |     9 |            13
           61 |    10 |            13
           61 |    11 |            15
           61 |    12 |            11
           61 |    13 |            16
           61 |    14 |            16
           61 |    15 |            15
           61 |    16 |            11
           61 |    17 |            12
           61 |    18 |             8
           61 |    19 |            12
----------------------------------
           62 |     1 |            71
           62 |     2 |            36
           62 |     3 |            23
           62 |     4 |            20
           62 |     5 |            18
           62 |     6 |            15
           62 |     7 |            12
           62 |     8 |            15
           62 |     9 |            13
           62 |    10 |            16
           62 |    11 |            17
           62 |    12 |            16
           62 |    13 |            14
           62 |    14 |            15
           62 |    15 |            14
           62 |    16 |            15
           62 |    17 |            16
           62 |    18 |            13
           62 |    19 |            13
----------------------------------
           63 |     1 |            26
           63 |     2 |            13
           63 |     3 |             6
           63 |     4 |             8
           63 |     5 |             6
           63 |     6 |             5
           63 |     7 |             5
           63 |     8 |             5
           63 |     9 |             5
           63 |    10 |             7
           63 |    11 |             5
           63 |    12 |             5
           63 |    13 |             6
           63 |    14 |             5
           63 |    15 |             5
           63 |    16 |             4
           63 |    17 |             5
           63 |    18 |             2
           63 |    19 |             3
----------------------------------
           64 |     1 |            26
           64 |     2 |            12
           64 |     3 |             6
           64 |     4 |             5
           64 |     5 |             4
           64 |     6 |             6
           64 |     7 |             9
           64 |     8 |             6
           64 |     9 |            10
           64 |    10 |             5
           64 |    11 |             5
           64 |    12 |             4
           64 |    13 |             4
           64 |    14 |             2
           64 |    15 |             3
           64 |    16 |             5
           64 |    17 |             7
           64 |    18 |             5
           64 |    19 |             4
----------------------------------
           65 |     1 |            24
           65 |     2 |            11
           65 |     3 |             8
           65 |     4 |            10
           65 |     5 |             5
           65 |     6 |             7
           65 |     7 |             5
           65 |     8 |             5
           65 |     9 |             5
           65 |    10 |             5
           65 |    11 |             6
           65 |    12 |             8
           65 |    13 |             5
           65 |    14 |             5
           65 |    15 |             3
           65 |    16 |             6
           65 |    17 |             2
           65 |    18 |             5
           65 |    19 |             5
----------------------------------
           66 |     1 |            27
           66 |     2 |            16
           66 |     3 |            12
           66 |     4 |            12
           66 |     5 |             9
           66 |     6 |             6
           66 |     7 |             6
           66 |     8 |             5
           66 |     9 |             6
           66 |    10 |             4
           66 |    11 |             4
           66 |    12 |             3
           66 |    13 |             3
           66 |    14 |             5
           66 |    15 |             1
           66 |    16 |             3
           66 |    17 |             3
           66 |    18 |             3
           66 |    19 |             4
----------------------------------
           67 |     1 |            25
           67 |     2 |            12
           67 |     3 |            12
           67 |     4 |            11
           67 |     5 |             9
           67 |     6 |             9
           67 |     7 |             4
           67 |     8 |             5
           67 |     9 |             5
           67 |    10 |             3
           67 |    11 |             5
           67 |    12 |             4
           67 |    13 |             6
           67 |    14 |             5
           67 |    15 |             3
           67 |    16 |             3
           67 |    17 |             3
           67 |    18 |             2
           67 |    19 |             8
----------------------------------
----------------------------------
           69 |     1 |            12
           69 |     2 |             9
           69 |     3 |             8
           69 |     4 |             4
           69 |     5 |             4
           69 |     6 |             3
           69 |     7 |             1
           69 |     8 |             1
           69 |     9 |             1
           69 |    10 |             1
           69 |    11 |             2
           69 |    12 |             1
           69 |    13 |             0
           69 |    14 |             2
           69 |    15 |             4
           69 |    16 |             4
           69 |    17 |             6
           69 |    18 |             4
           69 |    19 |             2
----------------------------------
----------------------------------
           71 |     1 |             8
           71 |     2 |             7
           71 |     3 |             7
           71 |     4 |             4
           71 |     5 |             2
           71 |     6 |             2
           71 |     7 |             3
           71 |     8 |             4
           71 |     9 |             5
           71 |    10 |             2
           71 |    11 |             3
           71 |    12 |             3
           71 |    13 |             3
           71 |    14 |             2
           71 |    15 |             4
           71 |    16 |             3
           71 |    17 |             4
           71 |    18 |             2
           71 |    19 |             3
----------------------------------
----------------------------------
----------------------------------
----------------------------------
----------------------------------
----------------------------------
----------------------------------
----------------------------------
----------------------------------
           80 |     1 |            13
           80 |     2 |             6
           80 |     3 |             4
           80 |     4 |             4
           80 |     5 |             2
           80 |     6 |             3
           80 |     7 |             3
           80 |     8 |             4
           80 |     9 |             4
           80 |    10 |             4
           80 |    11 |             4
           80 |    12 |             4
           80 |    13 |             4
           80 |    14 |             3
           80 |    15 |             4
           80 |    16 |             5
           80 |    17 |             3
           80 |    18 |             3
           80 |    19 |             3
----------------------------------
----------------------------------
----------------------------------
----------------------------------
----------------------------------
----------------------------------
----------------------------------
----------------------------------
----------------------------------
----------------------------------
----------------------------------
----------------------------------
----------------------------------
----------------------------------
----------------------------------
----------------------------------
----------------------------------
----------------------------------
----------------------------------
----------------------------------
----------------------------------
----------------------------------
----------------------------------
----------------------------------
----------------------------------
----------------------------------
----------------------------------
----------------------------------
----------------------------------
----------------------------------
----------------------------------
----------------------------------
----------------------------------
----------------------------------
----------------------------------
----------------------------------
----------------------------------
----------------------------------
----------------------------------
----------------------------------
----------------------------------
----------------------------------
----------------------------------
----------------------------------
----------------------------------
----------------------------------
----------------------------------
----------------------------------
----------------------------------
----------------------------------
----------------------------------
----------------------------------
----------------------------------
----------------------------------
----------------------------------
----------------------------------
----------------------------------
----------------------------------
----------------------------------
----------------------------------
----------------------------------
----------------------------------
----------------------------------
----------------------------------
----------------------------------
----------------------------------
----------------------------------
----------------------------------
----------------------------------
----------------------------------
----------------------------------
----------------------------------
----------------------------------
----------------------------------
----------------------------------
----------------------------------
----------------------------------
----------------------------------
----------------------------------
----------------------------------
----------------------------------
----------------------------------
----------------------------------
----------------------------------
----------------------------------
----------------------------------
----------------------------------
----------------------------------
----------------------------------
----------------------------------
----------------------------------
----------------------------------
----------------------------------
----------------------------------
----------------------------------
----------------------------------
----------------------------------
----------------------------------
----------------------------------
----------------------------------
----------------------------------
----------------------------------
----------------------------------
----------------------------------
----------------------------------
----------------------------------
----------------------------------
----------------------------------
----------------------------------
----------------------------------
----------------------------------
