MinCut number | SSize | Number of cuts
----------------------------------
----------------------------------
----------------------------------
----------------------------------
----------------------------------
----------------------------------
----------------------------------
----------------------------------
----------------------------------
----------------------------------
           29 |     1 |             9
           29 |     2 |             6
           29 |     3 |             3
           29 |     4 |             1
           29 |     5 |             2
           29 |     6 |             1
           29 |     7 |             1
           29 |     8 |             1
           29 |     9 |             1
           29 |    10 |             0
           29 |    11 |             0
           29 |    12 |             0
           29 |    13 |             1
           29 |    14 |             1
           29 |    15 |             1
           29 |    16 |             0
           29 |    17 |             0
           29 |    18 |             1
           29 |    19 |             0
----------------------------------
----------------------------------
----------------------------------
           32 |     1 |            20
           32 |     2 |            10
           32 |     3 |             6
           32 |     4 |             4
           32 |     5 |             2
           32 |     6 |             2
           32 |     7 |             2
           32 |     8 |             0
           32 |     9 |             0
           32 |    10 |             0
           32 |    11 |             0
           32 |    12 |             2
           32 |    13 |             2
           32 |    14 |             2
           32 |    15 |             3
           32 |    16 |             3
           32 |    17 |             2
           32 |    18 |             1
           32 |    19 |             3
----------------------------------
           33 |     1 |            36
           33 |     2 |            13
           33 |     3 |            10
           33 |     4 |             6
           33 |     5 |             2
           33 |     6 |             3
           33 |     7 |             3
           33 |     8 |             3
           33 |     9 |             3
           33 |    10 |             3
           33 |    11 |             2
           33 |    12 |             3
           33 |    13 |             4
           33 |    14 |             4
           33 |    15 |             6
           33 |    16 |             5
           33 |    17 |             8
           33 |    18 |            10
           33 |    19 |             8
----------------------------------
           34 |     1 |           112
           34 |     2 |            45
           34 |     3 |            28
           34 |     4 |            16
           34 |     5 |            18
           34 |     6 |            16
           34 |     7 |            11
           34 |     8 |            10
           34 |     9 |            13
           34 |    10 |             9
           34 |    11 |             6
           34 |    12 |             5
           34 |    13 |             6
           34 |    14 |            11
           34 |    15 |            11
           34 |    16 |            15
           34 |    17 |            12
           34 |    18 |            13
           34 |    19 |            17
----------------------------------
           35 |     1 |           107
           35 |     2 |            47
           35 |     3 |            30
           35 |     4 |            17
           35 |     5 |            17
           35 |     6 |            10
           35 |     7 |            10
           35 |     8 |             5
           35 |     9 |             8
           35 |    10 |             4
           35 |    11 |             8
           35 |    12 |             7
           35 |    13 |             7
           35 |    14 |             8
           35 |    15 |            12
           35 |    16 |            12
           35 |    17 |            13
           35 |    18 |            12
           35 |    19 |            16
----------------------------------
           36 |     1 |           156
           36 |     2 |            82
           36 |     3 |            51
           36 |     4 |            32
           36 |     5 |            25
           36 |     6 |            23
           36 |     7 |            20
           36 |     8 |            13
           36 |     9 |            13
           36 |    10 |             9
           36 |    11 |             7
           36 |    12 |            16
           36 |    13 |            11
           36 |    14 |            16
           36 |    15 |            17
           36 |    16 |            20
           36 |    17 |            19
           36 |    18 |            19
           36 |    19 |            27
----------------------------------
           37 |     1 |           259
           37 |     2 |           103
           37 |     3 |            62
           37 |     4 |            43
           37 |     5 |            42
           37 |     6 |            35
           37 |     7 |            30
           37 |     8 |            22
           37 |     9 |            22
           37 |    10 |            24
           37 |    11 |            18
           37 |    12 |            18
           37 |    13 |            20
           37 |    14 |            19
           37 |    15 |            26
           37 |    16 |            36
           37 |    17 |            32
           37 |    18 |            37
           37 |    19 |            40
----------------------------------
           38 |     1 |           303
           38 |     2 |           139
           38 |     3 |            77
           38 |     4 |            52
           38 |     5 |            44
           38 |     6 |            41
           38 |     7 |            29
           38 |     8 |            27
           38 |     9 |            23
           38 |    10 |            18
           38 |    11 |            22
           38 |    12 |            26
           38 |    13 |            25
           38 |    14 |            31
           38 |    15 |            30
           38 |    16 |            34
           38 |    17 |            33
           38 |    18 |            35
           38 |    19 |            37
----------------------------------
           39 |     1 |           437
           39 |     2 |           191
           39 |     3 |           129
           39 |     4 |            97
           39 |     5 |            58
           39 |     6 |            49
           39 |     7 |            36
           39 |     8 |            40
           39 |     9 |            32
           39 |    10 |            21
           39 |    11 |            32
           39 |    12 |            40
           39 |    13 |            41
           39 |    14 |            42
           39 |    15 |            41
           39 |    16 |            54
           39 |    17 |            45
           39 |    18 |            52
           39 |    19 |            45
----------------------------------
           40 |     1 |           425
           40 |     2 |           204
           40 |     3 |           121
           40 |     4 |           100
           40 |     5 |            78
           40 |     6 |            53
           40 |     7 |            42
           40 |     8 |            40
           40 |     9 |            33
           40 |    10 |            30
           40 |    11 |            30
           40 |    12 |            28
           40 |    13 |            37
           40 |    14 |            43
           40 |    15 |            39
           40 |    16 |            55
           40 |    17 |            61
           40 |    18 |            58
           40 |    19 |            43
----------------------------------
           41 |     1 |           529
           41 |     2 |           256
           41 |     3 |           163
           41 |     4 |           111
           41 |     5 |            82
           41 |     6 |            72
           41 |     7 |            61
           41 |     8 |            53
           41 |     9 |            54
           41 |    10 |            48
           41 |    11 |            44
           41 |    12 |            42
           41 |    13 |            48
           41 |    14 |            55
           41 |    15 |            49
           41 |    16 |            60
           41 |    17 |            61
           41 |    18 |            71
           41 |    19 |            68
----------------------------------
           42 |     1 |           463
           42 |     2 |           217
           42 |     3 |           139
           42 |     4 |           105
           42 |     5 |            73
           42 |     6 |            59
           42 |     7 |            51
           42 |     8 |            48
           42 |     9 |            53
           42 |    10 |            52
           42 |    11 |            41
           42 |    12 |            50
           42 |    13 |            51
           42 |    14 |            50
           42 |    15 |            52
           42 |    16 |            59
           42 |    17 |            59
           42 |    18 |            71
           42 |    19 |            71
----------------------------------
           43 |     1 |           762
           43 |     2 |           348
           43 |     3 |           228
           43 |     4 |           160
           43 |     5 |           128
           43 |     6 |            96
           43 |     7 |            80
           43 |     8 |            71
           43 |     9 |            62
           43 |    10 |            64
           43 |    11 |            82
           43 |    12 |            63
           43 |    13 |            68
           43 |    14 |            72
           43 |    15 |            83
           43 |    16 |            85
           43 |    17 |           107
           43 |    18 |           129
           43 |    19 |           107
----------------------------------
           44 |     1 |           759
           44 |     2 |           379
           44 |     3 |           239
           44 |     4 |           178
           44 |     5 |           116
           44 |     6 |           109
           44 |     7 |            97
           44 |     8 |            82
           44 |     9 |            76
           44 |    10 |            79
           44 |    11 |            66
           44 |    12 |            68
           44 |    13 |            65
           44 |    14 |            68
           44 |    15 |            78
           44 |    16 |            98
           44 |    17 |            99
           44 |    18 |           105
           44 |    19 |            99
----------------------------------
           45 |     1 |           786
           45 |     2 |           373
           45 |     3 |           249
           45 |     4 |           165
           45 |     5 |           138
           45 |     6 |           107
           45 |     7 |           104
           45 |     8 |            83
           45 |     9 |            82
           45 |    10 |            79
           45 |    11 |            84
           45 |    12 |            61
           45 |    13 |            77
           45 |    14 |            77
           45 |    15 |            82
           45 |    16 |            88
           45 |    17 |           102
           45 |    18 |            95
           45 |    19 |            93
----------------------------------
           46 |     1 |           659
           46 |     2 |           319
           46 |     3 |           222
           46 |     4 |           155
           46 |     5 |           122
           46 |     6 |            97
           46 |     7 |            91
           46 |     8 |            86
           46 |     9 |            74
           46 |    10 |            69
           46 |    11 |            61
           46 |    12 |            59
           46 |    13 |            65
           46 |    14 |            72
           46 |    15 |            85
           46 |    16 |            81
           46 |    17 |            94
           46 |    18 |            85
           46 |    19 |            80
----------------------------------
           47 |     1 |           724
           47 |     2 |           379
           47 |     3 |           246
           47 |     4 |           178
           47 |     5 |           149
           47 |     6 |           132
           47 |     7 |            97
           47 |     8 |            92
           47 |     9 |            89
           47 |    10 |            84
           47 |    11 |            73
           47 |    12 |            80
           47 |    13 |            74
           47 |    14 |            69
           47 |    15 |            84
           47 |    16 |            81
           47 |    17 |           105
           47 |    18 |            87
           47 |    19 |            91
----------------------------------
           48 |     1 |           571
           48 |     2 |           295
           48 |     3 |           208
           48 |     4 |           150
           48 |     5 |           120
           48 |     6 |            83
           48 |     7 |            82
           48 |     8 |            80
           48 |     9 |            74
           48 |    10 |            66
           48 |    11 |            58
           48 |    12 |            64
           48 |    13 |            63
           48 |    14 |            66
           48 |    15 |            66
           48 |    16 |            82
           48 |    17 |            71
           48 |    18 |            77
           48 |    19 |            76
----------------------------------
           49 |     1 |           674
           49 |     2 |           351
           49 |     3 |           224
           49 |     4 |           167
           49 |     5 |           120
           49 |     6 |           109
           49 |     7 |           101
           49 |     8 |            86
           49 |     9 |            87
           49 |    10 |            77
           49 |    11 |            81
           49 |    12 |            78
           49 |    13 |            76
           49 |    14 |            81
           49 |    15 |            82
           49 |    16 |            94
           49 |    17 |            94
           49 |    18 |           111
           49 |    19 |           100
----------------------------------
           50 |     1 |           622
           50 |     2 |           306
           50 |     3 |           191
           50 |     4 |           155
           50 |     5 |           117
           50 |     6 |           104
           50 |     7 |            90
           50 |     8 |            91
           50 |     9 |            74
           50 |    10 |            58
           50 |    11 |            60
           50 |    12 |            56
           50 |    13 |            72
           50 |    14 |            66
           50 |    15 |            80
           50 |    16 |            89
           50 |    17 |            88
           50 |    18 |            95
           50 |    19 |            86
----------------------------------
           51 |     1 |           498
           51 |     2 |           267
           51 |     3 |           183
           51 |     4 |           120
           51 |     5 |           110
           51 |     6 |            73
           51 |     7 |            78
           51 |     8 |            76
           51 |     9 |            74
           51 |    10 |            72
           51 |    11 |            63
           51 |    12 |            51
           51 |    13 |            63
           51 |    14 |            61
           51 |    15 |            68
           51 |    16 |            70
           51 |    17 |            75
           51 |    18 |            69
           51 |    19 |            71
----------------------------------
           52 |     1 |           442
           52 |     2 |           224
           52 |     3 |           145
           52 |     4 |           120
           52 |     5 |            96
           52 |     6 |            89
           52 |     7 |            73
           52 |     8 |            56
           52 |     9 |            68
           52 |    10 |            60
           52 |    11 |            62
           52 |    12 |            67
           52 |    13 |            60
           52 |    14 |            65
           52 |    15 |            69
           52 |    16 |            70
           52 |    17 |            83
           52 |    18 |            70
           52 |    19 |            57
----------------------------------
           53 |     1 |           378
           53 |     2 |           194
           53 |     3 |           139
           53 |     4 |           107
           53 |     5 |            79
           53 |     6 |            77
           53 |     7 |            73
           53 |     8 |            62
           53 |     9 |            53
           53 |    10 |            49
           53 |    11 |            39
           53 |    12 |            45
           53 |    13 |            44
           53 |    14 |            43
           53 |    15 |            53
           53 |    16 |            48
           53 |    17 |            61
           53 |    18 |            53
           53 |    19 |            46
----------------------------------
           54 |     1 |           332
           54 |     2 |           178
           54 |     3 |           111
           54 |     4 |            91
           54 |     5 |            79
           54 |     6 |            61
           54 |     7 |            56
           54 |     8 |            52
           54 |     9 |            48
           54 |    10 |            51
           54 |    11 |            45
           54 |    12 |            40
           54 |    13 |            43
           54 |    14 |            42
           54 |    15 |            47
           54 |    16 |            51
           54 |    17 |            45
           54 |    18 |            47
           54 |    19 |            39
----------------------------------
           55 |     1 |           181
           55 |     2 |           104
           55 |     3 |            72
           55 |     4 |            52
           55 |     5 |            48
           55 |     6 |            42
           55 |     7 |            37
           55 |     8 |            36
           55 |     9 |            34
           55 |    10 |            28
           55 |    11 |            24
           55 |    12 |            22
           55 |    13 |            31
           55 |    14 |            27
           55 |    15 |            23
           55 |    16 |            22
           55 |    17 |            33
           55 |    18 |            32
           55 |    19 |            32
----------------------------------
           56 |     1 |           266
           56 |     2 |           159
           56 |     3 |           102
           56 |     4 |            82
           56 |     5 |            68
           56 |     6 |            63
           56 |     7 |            54
           56 |     8 |            49
           56 |     9 |            50
           56 |    10 |            34
           56 |    11 |            37
           56 |    12 |            39
           56 |    13 |            40
           56 |    14 |            38
           56 |    15 |            43
           56 |    16 |            41
           56 |    17 |            42
           56 |    18 |            45
           56 |    19 |            36
----------------------------------
           57 |     1 |           218
           57 |     2 |            99
           57 |     3 |            72
           57 |     4 |            61
           57 |     5 |            52
           57 |     6 |            46
           57 |     7 |            40
           57 |     8 |            45
           57 |     9 |            39
           57 |    10 |            40
           57 |    11 |            38
           57 |    12 |            38
           57 |    13 |            35
           57 |    14 |            35
           57 |    15 |            34
           57 |    16 |            34
           57 |    17 |            32
           57 |    18 |            31
           57 |    19 |            37
----------------------------------
           58 |     1 |           158
           58 |     2 |            78
           58 |     3 |            54
           58 |     4 |            40
           58 |     5 |            36
           58 |     6 |            33
           58 |     7 |            30
           58 |     8 |            29
           58 |     9 |            25
           58 |    10 |            24
           58 |    11 |            21
           58 |    12 |            23
           58 |    13 |            23
           58 |    14 |            22
           58 |    15 |            21
           58 |    16 |            22
           58 |    17 |            19
           58 |    18 |            15
           58 |    19 |            23
----------------------------------
           59 |     1 |           199
           59 |     2 |           103
           59 |     3 |            66
           59 |     4 |            59
           59 |     5 |            44
           59 |     6 |            45
           59 |     7 |            41
           59 |     8 |            37
           59 |     9 |            35
           59 |    10 |            32
           59 |    11 |            31
           59 |    12 |            32
           59 |    13 |            32
           59 |    14 |            32
           59 |    15 |            29
           59 |    16 |            33
           59 |    17 |            35
           59 |    18 |            33
           59 |    19 |            26
----------------------------------
           60 |     1 |            88
           60 |     2 |            44
           60 |     3 |            28
           60 |     4 |            22
           60 |     5 |            21
           60 |     6 |            18
           60 |     7 |            14
           60 |     8 |            16
           60 |     9 |            13
           60 |    10 |            15
           60 |    11 |            13
           60 |    12 |            21
           60 |    13 |            15
           60 |    14 |            16
           60 |    15 |            16
           60 |    16 |            15
           60 |    17 |            14
           60 |    18 |            15
           60 |    19 |            16
----------------------------------
           61 |     1 |           114
           61 |     2 |            70
           61 |     3 |            42
           61 |     4 |            29
           61 |     5 |            22
           61 |     6 |            25
           61 |     7 |            34
           61 |     8 |            31
           61 |     9 |            30
           61 |    10 |            26
           61 |    11 |            27
           61 |    12 |            19
           61 |    13 |            24
           61 |    14 |            20
           61 |    15 |            19
           61 |    16 |            25
           61 |    17 |            17
           61 |    18 |            16
           61 |    19 |            20
----------------------------------
           62 |     1 |            35
           62 |     2 |            16
           62 |     3 |            14
           62 |     4 |             9
           62 |     5 |             9
           62 |     6 |             8
           62 |     7 |             8
           62 |     8 |             7
           62 |     9 |             7
           62 |    10 |             7
           62 |    11 |             8
           62 |    12 |             7
           62 |    13 |             7
           62 |    14 |             6
           62 |    15 |             7
           62 |    16 |             7
           62 |    17 |             9
           62 |    18 |             8
           62 |    19 |             7
----------------------------------
           63 |     1 |            86
           63 |     2 |            46
           63 |     3 |            35
           63 |     4 |            30
           63 |     5 |            21
           63 |     6 |            19
           63 |     7 |            18
           63 |     8 |            19
           63 |     9 |            16
           63 |    10 |            21
           63 |    11 |            14
           63 |    12 |            14
           63 |    13 |            14
           63 |    14 |            18
           63 |    15 |            16
           63 |    16 |            16
           63 |    17 |            15
           63 |    18 |            14
           63 |    19 |             9
----------------------------------
           64 |     1 |            53
           64 |     2 |            28
           64 |     3 |            17
           64 |     4 |            14
           64 |     5 |            15
           64 |     6 |            13
           64 |     7 |            13
           64 |     8 |            12
           64 |     9 |             8
           64 |    10 |             9
           64 |    11 |            11
           64 |    12 |             9
           64 |    13 |             7
           64 |    14 |            11
           64 |    15 |             7
           64 |    16 |             8
           64 |    17 |            12
           64 |    18 |             7
           64 |    19 |             2
----------------------------------
           65 |     1 |            51
           65 |     2 |            24
           65 |     3 |            18
           65 |     4 |            16
           65 |     5 |            13
           65 |     6 |            14
           65 |     7 |            12
           65 |     8 |            11
           65 |     9 |             8
           65 |    10 |             6
           65 |    11 |            11
           65 |    12 |            10
           65 |    13 |             9
           65 |    14 |            10
           65 |    15 |            12
           65 |    16 |            11
           65 |    17 |             6
           65 |    18 |            10
           65 |    19 |             8
----------------------------------
           66 |     1 |            36
           66 |     2 |            17
           66 |     3 |            19
           66 |     4 |            16
           66 |     5 |            12
           66 |     6 |            12
           66 |     7 |             7
           66 |     8 |             5
           66 |     9 |             7
           66 |    10 |             8
           66 |    11 |             6
           66 |    12 |             9
           66 |    13 |             5
           66 |    14 |             6
           66 |    15 |             7
           66 |    16 |             6
           66 |    17 |             7
           66 |    18 |             8
           66 |    19 |             5
----------------------------------
           67 |     1 |            27
           67 |     2 |            13
           67 |     3 |            10
           67 |     4 |             6
           67 |     5 |             9
           67 |     6 |             8
           67 |     7 |             7
           67 |     8 |             7
           67 |     9 |             6
           67 |    10 |             5
           67 |    11 |             4
           67 |    12 |             5
           67 |    13 |             5
           67 |    14 |             6
           67 |    15 |             5
           67 |    16 |             4
           67 |    17 |             2
           67 |    18 |             2
           67 |    19 |             3
----------------------------------
           68 |     1 |             9
           68 |     2 |             8
           68 |     3 |             4
           68 |     4 |             6
           68 |     5 |             3
           68 |     6 |             3
           68 |     7 |             2
           68 |     8 |             3
           68 |     9 |             2
           68 |    10 |             3
           68 |    11 |             3
           68 |    12 |             4
           68 |    13 |             4
           68 |    14 |             5
           68 |    15 |             3
           68 |    16 |             2
           68 |    17 |             2
           68 |    18 |             1
           68 |    19 |             1
----------------------------------
           69 |     1 |            23
           69 |     2 |            13
           69 |     3 |             9
           69 |     4 |            10
           69 |     5 |             9
           69 |     6 |             7
           69 |     7 |             5
           69 |     8 |             6
           69 |     9 |             6
           69 |    10 |             8
           69 |    11 |             7
           69 |    12 |             5
           69 |    13 |             5
           69 |    14 |             4
           69 |    15 |             5
           69 |    16 |             4
           69 |    17 |             4
           69 |    18 |             4
           69 |    19 |             4
----------------------------------
           70 |     1 |            13
           70 |     2 |             6
           70 |     3 |             6
           70 |     4 |             5
           70 |     5 |             4
           70 |     6 |             3
           70 |     7 |             2
           70 |     8 |             2
           70 |     9 |             2
           70 |    10 |             3
           70 |    11 |             2
           70 |    12 |             3
           70 |    13 |             3
           70 |    14 |             3
           70 |    15 |             3
           70 |    16 |             2
           70 |    17 |             3
           70 |    18 |             3
           70 |    19 |             2
----------------------------------
           71 |     1 |            23
           71 |     2 |            12
           71 |     3 |            11
           71 |     4 |             8
           71 |     5 |             8
           71 |     6 |             8
           71 |     7 |             9
           71 |     8 |             5
           71 |     9 |             5
           71 |    10 |             7
           71 |    11 |             6
           71 |    12 |             6
           71 |    13 |             4
           71 |    14 |             5
           71 |    15 |             5
           71 |    16 |             4
           71 |    17 |             6
           71 |    18 |             5
           71 |    19 |             5
----------------------------------
           72 |     1 |            10
           72 |     2 |             6
           72 |     3 |             5
           72 |     4 |             3
           72 |     5 |             4
           72 |     6 |             4
           72 |     7 |             3
           72 |     8 |             3
           72 |     9 |             4
           72 |    10 |             4
           72 |    11 |             4
           72 |    12 |             3
           72 |    13 |             3
           72 |    14 |             5
           72 |    15 |             3
           72 |    16 |             2
           72 |    17 |             2
           72 |    18 |             2
           72 |    19 |             2
----------------------------------
           73 |     1 |            11
           73 |     2 |             5
           73 |     3 |             4
           73 |     4 |             4
           73 |     5 |             4
           73 |     6 |             4
           73 |     7 |             3
           73 |     8 |             3
           73 |     9 |             4
           73 |    10 |             3
           73 |    11 |             2
           73 |    12 |             4
           73 |    13 |             3
           73 |    14 |             2
           73 |    15 |             4
           73 |    16 |             2
           73 |    17 |             3
           73 |    18 |             5
           73 |    19 |             3
----------------------------------
----------------------------------
----------------------------------
----------------------------------
----------------------------------
----------------------------------
----------------------------------
----------------------------------
----------------------------------
----------------------------------
----------------------------------
----------------------------------
----------------------------------
----------------------------------
----------------------------------
----------------------------------
----------------------------------
----------------------------------
----------------------------------
----------------------------------
----------------------------------
----------------------------------
----------------------------------
----------------------------------
----------------------------------
----------------------------------
----------------------------------
----------------------------------
----------------------------------
----------------------------------
----------------------------------
----------------------------------
----------------------------------
----------------------------------
----------------------------------
----------------------------------
----------------------------------
----------------------------------
----------------------------------
----------------------------------
----------------------------------
----------------------------------
----------------------------------
----------------------------------
----------------------------------
----------------------------------
----------------------------------
----------------------------------
----------------------------------
----------------------------------
----------------------------------
----------------------------------
----------------------------------
----------------------------------
----------------------------------
----------------------------------
----------------------------------
----------------------------------
----------------------------------
----------------------------------
----------------------------------
----------------------------------
----------------------------------
----------------------------------
----------------------------------
----------------------------------
----------------------------------
----------------------------------
----------------------------------
----------------------------------
----------------------------------
----------------------------------
----------------------------------
----------------------------------
----------------------------------
----------------------------------
----------------------------------
----------------------------------
----------------------------------
----------------------------------
----------------------------------
----------------------------------
----------------------------------
----------------------------------
----------------------------------
----------------------------------
----------------------------------
----------------------------------
----------------------------------
----------------------------------
----------------------------------
----------------------------------
----------------------------------
----------------------------------
----------------------------------
----------------------------------
----------------------------------
----------------------------------
----------------------------------
----------------------------------
----------------------------------
----------------------------------
----------------------------------
----------------------------------
----------------------------------
----------------------------------
----------------------------------
----------------------------------
----------------------------------
----------------------------------
----------------------------------
----------------------------------
----------------------------------
----------------------------------
----------------------------------
----------------------------------
----------------------------------
----------------------------------
