MinCut number | SSize | Number of cuts
----------------------------------
----------------------------------
----------------------------------
----------------------------------
----------------------------------
----------------------------------
----------------------------------
----------------------------------
----------------------------------
           28 |     1 |             6
           28 |     2 |             3
           28 |     3 |             2
           28 |     4 |             2
           28 |     5 |             1
           28 |     6 |             0
           28 |     7 |             0
           28 |     8 |             0
           28 |     9 |             0
           28 |    10 |             2
           28 |    11 |             2
           28 |    12 |             0
           28 |    13 |             1
           28 |    14 |             1
           28 |    15 |             1
           28 |    16 |             1
           28 |    17 |             3
           28 |    18 |             2
           28 |    19 |             1
----------------------------------
----------------------------------
           30 |     1 |             8
           30 |     2 |             4
           30 |     3 |             3
           30 |     4 |             1
           30 |     5 |             1
           30 |     6 |             1
           30 |     7 |             0
           30 |     8 |             2
           30 |     9 |             1
           30 |    10 |             1
           30 |    11 |             1
           30 |    12 |             1
           30 |    13 |             1
           30 |    14 |             0
           30 |    15 |             0
           30 |    16 |             0
           30 |    17 |             0
           30 |    18 |             3
           30 |    19 |             2
----------------------------------
           31 |     1 |            38
           31 |     2 |            14
           31 |     3 |             7
           31 |     4 |             5
           31 |     5 |             5
           31 |     6 |             3
           31 |     7 |             1
           31 |     8 |             2
           31 |     9 |             1
           31 |    10 |             1
           31 |    11 |             4
           31 |    12 |             1
           31 |    13 |             4
           31 |    14 |             5
           31 |    15 |             3
           31 |    16 |             4
           31 |    17 |             7
           31 |    18 |            10
           31 |    19 |             9
----------------------------------
           32 |     1 |           107
           32 |     2 |            51
           32 |     3 |            30
           32 |     4 |            21
           32 |     5 |             6
           32 |     6 |             7
           32 |     7 |             5
           32 |     8 |             4
           32 |     9 |             3
           32 |    10 |             5
           32 |    11 |             8
           32 |    12 |             3
           32 |    13 |             2
           32 |    14 |             6
           32 |    15 |            10
           32 |    16 |            15
           32 |    17 |            17
           32 |    18 |            26
           32 |    19 |            26
----------------------------------
           33 |     1 |            96
           33 |     2 |            31
           33 |     3 |            19
           33 |     4 |             9
           33 |     5 |             9
           33 |     6 |             8
           33 |     7 |             6
           33 |     8 |             5
           33 |     9 |             5
           33 |    10 |             6
           33 |    11 |             5
           33 |    12 |             7
           33 |    13 |             6
           33 |    14 |             6
           33 |    15 |             8
           33 |    16 |            15
           33 |    17 |            17
           33 |    18 |            20
           33 |    19 |            19
----------------------------------
           34 |     1 |           126
           34 |     2 |            51
           34 |     3 |            31
           34 |     4 |            14
           34 |     5 |            10
           34 |     6 |             4
           34 |     7 |             7
           34 |     8 |             6
           34 |     9 |             5
           34 |    10 |             5
           34 |    11 |             9
           34 |    12 |            11
           34 |    13 |             6
           34 |    14 |             8
           34 |    15 |            13
           34 |    16 |            16
           34 |    17 |            21
           34 |    18 |            33
           34 |    19 |            32
----------------------------------
           35 |     1 |           144
           35 |     2 |            66
           35 |     3 |            34
           35 |     4 |            21
           35 |     5 |            13
           35 |     6 |            12
           35 |     7 |             9
           35 |     8 |             8
           35 |     9 |            10
           35 |    10 |             9
           35 |    11 |             7
           35 |    12 |            14
           35 |    13 |            11
           35 |    14 |            19
           35 |    15 |            19
           35 |    16 |            30
           35 |    17 |            27
           35 |    18 |            31
           35 |    19 |            41
----------------------------------
           36 |     1 |           317
           36 |     2 |           139
           36 |     3 |            74
           36 |     4 |            59
           36 |     5 |            38
           36 |     6 |            28
           36 |     7 |            25
           36 |     8 |            22
           36 |     9 |            28
           36 |    10 |            29
           36 |    11 |            20
           36 |    12 |            21
           36 |    13 |            19
           36 |    14 |            29
           36 |    15 |            40
           36 |    16 |            50
           36 |    17 |            59
           36 |    18 |            79
           36 |    19 |            76
----------------------------------
           37 |     1 |           324
           37 |     2 |           147
           37 |     3 |            88
           37 |     4 |            54
           37 |     5 |            45
           37 |     6 |            32
           37 |     7 |            31
           37 |     8 |            24
           37 |     9 |            24
           37 |    10 |            21
           37 |    11 |            21
           37 |    12 |            28
           37 |    13 |            31
           37 |    14 |            32
           37 |    15 |            32
           37 |    16 |            52
           37 |    17 |            52
           37 |    18 |            73
           37 |    19 |            73
----------------------------------
           38 |     1 |           341
           38 |     2 |           155
           38 |     3 |            89
           38 |     4 |            62
           38 |     5 |            51
           38 |     6 |            33
           38 |     7 |            39
           38 |     8 |            25
           38 |     9 |            26
           38 |    10 |            24
           38 |    11 |            31
           38 |    12 |            28
           38 |    13 |            30
           38 |    14 |            32
           38 |    15 |            45
           38 |    16 |            54
           38 |    17 |            59
           38 |    18 |            71
           38 |    19 |            97
----------------------------------
           39 |     1 |           438
           39 |     2 |           183
           39 |     3 |            99
           39 |     4 |            68
           39 |     5 |            65
           39 |     6 |            50
           39 |     7 |            45
           39 |     8 |            45
           39 |     9 |            37
           39 |    10 |            30
           39 |    11 |            36
           39 |    12 |            31
           39 |    13 |            38
           39 |    14 |            32
           39 |    15 |            46
           39 |    16 |            68
           39 |    17 |            67
           39 |    18 |           110
           39 |    19 |           111
----------------------------------
           40 |     1 |           500
           40 |     2 |           220
           40 |     3 |           148
           40 |     4 |            93
           40 |     5 |            74
           40 |     6 |            60
           40 |     7 |            42
           40 |     8 |            34
           40 |     9 |            39
           40 |    10 |            37
           40 |    11 |            36
           40 |    12 |            47
           40 |    13 |            51
           40 |    14 |            55
           40 |    15 |            70
           40 |    16 |            76
           40 |    17 |            93
           40 |    18 |           121
           40 |    19 |           124
----------------------------------
           41 |     1 |           562
           41 |     2 |           271
           41 |     3 |           155
           41 |     4 |           108
           41 |     5 |            91
           41 |     6 |            74
           41 |     7 |            58
           41 |     8 |            62
           41 |     9 |            60
           41 |    10 |            47
           41 |    11 |            44
           41 |    12 |            41
           41 |    13 |            44
           41 |    14 |            60
           41 |    15 |            83
           41 |    16 |            89
           41 |    17 |           105
           41 |    18 |           123
           41 |    19 |           137
----------------------------------
           42 |     1 |           553
           42 |     2 |           269
           42 |     3 |           156
           42 |     4 |           105
           42 |     5 |            92
           42 |     6 |            73
           42 |     7 |            62
           42 |     8 |            55
           42 |     9 |            42
           42 |    10 |            47
           42 |    11 |            49
           42 |    12 |            45
           42 |    13 |            53
           42 |    14 |            69
           42 |    15 |            58
           42 |    16 |            86
           42 |    17 |           103
           42 |    18 |           127
           42 |    19 |           140
----------------------------------
           43 |     1 |           750
           43 |     2 |           323
           43 |     3 |           192
           43 |     4 |           133
           43 |     5 |           112
           43 |     6 |            99
           43 |     7 |            87
           43 |     8 |            73
           43 |     9 |            68
           43 |    10 |            58
           43 |    11 |            69
           43 |    12 |            71
           43 |    13 |            86
           43 |    14 |            83
           43 |    15 |            99
           43 |    16 |           118
           43 |    17 |           133
           43 |    18 |           178
           43 |    19 |           192
----------------------------------
           44 |     1 |           686
           44 |     2 |           319
           44 |     3 |           207
           44 |     4 |           152
           44 |     5 |            97
           44 |     6 |            84
           44 |     7 |            82
           44 |     8 |            70
           44 |     9 |            67
           44 |    10 |            64
           44 |    11 |            57
           44 |    12 |            52
           44 |    13 |            71
           44 |    14 |            87
           44 |    15 |            92
           44 |    16 |            94
           44 |    17 |           121
           44 |    18 |           145
           44 |    19 |           181
----------------------------------
           45 |     1 |           680
           45 |     2 |           325
           45 |     3 |           203
           45 |     4 |           136
           45 |     5 |           126
           45 |     6 |           104
           45 |     7 |            84
           45 |     8 |            76
           45 |     9 |            67
           45 |    10 |            76
           45 |    11 |            75
           45 |    12 |            68
           45 |    13 |            70
           45 |    14 |            88
           45 |    15 |           102
           45 |    16 |           113
           45 |    17 |           127
           45 |    18 |           155
           45 |    19 |           160
----------------------------------
           46 |     1 |           660
           46 |     2 |           294
           46 |     3 |           197
           46 |     4 |           144
           46 |     5 |           115
           46 |     6 |            92
           46 |     7 |            91
           46 |     8 |            83
           46 |     9 |            79
           46 |    10 |            61
           46 |    11 |            56
           46 |    12 |            68
           46 |    13 |            74
           46 |    14 |            90
           46 |    15 |            99
           46 |    16 |           108
           46 |    17 |           141
           46 |    18 |           152
           46 |    19 |           156
----------------------------------
           47 |     1 |           503
           47 |     2 |           243
           47 |     3 |           146
           47 |     4 |           117
           47 |     5 |            79
           47 |     6 |            65
           47 |     7 |            59
           47 |     8 |            62
           47 |     9 |            55
           47 |    10 |            52
           47 |    11 |            58
           47 |    12 |            59
           47 |    13 |            59
           47 |    14 |            69
           47 |    15 |            79
           47 |    16 |            79
           47 |    17 |           106
           47 |    18 |           110
           47 |    19 |           115
----------------------------------
           48 |     1 |           529
           48 |     2 |           270
           48 |     3 |           152
           48 |     4 |           116
           48 |     5 |           109
           48 |     6 |            82
           48 |     7 |            70
           48 |     8 |            62
           48 |     9 |            49
           48 |    10 |            53
           48 |    11 |            52
           48 |    12 |            53
           48 |    13 |            72
           48 |    14 |            65
           48 |    15 |            86
           48 |    16 |            94
           48 |    17 |           113
           48 |    18 |           139
           48 |    19 |           138
----------------------------------
           49 |     1 |           609
           49 |     2 |           281
           49 |     3 |           194
           49 |     4 |           140
           49 |     5 |           113
           49 |     6 |            85
           49 |     7 |            79
           49 |     8 |            84
           49 |     9 |            75
           49 |    10 |            60
           49 |    11 |            79
           49 |    12 |            76
           49 |    13 |            74
           49 |    14 |            84
           49 |    15 |            84
           49 |    16 |           106
           49 |    17 |           126
           49 |    18 |           141
           49 |    19 |           156
----------------------------------
           50 |     1 |           429
           50 |     2 |           215
           50 |     3 |           148
           50 |     4 |           104
           50 |     5 |            80
           50 |     6 |            80
           50 |     7 |            74
           50 |     8 |            60
           50 |     9 |            57
           50 |    10 |            53
           50 |    11 |            60
           50 |    12 |            58
           50 |    13 |            70
           50 |    14 |            66
           50 |    15 |            67
           50 |    16 |            73
           50 |    17 |            91
           50 |    18 |           112
           50 |    19 |           103
----------------------------------
           51 |     1 |           337
           51 |     2 |           177
           51 |     3 |           115
           51 |     4 |            77
           51 |     5 |            71
           51 |     6 |            58
           51 |     7 |            66
           51 |     8 |            52
           51 |     9 |            48
           51 |    10 |            46
           51 |    11 |            54
           51 |    12 |            45
           51 |    13 |            50
           51 |    14 |            47
           51 |    15 |            54
           51 |    16 |            58
           51 |    17 |            66
           51 |    18 |            74
           51 |    19 |            86
----------------------------------
           52 |     1 |           406
           52 |     2 |           214
           52 |     3 |           132
           52 |     4 |            92
           52 |     5 |            77
           52 |     6 |            76
           52 |     7 |            68
           52 |     8 |            62
           52 |     9 |            58
           52 |    10 |            67
           52 |    11 |            51
           52 |    12 |            50
           52 |    13 |            54
           52 |    14 |            70
           52 |    15 |            74
           52 |    16 |            85
           52 |    17 |            90
           52 |    18 |           101
           52 |    19 |            97
----------------------------------
           53 |     1 |           354
           53 |     2 |           169
           53 |     3 |           116
           53 |     4 |            84
           53 |     5 |            73
           53 |     6 |            67
           53 |     7 |            58
           53 |     8 |            48
           53 |     9 |            48
           53 |    10 |            49
           53 |    11 |            53
           53 |    12 |            49
           53 |    13 |            42
           53 |    14 |            54
           53 |    15 |            59
           53 |    16 |            65
           53 |    17 |            75
           53 |    18 |            83
           53 |    19 |            97
----------------------------------
           54 |     1 |           278
           54 |     2 |           140
           54 |     3 |            86
           54 |     4 |            73
           54 |     5 |            57
           54 |     6 |            57
           54 |     7 |            41
           54 |     8 |            52
           54 |     9 |            35
           54 |    10 |            48
           54 |    11 |            37
           54 |    12 |            37
           54 |    13 |            39
           54 |    14 |            38
           54 |    15 |            45
           54 |    16 |            67
           54 |    17 |            69
           54 |    18 |            70
           54 |    19 |            81
----------------------------------
           55 |     1 |           184
           55 |     2 |            83
           55 |     3 |            56
           55 |     4 |            51
           55 |     5 |            41
           55 |     6 |            37
           55 |     7 |            31
           55 |     8 |            31
           55 |     9 |            31
           55 |    10 |            32
           55 |    11 |            28
           55 |    12 |            24
           55 |    13 |            27
           55 |    14 |            27
           55 |    15 |            30
           55 |    16 |            37
           55 |    17 |            43
           55 |    18 |            43
           55 |    19 |            44
----------------------------------
           56 |     1 |           179
           56 |     2 |            93
           56 |     3 |            61
           56 |     4 |            45
           56 |     5 |            42
           56 |     6 |            41
           56 |     7 |            33
           56 |     8 |            32
           56 |     9 |            27
           56 |    10 |            27
           56 |    11 |            31
           56 |    12 |            24
           56 |    13 |            24
           56 |    14 |            30
           56 |    15 |            33
           56 |    16 |            29
           56 |    17 |            45
           56 |    18 |            49
           56 |    19 |            51
----------------------------------
           57 |     1 |           165
           57 |     2 |            81
           57 |     3 |            57
           57 |     4 |            48
           57 |     5 |            36
           57 |     6 |            35
           57 |     7 |            30
           57 |     8 |            31
           57 |     9 |            24
           57 |    10 |            33
           57 |    11 |            24
           57 |    12 |            31
           57 |    13 |            40
           57 |    14 |            36
           57 |    15 |            29
           57 |    16 |            37
           57 |    17 |            31
           57 |    18 |            44
           57 |    19 |            43
----------------------------------
           58 |     1 |           171
           58 |     2 |            84
           58 |     3 |            62
           58 |     4 |            51
           58 |     5 |            44
           58 |     6 |            42
           58 |     7 |            35
           58 |     8 |            32
           58 |     9 |            32
           58 |    10 |            23
           58 |    11 |            30
           58 |    12 |            22
           58 |    13 |            26
           58 |    14 |            29
           58 |    15 |            29
           58 |    16 |            34
           58 |    17 |            39
           58 |    18 |            41
           58 |    19 |            44
----------------------------------
           59 |     1 |            62
           59 |     2 |            31
           59 |     3 |            17
           59 |     4 |            17
           59 |     5 |            15
           59 |     6 |            13
           59 |     7 |            13
           59 |     8 |             9
           59 |     9 |             8
           59 |    10 |            10
           59 |    11 |             7
           59 |    12 |             9
           59 |    13 |             8
           59 |    14 |             8
           59 |    15 |            10
           59 |    16 |            11
           59 |    17 |            13
           59 |    18 |            17
           59 |    19 |            17
----------------------------------
           60 |     1 |            99
           60 |     2 |            47
           60 |     3 |            32
           60 |     4 |            23
           60 |     5 |            24
           60 |     6 |            20
           60 |     7 |            21
           60 |     8 |            21
           60 |     9 |            20
           60 |    10 |            12
           60 |    11 |            16
           60 |    12 |            19
           60 |    13 |            14
           60 |    14 |            15
           60 |    15 |            15
           60 |    16 |            21
           60 |    17 |            22
           60 |    18 |            18
           60 |    19 |            21
----------------------------------
           61 |     1 |            42
           61 |     2 |            21
           61 |     3 |            14
           61 |     4 |            15
           61 |     5 |            13
           61 |     6 |            12
           61 |     7 |            12
           61 |     8 |            12
           61 |     9 |             9
           61 |    10 |            10
           61 |    11 |             9
           61 |    12 |             8
           61 |    13 |             5
           61 |    14 |             6
           61 |    15 |             5
           61 |    16 |            10
           61 |    17 |            14
           61 |    18 |            13
           61 |    19 |            14
----------------------------------
           62 |     1 |            46
           62 |     2 |            27
           62 |     3 |            15
           62 |     4 |            12
           62 |     5 |             6
           62 |     6 |             5
           62 |     7 |             6
           62 |     8 |             9
           62 |     9 |             9
           62 |    10 |            13
           62 |    11 |             9
           62 |    12 |            12
           62 |    13 |            13
           62 |    14 |            11
           62 |    15 |            13
           62 |    16 |            10
           62 |    17 |            11
           62 |    18 |            12
           62 |    19 |             9
----------------------------------
           63 |     1 |            19
           63 |     2 |            10
           63 |     3 |             7
           63 |     4 |             7
           63 |     5 |             5
           63 |     6 |             8
           63 |     7 |             3
           63 |     8 |             6
           63 |     9 |             6
           63 |    10 |             3
           63 |    11 |             7
           63 |    12 |             7
           63 |    13 |             4
           63 |    14 |             4
           63 |    15 |             4
           63 |    16 |             5
           63 |    17 |             6
           63 |    18 |             6
           63 |    19 |             9
----------------------------------
           64 |     1 |            32
           64 |     2 |            15
           64 |     3 |            10
           64 |     4 |             8
           64 |     5 |            10
           64 |     6 |            10
           64 |     7 |             8
           64 |     8 |             8
           64 |     9 |             6
           64 |    10 |             8
           64 |    11 |             9
           64 |    12 |             6
           64 |    13 |            11
           64 |    14 |             7
           64 |    15 |             5
           64 |    16 |             7
           64 |    17 |            12
           64 |    18 |             9
           64 |    19 |            11
----------------------------------
----------------------------------
           66 |     1 |            12
           66 |     2 |             4
           66 |     3 |             5
           66 |     4 |             3
           66 |     5 |             4
           66 |     6 |             4
           66 |     7 |             3
           66 |     8 |             2
           66 |     9 |             2
           66 |    10 |             1
           66 |    11 |             2
           66 |    12 |             2
           66 |    13 |             2
           66 |    14 |             3
           66 |    15 |             3
           66 |    16 |             4
           66 |    17 |             3
           66 |    18 |             1
           66 |    19 |             6
----------------------------------
----------------------------------
----------------------------------
           69 |     1 |            11
           69 |     2 |             3
           69 |     3 |             3
           69 |     4 |             2
           69 |     5 |             3
           69 |     6 |             1
           69 |     7 |             2
           69 |     8 |             3
           69 |     9 |             2
           69 |    10 |             4
           69 |    11 |             4
           69 |    12 |             5
           69 |    13 |             5
           69 |    14 |             4
           69 |    15 |             4
           69 |    16 |             3
           69 |    17 |             3
           69 |    18 |             3
           69 |    19 |             4
----------------------------------
----------------------------------
----------------------------------
----------------------------------
----------------------------------
----------------------------------
----------------------------------
----------------------------------
----------------------------------
----------------------------------
----------------------------------
----------------------------------
----------------------------------
----------------------------------
----------------------------------
----------------------------------
----------------------------------
----------------------------------
----------------------------------
----------------------------------
----------------------------------
----------------------------------
----------------------------------
----------------------------------
----------------------------------
----------------------------------
----------------------------------
----------------------------------
----------------------------------
----------------------------------
----------------------------------
----------------------------------
----------------------------------
----------------------------------
----------------------------------
----------------------------------
----------------------------------
----------------------------------
----------------------------------
----------------------------------
----------------------------------
----------------------------------
----------------------------------
----------------------------------
----------------------------------
----------------------------------
----------------------------------
----------------------------------
----------------------------------
----------------------------------
----------------------------------
----------------------------------
----------------------------------
----------------------------------
----------------------------------
----------------------------------
----------------------------------
----------------------------------
----------------------------------
----------------------------------
----------------------------------
----------------------------------
----------------------------------
----------------------------------
----------------------------------
----------------------------------
----------------------------------
----------------------------------
----------------------------------
----------------------------------
----------------------------------
----------------------------------
----------------------------------
----------------------------------
----------------------------------
----------------------------------
----------------------------------
----------------------------------
----------------------------------
----------------------------------
----------------------------------
----------------------------------
----------------------------------
----------------------------------
----------------------------------
----------------------------------
----------------------------------
----------------------------------
----------------------------------
----------------------------------
----------------------------------
----------------------------------
----------------------------------
----------------------------------
----------------------------------
----------------------------------
----------------------------------
----------------------------------
----------------------------------
----------------------------------
----------------------------------
----------------------------------
----------------------------------
----------------------------------
----------------------------------
----------------------------------
----------------------------------
----------------------------------
----------------------------------
----------------------------------
----------------------------------
----------------------------------
----------------------------------
----------------------------------
----------------------------------
----------------------------------
----------------------------------
----------------------------------
----------------------------------
----------------------------------
----------------------------------
----------------------------------
