MinCut number | SSize | Number of cuts
----------------------------------
----------------------------------
----------------------------------
----------------------------------
----------------------------------
----------------------------------
----------------------------------
----------------------------------
----------------------------------
----------------------------------
           29 |     1 |            29
           29 |     2 |            11
           29 |     3 |             6
           29 |     4 |             8
           29 |     5 |             4
           29 |     6 |             1
           29 |     7 |             4
           29 |     8 |             2
           29 |     9 |             2
           29 |    10 |             1
           29 |    11 |             0
           29 |    12 |             0
           29 |    13 |             3
           29 |    14 |             2
           29 |    15 |             1
           29 |    16 |             1
           29 |    17 |             2
           29 |    18 |             5
           29 |    19 |             5
----------------------------------
           30 |     1 |            38
           30 |     2 |             8
           30 |     3 |             5
           30 |     4 |             7
           30 |     5 |             2
           30 |     6 |             2
           30 |     7 |             3
           30 |     8 |             0
           30 |     9 |             4
           30 |    10 |             2
           30 |    11 |             2
           30 |    12 |             1
           30 |    13 |             3
           30 |    14 |             2
           30 |    15 |             2
           30 |    16 |             6
           30 |    17 |             9
           30 |    18 |            10
           30 |    19 |            14
----------------------------------
           31 |     1 |            68
           31 |     2 |            24
           31 |     3 |            14
           31 |     4 |             6
           31 |     5 |             7
           31 |     6 |             7
           31 |     7 |             4
           31 |     8 |             5
           31 |     9 |             1
           31 |    10 |             2
           31 |    11 |             3
           31 |    12 |             2
           31 |    13 |             6
           31 |    14 |             7
           31 |    15 |             6
           31 |    16 |            11
           31 |    17 |            11
           31 |    18 |            18
           31 |    19 |            15
----------------------------------
           32 |     1 |            46
           32 |     2 |            15
           32 |     3 |            13
           32 |     4 |             8
           32 |     5 |             5
           32 |     6 |             4
           32 |     7 |             4
           32 |     8 |             2
           32 |     9 |             1
           32 |    10 |             2
           32 |    11 |             2
           32 |    12 |             2
           32 |    13 |             2
           32 |    14 |             6
           32 |    15 |             6
           32 |    16 |             6
           32 |    17 |             6
           32 |    18 |            15
           32 |    19 |            15
----------------------------------
           33 |     1 |            71
           33 |     2 |            32
           33 |     3 |            11
           33 |     4 |             7
           33 |     5 |             2
           33 |     6 |             4
           33 |     7 |             4
           33 |     8 |             3
           33 |     9 |             2
           33 |    10 |             2
           33 |    11 |             2
           33 |    12 |             4
           33 |    13 |             4
           33 |    14 |             7
           33 |    15 |             6
           33 |    16 |            17
           33 |    17 |            14
           33 |    18 |            19
           33 |    19 |            20
----------------------------------
           34 |     1 |           186
           34 |     2 |            75
           34 |     3 |            45
           34 |     4 |            23
           34 |     5 |            12
           34 |     6 |             6
           34 |     7 |             9
           34 |     8 |             9
           34 |     9 |             9
           34 |    10 |             9
           34 |    11 |            16
           34 |    12 |            11
           34 |    13 |            11
           34 |    14 |            18
           34 |    15 |            23
           34 |    16 |            21
           34 |    17 |            30
           34 |    18 |            44
           34 |    19 |            55
----------------------------------
           35 |     1 |           252
           35 |     2 |           109
           35 |     3 |            66
           35 |     4 |            32
           35 |     5 |            33
           35 |     6 |            25
           35 |     7 |            16
           35 |     8 |            14
           35 |     9 |            12
           35 |    10 |            12
           35 |    11 |            19
           35 |    12 |            15
           35 |    13 |            22
           35 |    14 |            23
           35 |    15 |            28
           35 |    16 |            26
           35 |    17 |            49
           35 |    18 |            55
           35 |    19 |            67
----------------------------------
           36 |     1 |           241
           36 |     2 |            97
           36 |     3 |            67
           36 |     4 |            38
           36 |     5 |            22
           36 |     6 |            18
           36 |     7 |            13
           36 |     8 |            13
           36 |     9 |            15
           36 |    10 |            11
           36 |    11 |             9
           36 |    12 |            13
           36 |    13 |            18
           36 |    14 |            22
           36 |    15 |            34
           36 |    16 |            35
           36 |    17 |            52
           36 |    18 |            74
           36 |    19 |            72
----------------------------------
           37 |     1 |           358
           37 |     2 |           157
           37 |     3 |           103
           37 |     4 |            65
           37 |     5 |            39
           37 |     6 |            32
           37 |     7 |            22
           37 |     8 |            24
           37 |     9 |            17
           37 |    10 |            25
           37 |    11 |            22
           37 |    12 |            27
           37 |    13 |            30
           37 |    14 |            39
           37 |    15 |            54
           37 |    16 |            60
           37 |    17 |            76
           37 |    18 |           100
           37 |    19 |           119
----------------------------------
           38 |     1 |           415
           38 |     2 |           168
           38 |     3 |           101
           38 |     4 |            54
           38 |     5 |            42
           38 |     6 |            34
           38 |     7 |            30
           38 |     8 |            29
           38 |     9 |            21
           38 |    10 |            32
           38 |    11 |            34
           38 |    12 |            35
           38 |    13 |            41
           38 |    14 |            53
           38 |    15 |            52
           38 |    16 |            58
           38 |    17 |            83
           38 |    18 |           112
           38 |    19 |           126
----------------------------------
           39 |     1 |           395
           39 |     2 |           188
           39 |     3 |            99
           39 |     4 |            63
           39 |     5 |            55
           39 |     6 |            40
           39 |     7 |            37
           39 |     8 |            23
           39 |     9 |            36
           39 |    10 |            35
           39 |    11 |            34
           39 |    12 |            35
           39 |    13 |            36
           39 |    14 |            39
           39 |    15 |            52
           39 |    16 |            63
           39 |    17 |            82
           39 |    18 |           102
           39 |    19 |           146
----------------------------------
           40 |     1 |           596
           40 |     2 |           256
           40 |     3 |           139
           40 |     4 |           101
           40 |     5 |            83
           40 |     6 |            58
           40 |     7 |            55
           40 |     8 |            47
           40 |     9 |            37
           40 |    10 |            36
           40 |    11 |            47
           40 |    12 |            45
           40 |    13 |            52
           40 |    14 |            68
           40 |    15 |            81
           40 |    16 |           104
           40 |    17 |           106
           40 |    18 |           147
           40 |    19 |           182
----------------------------------
           41 |     1 |           595
           41 |     2 |           278
           41 |     3 |           156
           41 |     4 |           111
           41 |     5 |            84
           41 |     6 |            63
           41 |     7 |            69
           41 |     8 |            49
           41 |     9 |            44
           41 |    10 |            44
           41 |    11 |            48
           41 |    12 |            49
           41 |    13 |            62
           41 |    14 |            60
           41 |    15 |            77
           41 |    16 |            96
           41 |    17 |           130
           41 |    18 |           161
           41 |    19 |           202
----------------------------------
           42 |     1 |           562
           42 |     2 |           239
           42 |     3 |           145
           42 |     4 |           101
           42 |     5 |            74
           42 |     6 |            60
           42 |     7 |            51
           42 |     8 |            68
           42 |     9 |            42
           42 |    10 |            49
           42 |    11 |            55
           42 |    12 |            55
           42 |    13 |            58
           42 |    14 |            79
           42 |    15 |            73
           42 |    16 |            89
           42 |    17 |           125
           42 |    18 |           159
           42 |    19 |           184
----------------------------------
           43 |     1 |           637
           43 |     2 |           318
           43 |     3 |           174
           43 |     4 |           126
           43 |     5 |            91
           43 |     6 |            73
           43 |     7 |            56
           43 |     8 |            73
           43 |     9 |            58
           43 |    10 |            45
           43 |    11 |            56
           43 |    12 |            62
           43 |    13 |            63
           43 |    14 |            88
           43 |    15 |            82
           43 |    16 |           125
           43 |    17 |           139
           43 |    18 |           194
           43 |    19 |           206
----------------------------------
           44 |     1 |           719
           44 |     2 |           328
           44 |     3 |           204
           44 |     4 |           142
           44 |     5 |           107
           44 |     6 |            87
           44 |     7 |            83
           44 |     8 |            72
           44 |     9 |            73
           44 |    10 |            72
           44 |    11 |            66
           44 |    12 |            71
           44 |    13 |            74
           44 |    14 |            89
           44 |    15 |           112
           44 |    16 |           141
           44 |    17 |           174
           44 |    18 |           196
           44 |    19 |           226
----------------------------------
           45 |     1 |           562
           45 |     2 |           272
           45 |     3 |           182
           45 |     4 |           115
           45 |     5 |            90
           45 |     6 |            71
           45 |     7 |            53
           45 |     8 |            56
           45 |     9 |            49
           45 |    10 |            56
           45 |    11 |            55
           45 |    12 |            56
           45 |    13 |            55
           45 |    14 |            74
           45 |    15 |            97
           45 |    16 |           103
           45 |    17 |           121
           45 |    18 |           149
           45 |    19 |           214
----------------------------------
           46 |     1 |           607
           46 |     2 |           279
           46 |     3 |           187
           46 |     4 |           135
           46 |     5 |            92
           46 |     6 |            72
           46 |     7 |            56
           46 |     8 |            50
           46 |     9 |            59
           46 |    10 |            57
           46 |    11 |            53
           46 |    12 |            59
           46 |    13 |            77
           46 |    14 |            86
           46 |    15 |            79
           46 |    16 |            94
           46 |    17 |           152
           46 |    18 |           173
           46 |    19 |           209
----------------------------------
           47 |     1 |           615
           47 |     2 |           275
           47 |     3 |           166
           47 |     4 |           132
           47 |     5 |           124
           47 |     6 |            91
           47 |     7 |            70
           47 |     8 |            72
           47 |     9 |            70
           47 |    10 |            64
           47 |    11 |            79
           47 |    12 |            74
           47 |    13 |            86
           47 |    14 |            92
           47 |    15 |            98
           47 |    16 |           114
           47 |    17 |           136
           47 |    18 |           164
           47 |    19 |           204
----------------------------------
           48 |     1 |           469
           48 |     2 |           217
           48 |     3 |           144
           48 |     4 |           100
           48 |     5 |            69
           48 |     6 |            57
           48 |     7 |            49
           48 |     8 |            52
           48 |     9 |            52
           48 |    10 |            50
           48 |    11 |            44
           48 |    12 |            50
           48 |    13 |            56
           48 |    14 |            64
           48 |    15 |            63
           48 |    16 |            79
           48 |    17 |           104
           48 |    18 |           130
           48 |    19 |           167
----------------------------------
           49 |     1 |           433
           49 |     2 |           205
           49 |     3 |           129
           49 |     4 |           101
           49 |     5 |            74
           49 |     6 |            64
           49 |     7 |            69
           49 |     8 |            49
           49 |     9 |            52
           49 |    10 |            48
           49 |    11 |            48
           49 |    12 |            45
           49 |    13 |            49
           49 |    14 |            57
           49 |    15 |            64
           49 |    16 |            76
           49 |    17 |            97
           49 |    18 |           111
           49 |    19 |           140
----------------------------------
           50 |     1 |           473
           50 |     2 |           243
           50 |     3 |           147
           50 |     4 |           113
           50 |     5 |            84
           50 |     6 |            74
           50 |     7 |            63
           50 |     8 |            56
           50 |     9 |            61
           50 |    10 |            58
           50 |    11 |            54
           50 |    12 |            71
           50 |    13 |            69
           50 |    14 |            78
           50 |    15 |            79
           50 |    16 |            94
           50 |    17 |           119
           50 |    18 |           137
           50 |    19 |           177
----------------------------------
           51 |     1 |           340
           51 |     2 |           153
           51 |     3 |           111
           51 |     4 |            77
           51 |     5 |            66
           51 |     6 |            49
           51 |     7 |            55
           51 |     8 |            45
           51 |     9 |            43
           51 |    10 |            48
           51 |    11 |            50
           51 |    12 |            45
           51 |    13 |            46
           51 |    14 |            49
           51 |    15 |            63
           51 |    16 |            64
           51 |    17 |            70
           51 |    18 |           102
           51 |    19 |           105
----------------------------------
           52 |     1 |           267
           52 |     2 |           119
           52 |     3 |            87
           52 |     4 |            75
           52 |     5 |            63
           52 |     6 |            43
           52 |     7 |            39
           52 |     8 |            42
           52 |     9 |            37
           52 |    10 |            42
           52 |    11 |            35
           52 |    12 |            44
           52 |    13 |            41
           52 |    14 |            52
           52 |    15 |            52
           52 |    16 |            55
           52 |    17 |            71
           52 |    18 |            87
           52 |    19 |           101
----------------------------------
           53 |     1 |           324
           53 |     2 |           152
           53 |     3 |           108
           53 |     4 |            89
           53 |     5 |            76
           53 |     6 |            53
           53 |     7 |            55
           53 |     8 |            51
           53 |     9 |            48
           53 |    10 |            45
           53 |    11 |            52
           53 |    12 |            55
           53 |    13 |            52
           53 |    14 |            57
           53 |    15 |            44
           53 |    16 |            56
           53 |    17 |            76
           53 |    18 |            96
           53 |    19 |           101
----------------------------------
           54 |     1 |           186
           54 |     2 |            85
           54 |     3 |            55
           54 |     4 |            46
           54 |     5 |            46
           54 |     6 |            32
           54 |     7 |            31
           54 |     8 |            25
           54 |     9 |            32
           54 |    10 |            26
           54 |    11 |            22
           54 |    12 |            33
           54 |    13 |            35
           54 |    14 |            34
           54 |    15 |            38
           54 |    16 |            45
           54 |    17 |            39
           54 |    18 |            49
           54 |    19 |            59
----------------------------------
           55 |     1 |           240
           55 |     2 |           127
           55 |     3 |            82
           55 |     4 |            63
           55 |     5 |            52
           55 |     6 |            45
           55 |     7 |            39
           55 |     8 |            37
           55 |     9 |            48
           55 |    10 |            40
           55 |    11 |            43
           55 |    12 |            39
           55 |    13 |            40
           55 |    14 |            40
           55 |    15 |            54
           55 |    16 |            58
           55 |    17 |            64
           55 |    18 |            69
           55 |    19 |            85
----------------------------------
           56 |     1 |           167
           56 |     2 |            78
           56 |     3 |            56
           56 |     4 |            40
           56 |     5 |            38
           56 |     6 |            27
           56 |     7 |            23
           56 |     8 |            27
           56 |     9 |            23
           56 |    10 |            24
           56 |    11 |            31
           56 |    12 |            28
           56 |    13 |            29
           56 |    14 |            33
           56 |    15 |            32
           56 |    16 |            30
           56 |    17 |            43
           56 |    18 |            51
           56 |    19 |            60
----------------------------------
           57 |     1 |           158
           57 |     2 |            86
           57 |     3 |            56
           57 |     4 |            45
           57 |     5 |            34
           57 |     6 |            42
           57 |     7 |            31
           57 |     8 |            29
           57 |     9 |            32
           57 |    10 |            24
           57 |    11 |            29
           57 |    12 |            23
           57 |    13 |            26
           57 |    14 |            27
           57 |    15 |            26
           57 |    16 |            34
           57 |    17 |            48
           57 |    18 |            45
           57 |    19 |            60
----------------------------------
           58 |     1 |           153
           58 |     2 |            69
           58 |     3 |            47
           58 |     4 |            40
           58 |     5 |            31
           58 |     6 |            31
           58 |     7 |            28
           58 |     8 |            22
           58 |     9 |            29
           58 |    10 |            31
           58 |    11 |            25
           58 |    12 |            28
           58 |    13 |            20
           58 |    14 |            22
           58 |    15 |            28
           58 |    16 |            30
           58 |    17 |            35
           58 |    18 |            38
           58 |    19 |            47
----------------------------------
           59 |     1 |            40
           59 |     2 |            25
           59 |     3 |            12
           59 |     4 |             8
           59 |     5 |            10
           59 |     6 |             6
           59 |     7 |            11
           59 |     8 |            10
           59 |     9 |            10
           59 |    10 |             7
           59 |    11 |            12
           59 |    12 |             5
           59 |    13 |            10
           59 |    14 |             9
           59 |    15 |             7
           59 |    16 |            13
           59 |    17 |             9
           59 |    18 |            13
           59 |    19 |            19
----------------------------------
           60 |     1 |            88
           60 |     2 |            44
           60 |     3 |            34
           60 |     4 |            27
           60 |     5 |            20
           60 |     6 |            24
           60 |     7 |            25
           60 |     8 |            18
           60 |     9 |            21
           60 |    10 |            13
           60 |    11 |            13
           60 |    12 |            17
           60 |    13 |            15
           60 |    14 |            14
           60 |    15 |            14
           60 |    16 |            17
           60 |    17 |            21
           60 |    18 |            24
           60 |    19 |            31
----------------------------------
           61 |     1 |            43
           61 |     2 |            20
           61 |     3 |            15
           61 |     4 |            10
           61 |     5 |            14
           61 |     6 |            11
           61 |     7 |            10
           61 |     8 |            13
           61 |     9 |             9
           61 |    10 |            11
           61 |    11 |            11
           61 |    12 |            10
           61 |    13 |             7
           61 |    14 |             7
           61 |    15 |             6
           61 |    16 |             6
           61 |    17 |            14
           61 |    18 |            12
           61 |    19 |            15
----------------------------------
           62 |     1 |            32
           62 |     2 |            15
           62 |     3 |            12
           62 |     4 |             7
           62 |     5 |             6
           62 |     6 |             7
           62 |     7 |             4
           62 |     8 |             7
           62 |     9 |             9
           62 |    10 |            11
           62 |    11 |            10
           62 |    12 |             8
           62 |    13 |             6
           62 |    14 |             9
           62 |    15 |             9
           62 |    16 |             9
           62 |    17 |            10
           62 |    18 |             7
           62 |    19 |             8
----------------------------------
           63 |     1 |            43
           63 |     2 |            20
           63 |     3 |            16
           63 |     4 |            15
           63 |     5 |            13
           63 |     6 |            17
           63 |     7 |            10
           63 |     8 |            13
           63 |     9 |             9
           63 |    10 |             7
           63 |    11 |             7
           63 |    12 |             6
           63 |    13 |             7
           63 |    14 |             7
           63 |    15 |             9
           63 |    16 |            12
           63 |    17 |            10
           63 |    18 |            16
           63 |    19 |            15
----------------------------------
           64 |     1 |            21
           64 |     2 |            11
           64 |     3 |            10
           64 |     4 |             5
           64 |     5 |             6
           64 |     6 |             5
           64 |     7 |             6
           64 |     8 |             4
           64 |     9 |             4
           64 |    10 |             4
           64 |    11 |             5
           64 |    12 |             5
           64 |    13 |             3
           64 |    14 |             4
           64 |    15 |             4
           64 |    16 |             4
           64 |    17 |             5
           64 |    18 |            11
           64 |    19 |            11
----------------------------------
----------------------------------
           66 |     1 |            10
           66 |     2 |             4
           66 |     3 |             5
           66 |     4 |             4
           66 |     5 |             3
           66 |     6 |             2
           66 |     7 |             3
           66 |     8 |             5
           66 |     9 |             5
           66 |    10 |             4
           66 |    11 |             1
           66 |    12 |             2
           66 |    13 |             1
           66 |    14 |             1
           66 |    15 |             3
           66 |    16 |             3
           66 |    17 |             3
           66 |    18 |             3
           66 |    19 |             4
----------------------------------
           67 |     1 |            12
           67 |     2 |             5
           67 |     3 |             2
           67 |     4 |             1
           67 |     5 |             2
           67 |     6 |             3
           67 |     7 |             2
           67 |     8 |             4
           67 |     9 |             2
           67 |    10 |             5
           67 |    11 |             4
           67 |    12 |             4
           67 |    13 |             2
           67 |    14 |             3
           67 |    15 |             3
           67 |    16 |             5
           67 |    17 |             3
           67 |    18 |             2
           67 |    19 |             3
----------------------------------
----------------------------------
----------------------------------
----------------------------------
----------------------------------
----------------------------------
----------------------------------
----------------------------------
----------------------------------
----------------------------------
----------------------------------
----------------------------------
----------------------------------
----------------------------------
----------------------------------
----------------------------------
----------------------------------
----------------------------------
----------------------------------
----------------------------------
----------------------------------
----------------------------------
----------------------------------
----------------------------------
----------------------------------
----------------------------------
----------------------------------
----------------------------------
----------------------------------
----------------------------------
----------------------------------
----------------------------------
----------------------------------
----------------------------------
----------------------------------
----------------------------------
----------------------------------
----------------------------------
----------------------------------
----------------------------------
----------------------------------
----------------------------------
----------------------------------
----------------------------------
----------------------------------
----------------------------------
----------------------------------
----------------------------------
----------------------------------
----------------------------------
----------------------------------
----------------------------------
----------------------------------
----------------------------------
----------------------------------
----------------------------------
----------------------------------
----------------------------------
----------------------------------
----------------------------------
----------------------------------
----------------------------------
----------------------------------
----------------------------------
----------------------------------
----------------------------------
----------------------------------
----------------------------------
----------------------------------
----------------------------------
----------------------------------
----------------------------------
----------------------------------
----------------------------------
----------------------------------
----------------------------------
----------------------------------
----------------------------------
----------------------------------
----------------------------------
----------------------------------
----------------------------------
----------------------------------
----------------------------------
----------------------------------
----------------------------------
----------------------------------
----------------------------------
----------------------------------
----------------------------------
----------------------------------
----------------------------------
----------------------------------
----------------------------------
----------------------------------
----------------------------------
----------------------------------
----------------------------------
----------------------------------
----------------------------------
----------------------------------
----------------------------------
----------------------------------
----------------------------------
----------------------------------
----------------------------------
----------------------------------
----------------------------------
----------------------------------
----------------------------------
----------------------------------
----------------------------------
----------------------------------
----------------------------------
----------------------------------
----------------------------------
----------------------------------
----------------------------------
----------------------------------
----------------------------------
----------------------------------
----------------------------------
----------------------------------
----------------------------------
