MinCut number | Number of graphs
            9 |               0
           10 |               0
           11 |               0
           12 |               1
           13 |               1
           14 |               5
           15 |              17
           16 |             229
           17 |            1035
           18 |            2745
           19 |            3817
           20 |            3363
           21 |            2537
           22 |            2008
           23 |            1457
           24 |            1061
           25 |             692
           26 |             415
           27 |             269
           28 |             151
           29 |              93
           30 |              57
           31 |              25
           32 |               8
           33 |              10
           34 |               1
           35 |               2
           36 |               1
           37 |               0
           38 |               0
           39 |               0
           40 |               0
           41 |               0
           42 |               0
           43 |               0
           44 |               0
           45 |               0
           46 |               0
           47 |               0
           48 |               0
           49 |               0
           50 |               0
           51 |               0
           52 |               0
           53 |               0
           54 |               0
           55 |               0
           56 |               0
           57 |               0
           58 |               0
           59 |               0
           60 |               0
           61 |               0
           62 |               0
           63 |               0
           64 |               0
           65 |               0
           66 |               0
           67 |               0
           68 |               0
           69 |               0
           70 |               0
           71 |               0
           72 |               0
           73 |               0
           74 |               0
           75 |               0
           76 |               0
           77 |               0
           78 |               0
           79 |               0
           80 |               0
           81 |               0
           82 |               0
           83 |               0
           84 |               0
           85 |               0
           86 |               0
           87 |               0
           88 |               0
           89 |               0
           90 |               0
