MinCut number | Number of graphs
            4 |               0
            5 |               0
            6 |               0
            7 |              73
            8 |             412
            9 |             291
           10 |             160
           11 |              43
           12 |              21
           13 |               0
           14 |               0
           15 |               0
           16 |               0
           17 |               0
           18 |               0
           19 |               0
           20 |               0
