MinCut number | Number of graphs
            4 |               0
            5 |               0
            6 |               2
            7 |             134
            8 |             583
            9 |             258
           10 |              20
           11 |               3
           12 |               0
           13 |               0
           14 |               0
           15 |               0
           16 |               0
           17 |               0
           18 |               0
           19 |               0
           20 |               0
