MinCut number | Number of graphs
            4 |               0
            5 |               4
            6 |              35
            7 |              59
            8 |             500
            9 |             275
           10 |              90
           11 |              37
           12 |               0
           13 |               0
           14 |               0
           15 |               0
           16 |               0
           17 |               0
           18 |               0
           19 |               0
           20 |               0
