MinCut number | SSize | Number of cuts
----------------------------------
----------------------------------
----------------------------------
----------------------------------
----------------------------------
----------------------------------
----------------------------------
----------------------------------
----------------------------------
           18 |     1 |           433
           18 |     2 |            72
           18 |     3 |            63
           18 |     4 |            61
           18 |     5 |            52
           18 |     6 |            44
           18 |     7 |            44
           18 |     8 |            44
           18 |     9 |            51
----------------------------------
           19 |     1 |          6739
           19 |     2 |          1647
           19 |     3 |          1074
           19 |     4 |           968
           19 |     5 |           841
           19 |     6 |           715
           19 |     7 |           658
           19 |     8 |           687
           19 |     9 |           845
----------------------------------
           20 |     1 |         49097
           20 |     2 |         14955
           20 |     3 |          8400
           20 |     4 |          6961
           20 |     5 |          6217
           20 |     6 |          5610
           20 |     7 |          5160
           20 |     8 |          5373
           20 |     9 |          6567
----------------------------------
           21 |     1 |        175965
           21 |     2 |         61425
           21 |     3 |         33421
           21 |     4 |         25601
           21 |     5 |         22870
           21 |     6 |         21055
           21 |     7 |         20060
           21 |     8 |         21003
           21 |     9 |         24551
----------------------------------
           22 |     1 |        404843
           22 |     2 |        155106
           22 |     3 |         87238
           22 |     4 |         62302
           22 |     5 |         54020
           22 |     6 |         50376
           22 |     7 |         49468
           22 |     8 |         52112
           22 |     9 |         59443
----------------------------------
           23 |     1 |        680858
           23 |     2 |        280994
           23 |     3 |        163021
           23 |     4 |        116047
           23 |     5 |         95618
           23 |     6 |         89037
           23 |     7 |         88245
           23 |     8 |         92599
           23 |     9 |        103378
----------------------------------
           24 |     1 |        915942
           24 |     2 |        398358
           24 |     3 |        239796
           24 |     4 |        172900
           24 |     5 |        139766
           24 |     6 |        127077
           24 |     7 |        125762
           24 |     8 |        130963
           24 |     9 |        143412
----------------------------------
           25 |     1 |       1049214
           25 |     2 |        477234
           25 |     3 |        296818
           25 |     4 |        216473
           25 |     5 |        176578
           25 |     6 |        157643
           25 |     7 |        152777
           25 |     8 |        156786
           25 |     9 |        167877
----------------------------------
           26 |     1 |       1062148
           26 |     2 |        500589
           26 |     3 |        320077
           26 |     4 |        237321
           26 |     5 |        195916
           26 |     6 |        173840
           26 |     7 |        164888
           26 |     8 |        166321
           26 |     9 |        175192
----------------------------------
           27 |     1 |        993350
           27 |     2 |        482112
           27 |     3 |        316718
           27 |     4 |        238355
           27 |     5 |        198303
           27 |     6 |        177724
           27 |     7 |        166955
           27 |     8 |        164307
           27 |     9 |        168078
----------------------------------
           28 |     1 |        868460
           28 |     2 |        432648
           28 |     3 |        289425
           28 |     4 |        222472
           28 |     5 |        185872
           28 |     6 |        167567
           28 |     7 |        157713
           28 |     8 |        152642
           28 |     9 |        152373
----------------------------------
           29 |     1 |        720974
           29 |     2 |        366315
           29 |     3 |        252279
           29 |     4 |        196621
           29 |     5 |        165641
           29 |     6 |        148722
           29 |     7 |        140816
           29 |     8 |        135325
           29 |     9 |        131450
----------------------------------
           30 |     1 |        590865
           30 |     2 |        306879
           30 |     3 |        214817
           30 |     4 |        169894
           30 |     5 |        144932
           30 |     6 |        129994
           30 |     7 |        123060
           30 |     8 |        118117
           30 |     9 |        112742
----------------------------------
           31 |     1 |        455707
           31 |     2 |        240690
           31 |     3 |        171796
           31 |     4 |        137654
           31 |     5 |        119516
           31 |     6 |        107702
           31 |     7 |        101261
           31 |     8 |         96790
           31 |     9 |         90550
----------------------------------
           32 |     1 |        352248
           32 |     2 |        189034
           32 |     3 |        136859
           32 |     4 |        112077
           32 |     5 |         97733
           32 |     6 |         88612
           32 |     7 |         82608
           32 |     8 |         78758
           32 |     9 |         73367
----------------------------------
           33 |     1 |        262975
           33 |     2 |        143486
           33 |     3 |        105902
           33 |     4 |         87778
           33 |     5 |         77439
           33 |     6 |         70880
           33 |     7 |         65520
           33 |     8 |         61720
           33 |     9 |         56946
----------------------------------
           34 |     1 |        193449
           34 |     2 |        107683
           34 |     3 |         80487
           34 |     4 |         67604
           34 |     5 |         59851
           34 |     6 |         54891
           34 |     7 |         50651
           34 |     8 |         47135
           34 |     9 |         43409
----------------------------------
           35 |     1 |        139028
           35 |     2 |         78214
           35 |     3 |         59690
           35 |     4 |         50807
           35 |     5 |         45531
           35 |     6 |         41871
           35 |     7 |         38728
           35 |     8 |         35270
           35 |     9 |         31941
----------------------------------
           36 |     1 |        100910
           36 |     2 |         58116
           36 |     3 |         44627
           36 |     4 |         38207
           36 |     5 |         34574
           36 |     6 |         31830
           36 |     7 |         29491
           36 |     8 |         26699
           36 |     9 |         23914
----------------------------------
           37 |     1 |         67709
           37 |     2 |         39437
           37 |     3 |         30982
           37 |     4 |         26814
           37 |     5 |         24388
           37 |     6 |         22387
           37 |     7 |         20869
           37 |     8 |         18745
           37 |     9 |         16327
----------------------------------
           38 |     1 |         48614
           38 |     2 |         28871
           38 |     3 |         22855
           38 |     4 |         20083
           38 |     5 |         18288
           38 |     6 |         16860
           38 |     7 |         15437
           38 |     8 |         14033
           38 |     9 |         12027
----------------------------------
           39 |     1 |         31519
           39 |     2 |         19051
           39 |     3 |         15331
           39 |     4 |         13588
           39 |     5 |         12406
           39 |     6 |         11368
           39 |     7 |         10419
           39 |     8 |          9358
           39 |     9 |          7883
----------------------------------
           40 |     1 |         21724
           40 |     2 |         13292
           40 |     3 |         10811
           40 |     4 |          9680
           40 |     5 |          8903
           40 |     6 |          8228
           40 |     7 |          7417
           40 |     8 |          6687
           40 |     9 |          5538
----------------------------------
           41 |     1 |         13400
           41 |     2 |          8391
           41 |     3 |          6929
           41 |     4 |          6208
           41 |     5 |          5742
           41 |     6 |          5287
           41 |     7 |          4774
           41 |     8 |          4264
           41 |     9 |          3389
----------------------------------
           42 |     1 |          9453
           42 |     2 |          6047
           42 |     3 |          5035
           42 |     4 |          4513
           42 |     5 |          4179
           42 |     6 |          3877
           42 |     7 |          3446
           42 |     8 |          3074
           42 |     9 |          2460
----------------------------------
           43 |     1 |          5690
           43 |     2 |          3679
           43 |     3 |          3110
           43 |     4 |          2825
           43 |     5 |          2637
           43 |     6 |          2405
           43 |     7 |          2179
           43 |     8 |          1889
           43 |     9 |          1515
----------------------------------
           44 |     1 |          3755
           44 |     2 |          2480
           44 |     3 |          2126
           44 |     4 |          1964
           44 |     5 |          1786
           44 |     6 |          1620
           44 |     7 |          1466
           44 |     8 |          1275
           44 |     9 |           996
----------------------------------
           45 |     1 |          2205
           45 |     2 |          1486
           45 |     3 |          1286
           45 |     4 |          1168
           45 |     5 |          1088
           45 |     6 |          1001
           45 |     7 |           901
           45 |     8 |           748
           45 |     9 |           602
----------------------------------
           46 |     1 |          1183
           46 |     2 |           817
           46 |     3 |           712
           46 |     4 |           649
           46 |     5 |           604
           46 |     6 |           559
           46 |     7 |           493
           46 |     8 |           408
           46 |     9 |           325
----------------------------------
           47 |     1 |           754
           47 |     2 |           526
           47 |     3 |           468
           47 |     4 |           425
           47 |     5 |           393
           47 |     6 |           367
           47 |     7 |           312
           47 |     8 |           262
           47 |     9 |           206
----------------------------------
           48 |     1 |           493
           48 |     2 |           355
           48 |     3 |           310
           48 |     4 |           287
           48 |     5 |           268
           48 |     6 |           254
           48 |     7 |           214
           48 |     8 |           175
           48 |     9 |           140
----------------------------------
           49 |     1 |           161
           49 |     2 |           118
           49 |     3 |           104
           49 |     4 |           101
           49 |     5 |            92
           49 |     6 |            81
           49 |     7 |            69
           49 |     8 |            61
           49 |     9 |            46
----------------------------------
           50 |     1 |            67
           50 |     2 |            50
           50 |     3 |            44
           50 |     4 |            42
           50 |     5 |            41
           50 |     6 |            35
           50 |     7 |            31
           50 |     8 |            23
           50 |     9 |            17
----------------------------------
           51 |     1 |            58
           51 |     2 |            43
           51 |     3 |            39
           51 |     4 |            37
           51 |     5 |            35
           51 |     6 |            30
           51 |     7 |            25
           51 |     8 |            21
           51 |     9 |            18
----------------------------------
           52 |     1 |            57
           52 |     2 |            46
           52 |     3 |            41
           52 |     4 |            42
           52 |     5 |            36
           52 |     6 |            29
           52 |     7 |            25
           52 |     8 |            20
           52 |     9 |            16
----------------------------------
           53 |     1 |            10
           53 |     2 |             8
           53 |     3 |             7
           53 |     4 |             7
           53 |     5 |             6
           53 |     6 |             5
           53 |     7 |             4
           53 |     8 |             4
           53 |     9 |             2
----------------------------------
           54 |     1 |            27
           54 |     2 |            25
           54 |     3 |            22
           54 |     4 |            21
           54 |     5 |            18
           54 |     6 |            15
           54 |     7 |            14
           54 |     8 |            11
           54 |     9 |             9
----------------------------------
----------------------------------
----------------------------------
----------------------------------
----------------------------------
----------------------------------
----------------------------------
----------------------------------
----------------------------------
----------------------------------
----------------------------------
----------------------------------
----------------------------------
----------------------------------
----------------------------------
----------------------------------
----------------------------------
----------------------------------
----------------------------------
----------------------------------
----------------------------------
----------------------------------
----------------------------------
----------------------------------
----------------------------------
----------------------------------
----------------------------------
----------------------------------
----------------------------------
----------------------------------
----------------------------------
----------------------------------
----------------------------------
----------------------------------
----------------------------------
----------------------------------
----------------------------------
