MinCut number | SSize | Number of cuts
----------------------------------
----------------------------------
----------------------------------
----------------------------------
----------------------------------
----------------------------------
----------------------------------
----------------------------------
----------------------------------
----------------------------------
----------------------------------
----------------------------------
----------------------------------
           32 |     1 |            32
           32 |     2 |             1
           32 |     3 |             0
           32 |     4 |             0
           32 |     5 |             0
           32 |     6 |             0
           32 |     7 |             0
           32 |     8 |             0
           32 |     9 |             0
           32 |    10 |             0
           32 |    11 |             0
           32 |    12 |             0
           32 |    13 |             0
           32 |    14 |             0
           32 |    15 |             1
           32 |    16 |             1
           32 |    17 |             2
           32 |    18 |             6
           32 |    19 |            21
----------------------------------
           33 |     1 |             9
           33 |     2 |             1
           33 |     3 |             0
           33 |     4 |             0
           33 |     5 |             7
           33 |     6 |             0
           33 |     7 |             0
           33 |     8 |             0
           33 |     9 |             0
           33 |    10 |             0
           33 |    11 |             0
           33 |    12 |             1
           33 |    13 |             0
           33 |    14 |             0
           33 |    15 |             1
           33 |    16 |             3
           33 |    17 |             1
           33 |    18 |             1
           33 |    19 |             9
----------------------------------
           34 |     1 |            17
           34 |     2 |             2
           34 |     3 |             0
           34 |     4 |             0
           34 |     5 |             0
           34 |     6 |             0
           34 |     7 |             0
           34 |     8 |             0
           34 |     9 |             0
           34 |    10 |             0
           34 |    11 |             0
           34 |    12 |             0
           34 |    13 |             0
           34 |    14 |             0
           34 |    15 |             1
           34 |    16 |             0
           34 |    17 |             0
           34 |    18 |             5
           34 |    19 |             9
----------------------------------
           35 |     1 |            14
           35 |     2 |             8
           35 |     3 |             0
           35 |     4 |             0
           35 |     5 |             0
           35 |     6 |             0
           35 |     7 |             0
           35 |     8 |             0
           35 |     9 |             0
           35 |    10 |             1
           35 |    11 |             0
           35 |    12 |             0
           35 |    13 |             0
           35 |    14 |             0
           35 |    15 |             0
           35 |    16 |             0
           35 |    17 |             1
           35 |    18 |             3
           35 |    19 |             8
----------------------------------
           36 |     1 |            12
           36 |     2 |             3
           36 |     3 |             2
           36 |     4 |             0
           36 |     5 |             0
           36 |     6 |             1
           36 |     7 |             0
           36 |     8 |             0
           36 |     9 |             0
           36 |    10 |             0
           36 |    11 |             0
           36 |    12 |             0
           36 |    13 |             0
           36 |    14 |             1
           36 |    15 |             0
           36 |    16 |             1
           36 |    17 |             2
           36 |    18 |             4
           36 |    19 |            10
----------------------------------
           37 |     1 |            19
           37 |     2 |             1
           37 |     3 |             0
           37 |     4 |             0
           37 |     5 |             0
           37 |     6 |             0
           37 |     7 |             0
           37 |     8 |             0
           37 |     9 |             0
           37 |    10 |             0
           37 |    11 |             0
           37 |    12 |             0
           37 |    13 |             0
           37 |    14 |             0
           37 |    15 |             0
           37 |    16 |             1
           37 |    17 |             1
           37 |    18 |             2
           37 |    19 |            13
----------------------------------
           38 |     1 |            19
           38 |     2 |             0
           38 |     3 |             1
           38 |     4 |             0
           38 |     5 |             0
           38 |     6 |             0
           38 |     7 |             0
           38 |     8 |             0
           38 |     9 |             0
           38 |    10 |             0
           38 |    11 |             1
           38 |    12 |             1
           38 |    13 |             0
           38 |    14 |             1
           38 |    15 |             1
           38 |    16 |             0
           38 |    17 |             1
           38 |    18 |             3
           38 |    19 |            10
----------------------------------
           39 |     1 |            42
           39 |     2 |             3
           39 |     3 |             0
           39 |     4 |             0
           39 |     5 |             0
           39 |     6 |             0
           39 |     7 |             0
           39 |     8 |             0
           39 |     9 |             0
           39 |    10 |             0
           39 |    11 |             0
           39 |    12 |             1
           39 |    13 |             0
           39 |    14 |             0
           39 |    15 |             0
           39 |    16 |             1
           39 |    17 |             5
           39 |    18 |             5
           39 |    19 |            21
----------------------------------
           40 |     1 |            88
           40 |     2 |            24
           40 |     3 |             2
           40 |     4 |             2
           40 |     5 |             2
           40 |     6 |             0
           40 |     7 |             0
           40 |     8 |             1
           40 |     9 |             0
           40 |    10 |             0
           40 |    11 |             0
           40 |    12 |             0
           40 |    13 |             0
           40 |    14 |             2
           40 |    15 |             1
           40 |    16 |             4
           40 |    17 |             9
           40 |    18 |            22
           40 |    19 |            43
----------------------------------
           41 |     1 |           212
           41 |     2 |            17
           41 |     3 |            11
           41 |     4 |             5
           41 |     5 |             1
           41 |     6 |             6
           41 |     7 |             1
           41 |     8 |             0
           41 |     9 |             0
           41 |    10 |             0
           41 |    11 |             0
           41 |    12 |             1
           41 |    13 |             0
           41 |    14 |             1
           41 |    15 |             3
           41 |    16 |             6
           41 |    17 |             9
           41 |    18 |            32
           41 |    19 |           105
----------------------------------
           42 |     1 |            76
           42 |     2 |             3
           42 |     3 |             1
           42 |     4 |             0
           42 |     5 |             0
           42 |     6 |             0
           42 |     7 |             0
           42 |     8 |             0
           42 |     9 |             0
           42 |    10 |             0
           42 |    11 |             0
           42 |    12 |             0
           42 |    13 |             0
           42 |    14 |             0
           42 |    15 |             0
           42 |    16 |             0
           42 |    17 |             3
           42 |    18 |             6
           42 |    19 |            37
----------------------------------
           43 |     1 |           126
           43 |     2 |            11
           43 |     3 |             0
           43 |     4 |             0
           43 |     5 |             0
           43 |     6 |             0
           43 |     7 |             0
           43 |     8 |             0
           43 |     9 |             1
           43 |    10 |             0
           43 |    11 |             0
           43 |    12 |             0
           43 |    13 |             0
           43 |    14 |             1
           43 |    15 |             1
           43 |    16 |             1
           43 |    17 |             3
           43 |    18 |            21
           43 |    19 |            50
----------------------------------
           44 |     1 |           126
           44 |     2 |             9
           44 |     3 |             1
           44 |     4 |             2
           44 |     5 |             0
           44 |     6 |             0
           44 |     7 |             0
           44 |     8 |             0
           44 |     9 |             0
           44 |    10 |             0
           44 |    11 |             0
           44 |    12 |             0
           44 |    13 |             0
           44 |    14 |             1
           44 |    15 |             2
           44 |    16 |             3
           44 |    17 |             7
           44 |    18 |            21
           44 |    19 |            48
----------------------------------
           45 |     1 |           190
           45 |     2 |            32
           45 |     3 |             5
           45 |     4 |             0
           45 |     5 |             2
           45 |     6 |             0
           45 |     7 |             0
           45 |     8 |             0
           45 |     9 |             0
           45 |    10 |             0
           45 |    11 |             0
           45 |    12 |             0
           45 |    13 |             0
           45 |    14 |             0
           45 |    15 |             2
           45 |    16 |             5
           45 |    17 |            12
           45 |    18 |            31
           45 |    19 |            81
----------------------------------
           46 |     1 |           242
           46 |     2 |            39
           46 |     3 |            16
           46 |     4 |             3
           46 |     5 |             0
           46 |     6 |             0
           46 |     7 |             0
           46 |     8 |             0
           46 |     9 |             0
           46 |    10 |             1
           46 |    11 |             2
           46 |    12 |             1
           46 |    13 |             0
           46 |    14 |             0
           46 |    15 |             5
           46 |    16 |             3
           46 |    17 |            11
           46 |    18 |            27
           46 |    19 |           110
----------------------------------
           47 |     1 |           316
           47 |     2 |            54
           47 |     3 |            13
           47 |     4 |             5
           47 |     5 |             9
           47 |     6 |             1
           47 |     7 |             4
           47 |     8 |             0
           47 |     9 |             1
           47 |    10 |             0
           47 |    11 |             1
           47 |    12 |             0
           47 |    13 |             1
           47 |    14 |             1
           47 |    15 |             4
           47 |    16 |             9
           47 |    17 |            24
           47 |    18 |            45
           47 |    19 |           123
----------------------------------
           48 |     1 |           188
           48 |     2 |            18
           48 |     3 |             5
           48 |     4 |             3
           48 |     5 |             0
           48 |     6 |             0
           48 |     7 |             0
           48 |     8 |             0
           48 |     9 |             0
           48 |    10 |             1
           48 |    11 |             0
           48 |    12 |             0
           48 |    13 |             1
           48 |    14 |             3
           48 |    15 |             3
           48 |    16 |             6
           48 |    17 |            12
           48 |    18 |            25
           48 |    19 |            71
----------------------------------
           49 |     1 |           279
           49 |     2 |            35
           49 |     3 |            10
           49 |     4 |             1
           49 |     5 |             0
           49 |     6 |             0
           49 |     7 |             1
           49 |     8 |             0
           49 |     9 |             1
           49 |    10 |             5
           49 |    11 |             1
           49 |    12 |             2
           49 |    13 |             1
           49 |    14 |             0
           49 |    15 |             8
           49 |    16 |             4
           49 |    17 |            15
           49 |    18 |            20
           49 |    19 |           107
----------------------------------
           50 |     1 |           297
           50 |     2 |            59
           50 |     3 |            13
           50 |     4 |             4
           50 |     5 |             0
           50 |     6 |             1
           50 |     7 |             0
           50 |     8 |             0
           50 |     9 |             2
           50 |    10 |             1
           50 |    11 |             3
           50 |    12 |             2
           50 |    13 |             3
           50 |    14 |             6
           50 |    15 |             3
           50 |    16 |            10
           50 |    17 |             6
           50 |    18 |            34
           50 |    19 |           106
----------------------------------
           51 |     1 |           367
           51 |     2 |            85
           51 |     3 |             3
           51 |     4 |             0
           51 |     5 |             0
           51 |     6 |             3
           51 |     7 |             1
           51 |     8 |             0
           51 |     9 |             0
           51 |    10 |             1
           51 |    11 |             1
           51 |    12 |             0
           51 |    13 |             4
           51 |    14 |             4
           51 |    15 |             8
           51 |    16 |            12
           51 |    17 |            17
           51 |    18 |            29
           51 |    19 |           128
----------------------------------
           52 |     1 |           462
           52 |     2 |            46
           52 |     3 |            11
           52 |     4 |            12
           52 |     5 |             0
           52 |     6 |             0
           52 |     7 |             0
           52 |     8 |             1
           52 |     9 |             1
           52 |    10 |             0
           52 |    11 |             0
           52 |    12 |             0
           52 |    13 |             4
           52 |    14 |             2
           52 |    15 |             3
           52 |    16 |            14
           52 |    17 |            23
           52 |    18 |            57
           52 |    19 |           144
----------------------------------
           53 |     1 |           459
           53 |     2 |            79
           53 |     3 |            39
           53 |     4 |            12
           53 |     5 |             6
           53 |     6 |             1
           53 |     7 |             0
           53 |     8 |             0
           53 |     9 |             1
           53 |    10 |             1
           53 |    11 |             1
           53 |    12 |             3
           53 |    13 |             4
           53 |    14 |             3
           53 |    15 |             4
           53 |    16 |             3
           53 |    17 |            21
           53 |    18 |            48
           53 |    19 |           163
----------------------------------
           54 |     1 |           790
           54 |     2 |            92
           54 |     3 |            25
           54 |     4 |            12
           54 |     5 |             7
           54 |     6 |             4
           54 |     7 |             0
           54 |     8 |             0
           54 |     9 |             0
           54 |    10 |             1
           54 |    11 |             1
           54 |    12 |             2
           54 |    13 |             0
           54 |    14 |             5
           54 |    15 |             7
           54 |    16 |            13
           54 |    17 |            35
           54 |    18 |            84
           54 |    19 |           272
----------------------------------
           55 |     1 |           694
           55 |     2 |            93
           55 |     3 |             9
           55 |     4 |            16
           55 |     5 |             4
           55 |     6 |             1
           55 |     7 |             0
           55 |     8 |             0
           55 |     9 |             3
           55 |    10 |             0
           55 |    11 |             0
           55 |    12 |             2
           55 |    13 |             4
           55 |    14 |             3
           55 |    15 |             4
           55 |    16 |            10
           55 |    17 |            31
           55 |    18 |            63
           55 |    19 |           218
----------------------------------
           56 |     1 |           783
           56 |     2 |           134
           56 |     3 |            33
           56 |     4 |            13
           56 |     5 |             0
           56 |     6 |             2
           56 |     7 |             8
           56 |     8 |             1
           56 |     9 |             1
           56 |    10 |             2
           56 |    11 |             3
           56 |    12 |             4
           56 |    13 |             4
           56 |    14 |             6
           56 |    15 |            14
           56 |    16 |            17
           56 |    17 |            32
           56 |    18 |            85
           56 |    19 |           258
----------------------------------
           57 |     1 |           598
           57 |     2 |           110
           57 |     3 |            29
           57 |     4 |             2
           57 |     5 |             0
           57 |     6 |             1
           57 |     7 |             1
           57 |     8 |             0
           57 |     9 |             0
           57 |    10 |             0
           57 |    11 |             0
           57 |    12 |             1
           57 |    13 |             2
           57 |    14 |             5
           57 |    15 |             0
           57 |    16 |             7
           57 |    17 |            17
           57 |    18 |            53
           57 |    19 |           200
----------------------------------
           58 |     1 |          1208
           58 |     2 |           180
           58 |     3 |            27
           58 |     4 |             6
           58 |     5 |             4
           58 |     6 |             1
           58 |     7 |             6
           58 |     8 |             1
           58 |     9 |             0
           58 |    10 |             0
           58 |    11 |             1
           58 |    12 |             4
           58 |    13 |             1
           58 |    14 |             4
           58 |    15 |             2
           58 |    16 |            10
           58 |    17 |            35
           58 |    18 |           114
           58 |    19 |           368
----------------------------------
           59 |     1 |           918
           59 |     2 |           130
           59 |     3 |            33
           59 |     4 |            17
           59 |     5 |             2
           59 |     6 |            11
           59 |     7 |            10
           59 |     8 |             2
           59 |     9 |             3
           59 |    10 |             2
           59 |    11 |             0
           59 |    12 |             1
           59 |    13 |             3
           59 |    14 |             2
           59 |    15 |             9
           59 |    16 |            12
           59 |    17 |            33
           59 |    18 |            94
           59 |    19 |           252
----------------------------------
           60 |     1 |           732
           60 |     2 |           142
           60 |     3 |            24
           60 |     4 |            17
           60 |     5 |             3
           60 |     6 |             4
           60 |     7 |             1
           60 |     8 |             2
           60 |     9 |             5
           60 |    10 |             1
           60 |    11 |             0
           60 |    12 |             3
           60 |    13 |             0
           60 |    14 |             4
           60 |    15 |             6
           60 |    16 |             4
           60 |    17 |            22
           60 |    18 |            80
           60 |    19 |           210
----------------------------------
           61 |     1 |           892
           61 |     2 |           176
           61 |     3 |            37
           61 |     4 |            10
           61 |     5 |             6
           61 |     6 |             2
           61 |     7 |             0
           61 |     8 |             0
           61 |     9 |             0
           61 |    10 |             1
           61 |    11 |             0
           61 |    12 |             1
           61 |    13 |             1
           61 |    14 |             4
           61 |    15 |             4
           61 |    16 |            10
           61 |    17 |            31
           61 |    18 |           102
           61 |    19 |           248
----------------------------------
           62 |     1 |           898
           62 |     2 |           197
           62 |     3 |            57
           62 |     4 |            21
           62 |     5 |             1
           62 |     6 |             6
           62 |     7 |            12
           62 |     8 |             0
           62 |     9 |             1
           62 |    10 |             0
           62 |    11 |             1
           62 |    12 |             2
           62 |    13 |             1
           62 |    14 |             2
           62 |    15 |            10
           62 |    16 |            16
           62 |    17 |            33
           62 |    18 |            89
           62 |    19 |           265
----------------------------------
           63 |     1 |          1075
           63 |     2 |           202
           63 |     3 |            44
           63 |     4 |            18
           63 |     5 |             4
           63 |     6 |             4
           63 |     7 |             2
           63 |     8 |             6
           63 |     9 |             1
           63 |    10 |             2
           63 |    11 |             2
           63 |    12 |             0
           63 |    13 |             0
           63 |    14 |            10
           63 |    15 |             7
           63 |    16 |            17
           63 |    17 |            45
           63 |    18 |           101
           63 |    19 |           287
----------------------------------
           64 |     1 |          1038
           64 |     2 |           254
           64 |     3 |            67
           64 |     4 |            26
           64 |     5 |            22
           64 |     6 |             2
           64 |     7 |             0
           64 |     8 |             1
           64 |     9 |             0
           64 |    10 |             4
           64 |    11 |             5
           64 |    12 |             2
           64 |    13 |             1
           64 |    14 |             3
           64 |    15 |             5
           64 |    16 |            12
           64 |    17 |            28
           64 |    18 |           110
           64 |    19 |           340
----------------------------------
           65 |     1 |           866
           65 |     2 |           230
           65 |     3 |            53
           65 |     4 |            20
           65 |     5 |             2
           65 |     6 |             0
           65 |     7 |             0
           65 |     8 |             2
           65 |     9 |             1
           65 |    10 |             0
           65 |    11 |             0
           65 |    12 |             2
           65 |    13 |             0
           65 |    14 |             5
           65 |    15 |             7
           65 |    16 |            14
           65 |    17 |            23
           65 |    18 |            81
           65 |    19 |           254
----------------------------------
           66 |     1 |           840
           66 |     2 |           240
           66 |     3 |            40
           66 |     4 |            16
           66 |     5 |            11
           66 |     6 |             2
           66 |     7 |             0
           66 |     8 |             3
           66 |     9 |             1
           66 |    10 |             2
           66 |    11 |             0
           66 |    12 |             1
           66 |    13 |             1
           66 |    14 |             2
           66 |    15 |             8
           66 |    16 |            11
           66 |    17 |            22
           66 |    18 |            83
           66 |    19 |           235
----------------------------------
           67 |     1 |          1097
           67 |     2 |           223
           67 |     3 |            68
           67 |     4 |            20
           67 |     5 |             7
           67 |     6 |             7
           67 |     7 |             1
           67 |     8 |             0
           67 |     9 |             1
           67 |    10 |             0
           67 |    11 |             2
           67 |    12 |             1
           67 |    13 |             1
           67 |    14 |             7
           67 |    15 |             8
           67 |    16 |            17
           67 |    17 |            27
           67 |    18 |            97
           67 |    19 |           292
----------------------------------
           68 |     1 |          1081
           68 |     2 |           272
           68 |     3 |            81
           68 |     4 |            18
           68 |     5 |             7
           68 |     6 |             1
           68 |     7 |             3
           68 |     8 |             1
           68 |     9 |             3
           68 |    10 |             0
           68 |    11 |             1
           68 |    12 |             1
           68 |    13 |             4
           68 |    14 |            10
           68 |    15 |            13
           68 |    16 |            15
           68 |    17 |            33
           68 |    18 |            86
           68 |    19 |           274
----------------------------------
           69 |     1 |          1355
           69 |     2 |           308
           69 |     3 |            87
           69 |     4 |            37
           69 |     5 |            12
           69 |     6 |             4
           69 |     7 |             4
           69 |     8 |             2
           69 |     9 |             5
           69 |    10 |             0
           69 |    11 |             4
           69 |    12 |             4
           69 |    13 |             1
           69 |    14 |             6
           69 |    15 |            12
           69 |    16 |            14
           69 |    17 |            43
           69 |    18 |           100
           69 |    19 |           348
----------------------------------
           70 |     1 |          1265
           70 |     2 |           343
           70 |     3 |            76
           70 |     4 |            38
           70 |     5 |             8
           70 |     6 |             1
           70 |     7 |             9
           70 |     8 |            17
           70 |     9 |            10
           70 |    10 |             6
           70 |    11 |             6
           70 |    12 |             6
           70 |    13 |             8
           70 |    14 |             5
           70 |    15 |            11
           70 |    16 |            18
           70 |    17 |            30
           70 |    18 |            88
           70 |    19 |           365
----------------------------------
           71 |     1 |           887
           71 |     2 |           214
           71 |     3 |            54
           71 |     4 |            10
           71 |     5 |            10
           71 |     6 |             4
           71 |     7 |             0
           71 |     8 |             4
           71 |     9 |             5
           71 |    10 |             2
           71 |    11 |             1
           71 |    12 |             0
           71 |    13 |             2
           71 |    14 |             4
           71 |    15 |             6
           71 |    16 |            17
           71 |    17 |            29
           71 |    18 |            87
           71 |    19 |           226
----------------------------------
           72 |     1 |          1288
           72 |     2 |           271
           72 |     3 |           101
           72 |     4 |            16
           72 |     5 |             8
           72 |     6 |             3
           72 |     7 |             1
           72 |     8 |             0
           72 |     9 |             2
           72 |    10 |             1
           72 |    11 |             0
           72 |    12 |             1
           72 |    13 |             0
           72 |    14 |             4
           72 |    15 |            11
           72 |    16 |            13
           72 |    17 |            27
           72 |    18 |            97
           72 |    19 |           316
----------------------------------
           73 |     1 |           885
           73 |     2 |           197
           73 |     3 |            56
           73 |     4 |            11
           73 |     5 |            13
           73 |     6 |             2
           73 |     7 |             6
           73 |     8 |             2
           73 |     9 |             0
           73 |    10 |             1
           73 |    11 |             1
           73 |    12 |             2
           73 |    13 |             2
           73 |    14 |             4
           73 |    15 |            11
           73 |    16 |            11
           73 |    17 |            22
           73 |    18 |            81
           73 |    19 |           226
----------------------------------
           74 |     1 |          1205
           74 |     2 |           306
           74 |     3 |            79
           74 |     4 |            30
           74 |     5 |            24
           74 |     6 |             3
           74 |     7 |             9
           74 |     8 |             0
           74 |     9 |             0
           74 |    10 |             1
           74 |    11 |             1
           74 |    12 |             2
           74 |    13 |             2
           74 |    14 |             0
           74 |    15 |             4
           74 |    16 |             9
           74 |    17 |            32
           74 |    18 |            89
           74 |    19 |           276
----------------------------------
           75 |     1 |           971
           75 |     2 |           217
           75 |     3 |            87
           75 |     4 |            43
           75 |     5 |            13
           75 |     6 |             5
           75 |     7 |             3
           75 |     8 |             6
           75 |     9 |             2
           75 |    10 |             0
           75 |    11 |             1
           75 |    12 |             1
           75 |    13 |             2
           75 |    14 |             4
           75 |    15 |             9
           75 |    16 |            11
           75 |    17 |            24
           75 |    18 |            84
           75 |    19 |           242
----------------------------------
           76 |     1 |           700
           76 |     2 |           226
           76 |     3 |            70
           76 |     4 |            18
           76 |     5 |             4
           76 |     6 |             2
           76 |     7 |            12
           76 |     8 |             0
           76 |     9 |             2
           76 |    10 |             1
           76 |    11 |             1
           76 |    12 |             1
           76 |    13 |             3
           76 |    14 |             5
           76 |    15 |             4
           76 |    16 |            12
           76 |    17 |            18
           76 |    18 |            52
           76 |    19 |           161
----------------------------------
           77 |     1 |           657
           77 |     2 |           161
           77 |     3 |            71
           77 |     4 |            15
           77 |     5 |             3
           77 |     6 |             3
           77 |     7 |             3
           77 |     8 |             2
           77 |     9 |             1
           77 |    10 |             1
           77 |    11 |             6
           77 |    12 |             2
           77 |    13 |             1
           77 |    14 |             0
           77 |    15 |             0
           77 |    16 |             4
           77 |    17 |            16
           77 |    18 |            48
           77 |    19 |           161
----------------------------------
           78 |     1 |          1077
           78 |     2 |           252
           78 |     3 |            60
           78 |     4 |            30
           78 |     5 |            22
           78 |     6 |            12
           78 |     7 |             6
           78 |     8 |             6
           78 |     9 |             4
           78 |    10 |             1
           78 |    11 |             2
           78 |    12 |             4
           78 |    13 |             3
           78 |    14 |             7
           78 |    15 |            10
           78 |    16 |            17
           78 |    17 |            32
           78 |    18 |            80
           78 |    19 |           247
----------------------------------
           79 |     1 |           562
           79 |     2 |           187
           79 |     3 |            29
           79 |     4 |            14
           79 |     5 |            11
           79 |     6 |             7
           79 |     7 |             1
           79 |     8 |             0
           79 |     9 |             2
           79 |    10 |             2
           79 |    11 |             0
           79 |    12 |             2
           79 |    13 |             7
           79 |    14 |             6
           79 |    15 |             9
           79 |    16 |            10
           79 |    17 |            22
           79 |    18 |            38
           79 |    19 |           118
----------------------------------
           80 |     1 |           732
           80 |     2 |           188
           80 |     3 |            57
           80 |     4 |            23
           80 |     5 |            13
           80 |     6 |             4
           80 |     7 |             1
           80 |     8 |             0
           80 |     9 |             0
           80 |    10 |             1
           80 |    11 |             1
           80 |    12 |             0
           80 |    13 |             2
           80 |    14 |             4
           80 |    15 |             3
           80 |    16 |            17
           80 |    17 |            19
           80 |    18 |            57
           80 |    19 |           158
----------------------------------
           81 |     1 |           803
           81 |     2 |           296
           81 |     3 |            74
           81 |     4 |            29
           81 |     5 |             5
           81 |     6 |             9
           81 |     7 |             4
           81 |     8 |             1
           81 |     9 |             2
           81 |    10 |             1
           81 |    11 |             1
           81 |    12 |             2
           81 |    13 |             2
           81 |    14 |             3
           81 |    15 |             0
           81 |    16 |            12
           81 |    17 |            16
           81 |    18 |            63
           81 |    19 |           216
----------------------------------
           82 |     1 |           444
           82 |     2 |           141
           82 |     3 |            31
           82 |     4 |            12
           82 |     5 |             8
           82 |     6 |            12
           82 |     7 |            10
           82 |     8 |             0
           82 |     9 |             2
           82 |    10 |             2
           82 |    11 |             1
           82 |    12 |             2
           82 |    13 |             3
           82 |    14 |             3
           82 |    15 |             5
           82 |    16 |             3
           82 |    17 |            12
           82 |    18 |            25
           82 |    19 |           104
----------------------------------
           83 |     1 |           676
           83 |     2 |           236
           83 |     3 |            43
           83 |     4 |            16
           83 |     5 |             4
           83 |     6 |             0
           83 |     7 |             0
           83 |     8 |             4
           83 |     9 |             5
           83 |    10 |             1
           83 |    11 |             0
           83 |    12 |             0
           83 |    13 |             2
           83 |    14 |             1
           83 |    15 |             4
           83 |    16 |             6
           83 |    17 |            21
           83 |    18 |            49
           83 |    19 |           177
----------------------------------
           84 |     1 |           545
           84 |     2 |           197
           84 |     3 |            29
           84 |     4 |            18
           84 |     5 |             8
           84 |     6 |             0
           84 |     7 |             1
           84 |     8 |             0
           84 |     9 |             0
           84 |    10 |             2
           84 |    11 |             0
           84 |    12 |             1
           84 |    13 |             1
           84 |    14 |             0
           84 |    15 |             4
           84 |    16 |             9
           84 |    17 |            14
           84 |    18 |            53
           84 |    19 |           126
----------------------------------
           85 |     1 |           711
           85 |     2 |           231
           85 |     3 |            63
           85 |     4 |            25
           85 |     5 |            11
           85 |     6 |             5
           85 |     7 |             3
           85 |     8 |             3
           85 |     9 |             0
           85 |    10 |             0
           85 |    11 |             0
           85 |    12 |             1
           85 |    13 |             2
           85 |    14 |             3
           85 |    15 |             2
           85 |    16 |            12
           85 |    17 |            17
           85 |    18 |            45
           85 |    19 |           141
----------------------------------
           86 |     1 |           856
           86 |     2 |           248
           86 |     3 |           132
           86 |     4 |            36
           86 |     5 |            23
           86 |     6 |             7
           86 |     7 |             0
           86 |     8 |             0
           86 |     9 |             3
           86 |    10 |             1
           86 |    11 |             3
           86 |    12 |             1
           86 |    13 |             4
           86 |    14 |             0
           86 |    15 |             8
           86 |    16 |            16
           86 |    17 |            25
           86 |    18 |            57
           86 |    19 |           214
----------------------------------
           87 |     1 |           270
           87 |     2 |            57
           87 |     3 |            13
           87 |     4 |             8
           87 |     5 |             7
           87 |     6 |             0
           87 |     7 |             0
           87 |     8 |             0
           87 |     9 |             0
           87 |    10 |             0
           87 |    11 |             0
           87 |    12 |             1
           87 |    13 |             0
           87 |    14 |             1
           87 |    15 |             0
           87 |    16 |             3
           87 |    17 |             5
           87 |    18 |            16
           87 |    19 |            54
----------------------------------
           88 |     1 |           752
           88 |     2 |           230
           88 |     3 |           141
           88 |     4 |            53
           88 |     5 |            18
           88 |     6 |            13
           88 |     7 |             4
           88 |     8 |             3
           88 |     9 |             4
           88 |    10 |             2
           88 |    11 |             5
           88 |    12 |             1
           88 |    13 |             2
           88 |    14 |             5
           88 |    15 |             7
           88 |    16 |            15
           88 |    17 |            27
           88 |    18 |            52
           88 |    19 |           162
----------------------------------
           89 |     1 |           440
           89 |     2 |           140
           89 |     3 |            55
           89 |     4 |            24
           89 |     5 |             8
           89 |     6 |             8
           89 |     7 |             8
           89 |     8 |             6
           89 |     9 |             5
           89 |    10 |             7
           89 |    11 |             4
           89 |    12 |             3
           89 |    13 |             2
           89 |    14 |             3
           89 |    15 |             9
           89 |    16 |            11
           89 |    17 |            14
           89 |    18 |            31
           89 |    19 |           112
----------------------------------
           90 |     1 |           169
           90 |     2 |            72
           90 |     3 |            19
           90 |     4 |            11
           90 |     5 |             1
           90 |     6 |             3
           90 |     7 |             4
           90 |     8 |             3
           90 |     9 |             2
           90 |    10 |             0
           90 |    11 |             1
           90 |    12 |             0
           90 |    13 |             1
           90 |    14 |             3
           90 |    15 |             2
           90 |    16 |             3
           90 |    17 |             9
           90 |    18 |            16
           90 |    19 |            41
----------------------------------
           91 |     1 |           291
           91 |     2 |            90
           91 |     3 |            43
           91 |     4 |            10
           91 |     5 |             2
           91 |     6 |             0
           91 |     7 |             4
           91 |     8 |             1
           91 |     9 |             0
           91 |    10 |             0
           91 |    11 |             0
           91 |    12 |             0
           91 |    13 |             0
           91 |    14 |             0
           91 |    15 |             1
           91 |    16 |             1
           91 |    17 |            12
           91 |    18 |            20
           91 |    19 |            71
----------------------------------
           92 |     1 |           407
           92 |     2 |           127
           92 |     3 |            25
           92 |     4 |            24
           92 |     5 |             4
           92 |     6 |             6
           92 |     7 |             5
           92 |     8 |             0
           92 |     9 |             1
           92 |    10 |             0
           92 |    11 |             1
           92 |    12 |             2
           92 |    13 |             1
           92 |    14 |             0
           92 |    15 |             4
           92 |    16 |             6
           92 |    17 |             5
           92 |    18 |            41
           92 |    19 |            77
----------------------------------
           93 |     1 |           445
           93 |     2 |           175
           93 |     3 |            74
           93 |     4 |            32
           93 |     5 |            21
           93 |     6 |             9
           93 |     7 |             7
           93 |     8 |             8
           93 |     9 |             6
           93 |    10 |             0
           93 |    11 |             2
           93 |    12 |             0
           93 |    13 |             1
           93 |    14 |             1
           93 |    15 |             2
           93 |    16 |             4
           93 |    17 |            12
           93 |    18 |            31
           93 |    19 |           100
----------------------------------
----------------------------------
           95 |     1 |           381
           95 |     2 |           149
           95 |     3 |            42
           95 |     4 |            35
           95 |     5 |            12
           95 |     6 |             2
           95 |     7 |             6
           95 |     8 |             4
           95 |     9 |             2
           95 |    10 |             0
           95 |    11 |             0
           95 |    12 |             0
           95 |    13 |             0
           95 |    14 |             2
           95 |    15 |             3
           95 |    16 |             4
           95 |    17 |            14
           95 |    18 |            25
           95 |    19 |            79
----------------------------------
           96 |     1 |           229
           96 |     2 |            75
           96 |     3 |            35
           96 |     4 |            27
           96 |     5 |             6
           96 |     6 |            11
           96 |     7 |             2
           96 |     8 |             0
           96 |     9 |             1
           96 |    10 |             6
           96 |    11 |             1
           96 |    12 |             1
           96 |    13 |             4
           96 |    14 |             0
           96 |    15 |             2
           96 |    16 |             5
           96 |    17 |            10
           96 |    18 |            13
           96 |    19 |            52
----------------------------------
           97 |     1 |            57
           97 |     2 |            12
           97 |     3 |            13
           97 |     4 |             1
           97 |     5 |             0
           97 |     6 |             0
           97 |     7 |             0
           97 |     8 |             0
           97 |     9 |             0
           97 |    10 |             0
           97 |    11 |             1
           97 |    12 |             0
           97 |    13 |             0
           97 |    14 |             0
           97 |    15 |             0
           97 |    16 |             0
           97 |    17 |             0
           97 |    18 |             2
           97 |    19 |            11
----------------------------------
           98 |     1 |           352
           98 |     2 |           125
           98 |     3 |            58
           98 |     4 |            30
           98 |     5 |            16
           98 |     6 |             4
           98 |     7 |             3
           98 |     8 |             1
           98 |     9 |             2
           98 |    10 |             2
           98 |    11 |             1
           98 |    12 |             2
           98 |    13 |             7
           98 |    14 |             3
           98 |    15 |             1
           98 |    16 |             5
           98 |    17 |             6
           98 |    18 |            16
           98 |    19 |            52
----------------------------------
           99 |     1 |           169
           99 |     2 |            55
           99 |     3 |            21
           99 |     4 |             0
           99 |     5 |             6
           99 |     6 |             3
           99 |     7 |             0
           99 |     8 |             0
           99 |     9 |             0
           99 |    10 |             0
           99 |    11 |             0
           99 |    12 |             0
           99 |    13 |             0
           99 |    14 |             1
           99 |    15 |             1
           99 |    16 |             1
           99 |    17 |             4
           99 |    18 |             9
           99 |    19 |            27
----------------------------------
          100 |     1 |            56
          100 |     2 |            25
          100 |     3 |             0
          100 |     4 |             0
          100 |     5 |             0
          100 |     6 |             0
          100 |     7 |             0
          100 |     8 |             0
          100 |     9 |             0
          100 |    10 |             0
          100 |    11 |             0
          100 |    12 |             0
          100 |    13 |             0
          100 |    14 |             1
          100 |    15 |             0
          100 |    16 |             1
          100 |    17 |             3
          100 |    18 |             7
          100 |    19 |             7
----------------------------------
          101 |     1 |           154
          101 |     2 |            65
          101 |     3 |            25
          101 |     4 |             4
          101 |     5 |             1
          101 |     6 |             0
          101 |     7 |             0
          101 |     8 |             0
          101 |     9 |             0
          101 |    10 |             0
          101 |    11 |             0
          101 |    12 |             0
          101 |    13 |             1
          101 |    14 |             1
          101 |    15 |             3
          101 |    16 |             1
          101 |    17 |             4
          101 |    18 |            11
          101 |    19 |            33
----------------------------------
          102 |     1 |            59
          102 |     2 |            23
          102 |     3 |             2
          102 |     4 |             6
          102 |     5 |             0
          102 |     6 |             0
          102 |     7 |             0
          102 |     8 |             0
          102 |     9 |             2
          102 |    10 |             0
          102 |    11 |             0
          102 |    12 |             0
          102 |    13 |             0
          102 |    14 |             0
          102 |    15 |             0
          102 |    16 |             0
          102 |    17 |             1
          102 |    18 |             1
          102 |    19 |             8
----------------------------------
----------------------------------
          104 |     1 |           109
          104 |     2 |            28
          104 |     3 |            27
          104 |     4 |             2
          104 |     5 |             6
          104 |     6 |             3
          104 |     7 |             0
          104 |     8 |             0
          104 |     9 |             0
          104 |    10 |             0
          104 |    11 |             1
          104 |    12 |             0
          104 |    13 |             0
          104 |    14 |             0
          104 |    15 |             0
          104 |    16 |             2
          104 |    17 |             2
          104 |    18 |             4
          104 |    19 |            24
----------------------------------
          105 |     1 |           160
          105 |     2 |            39
          105 |     3 |            20
          105 |     4 |            21
          105 |     5 |             6
          105 |     6 |             7
          105 |     7 |             4
          105 |     8 |             5
          105 |     9 |             2
          105 |    10 |             0
          105 |    11 |             1
          105 |    12 |             0
          105 |    13 |             1
          105 |    14 |             3
          105 |    15 |             0
          105 |    16 |             3
          105 |    17 |             2
          105 |    18 |            12
          105 |    19 |            29
----------------------------------
----------------------------------
          107 |     1 |            98
          107 |     2 |            45
          107 |     3 |            10
          107 |     4 |             8
          107 |     5 |            11
          107 |     6 |             3
          107 |     7 |             1
          107 |     8 |             0
          107 |     9 |             0
          107 |    10 |             0
          107 |    11 |             1
          107 |    12 |             0
          107 |    13 |             1
          107 |    14 |             0
          107 |    15 |             0
          107 |    16 |             1
          107 |    17 |             5
          107 |    18 |             8
          107 |    19 |            22
----------------------------------
          108 |     1 |           130
          108 |     2 |            48
          108 |     3 |            25
          108 |     4 |            21
          108 |     5 |            12
          108 |     6 |             7
          108 |     7 |             4
          108 |     8 |             1
          108 |     9 |             7
          108 |    10 |             4
          108 |    11 |             7
          108 |    12 |             8
          108 |    13 |             2
          108 |    14 |             0
          108 |    15 |             2
          108 |    16 |             1
          108 |    17 |             2
          108 |    18 |            10
          108 |    19 |            33
----------------------------------
          109 |     1 |           118
          109 |     2 |            27
          109 |     3 |            20
          109 |     4 |             4
          109 |     5 |            11
          109 |     6 |             1
          109 |     7 |             1
          109 |     8 |             2
          109 |     9 |             1
          109 |    10 |             0
          109 |    11 |             0
          109 |    12 |             1
          109 |    13 |             0
          109 |    14 |             0
          109 |    15 |             0
          109 |    16 |             0
          109 |    17 |             3
          109 |    18 |            13
          109 |    19 |            16
----------------------------------
          110 |     1 |           103
          110 |     2 |            50
          110 |     3 |             9
          110 |     4 |             3
          110 |     5 |             4
          110 |     6 |             8
          110 |     7 |             1
          110 |     8 |             0
          110 |     9 |             0
          110 |    10 |             0
          110 |    11 |             0
          110 |    12 |             2
          110 |    13 |             0
          110 |    14 |             2
          110 |    15 |             2
          110 |    16 |             2
          110 |    17 |             4
          110 |    18 |            11
          110 |    19 |            19
----------------------------------
----------------------------------
----------------------------------
          113 |     1 |            98
          113 |     2 |            57
          113 |     3 |            17
          113 |     4 |             8
          113 |     5 |             3
          113 |     6 |             2
          113 |     7 |             1
          113 |     8 |             0
          113 |     9 |             0
          113 |    10 |             2
          113 |    11 |             0
          113 |    12 |             2
          113 |    13 |             0
          113 |    14 |             3
          113 |    15 |             2
          113 |    16 |             1
          113 |    17 |             1
          113 |    18 |            10
          113 |    19 |            19
----------------------------------
          114 |     1 |           106
          114 |     2 |            38
          114 |     3 |            16
          114 |     4 |            14
          114 |     5 |             2
          114 |     6 |             0
          114 |     7 |             3
          114 |     8 |             2
          114 |     9 |             2
          114 |    10 |             3
          114 |    11 |             1
          114 |    12 |             4
          114 |    13 |             3
          114 |    14 |             0
          114 |    15 |             0
          114 |    16 |             3
          114 |    17 |             2
          114 |    18 |             7
          114 |    19 |            22
----------------------------------
          115 |     1 |            49
          115 |     2 |            30
          115 |     3 |            14
          115 |     4 |             2
          115 |     5 |             0
          115 |     6 |             0
          115 |     7 |             1
          115 |     8 |             0
          115 |     9 |             0
          115 |    10 |             0
          115 |    11 |             0
          115 |    12 |             0
          115 |    13 |             0
          115 |    14 |             0
          115 |    15 |             0
          115 |    16 |             0
          115 |    17 |             3
          115 |    18 |             6
          115 |    19 |            10
----------------------------------
          116 |     1 |            62
          116 |     2 |            17
          116 |     3 |             8
          116 |     4 |             2
          116 |     5 |             1
          116 |     6 |             0
          116 |     7 |             0
          116 |     8 |             0
          116 |     9 |             0
          116 |    10 |             1
          116 |    11 |             1
          116 |    12 |             1
          116 |    13 |             1
          116 |    14 |             1
          116 |    15 |             2
          116 |    16 |             0
          116 |    17 |             1
          116 |    18 |             7
          116 |    19 |            11
----------------------------------
----------------------------------
----------------------------------
----------------------------------
----------------------------------
----------------------------------
----------------------------------
----------------------------------
----------------------------------
----------------------------------
----------------------------------
----------------------------------
----------------------------------
          129 |     1 |            44
          129 |     2 |            45
          129 |     3 |            13
          129 |     4 |             3
          129 |     5 |             4
          129 |     6 |             4
          129 |     7 |             0
          129 |     8 |             0
          129 |     9 |             0
          129 |    10 |             0
          129 |    11 |             0
          129 |    12 |             0
          129 |    13 |             0
          129 |    14 |             0
          129 |    15 |             1
          129 |    16 |             1
          129 |    17 |             0
          129 |    18 |             5
          129 |    19 |             9
----------------------------------
----------------------------------
----------------------------------
----------------------------------
----------------------------------
----------------------------------
----------------------------------
----------------------------------
----------------------------------
----------------------------------
----------------------------------
----------------------------------
----------------------------------
----------------------------------
----------------------------------
----------------------------------
----------------------------------
----------------------------------
----------------------------------
----------------------------------
----------------------------------
----------------------------------
----------------------------------
----------------------------------
----------------------------------
----------------------------------
----------------------------------
----------------------------------
----------------------------------
----------------------------------
----------------------------------
----------------------------------
----------------------------------
----------------------------------
----------------------------------
----------------------------------
----------------------------------
----------------------------------
----------------------------------
----------------------------------
----------------------------------
----------------------------------
----------------------------------
----------------------------------
----------------------------------
----------------------------------
----------------------------------
----------------------------------
----------------------------------
----------------------------------
----------------------------------
----------------------------------
----------------------------------
----------------------------------
----------------------------------
----------------------------------
----------------------------------
----------------------------------
----------------------------------
----------------------------------
----------------------------------
----------------------------------
