MinCut number | SSize | Number of cuts
----------------------------------
----------------------------------
----------------------------------
----------------------------------
----------------------------------
----------------------------------
----------------------------------
----------------------------------
----------------------------------
----------------------------------
----------------------------------
----------------------------------
----------------------------------
----------------------------------
----------------------------------
----------------------------------
----------------------------------
----------------------------------
           37 |     1 |            12
           37 |     2 |             6
           37 |     3 |             2
           37 |     4 |             3
           37 |     5 |             0
           37 |     6 |             1
           37 |     7 |             1
           37 |     8 |             1
           37 |     9 |             0
           37 |    10 |             0
           37 |    11 |             0
           37 |    12 |             0
           37 |    13 |             1
           37 |    14 |             0
           37 |    15 |             2
           37 |    16 |             0
           37 |    17 |             2
           37 |    18 |             2
           37 |    19 |             4
----------------------------------
----------------------------------
----------------------------------
----------------------------------
           41 |     1 |            13
           41 |     2 |             2
           41 |     3 |             1
           41 |     4 |             0
           41 |     5 |             0
           41 |     6 |             0
           41 |     7 |             0
           41 |     8 |             0
           41 |     9 |             0
           41 |    10 |             0
           41 |    11 |             4
           41 |    12 |             3
           41 |    13 |             2
           41 |    14 |             2
           41 |    15 |             2
           41 |    16 |             2
           41 |    17 |             1
           41 |    18 |             4
           41 |    19 |             5
----------------------------------
----------------------------------
           43 |     1 |            14
           43 |     2 |             5
           43 |     3 |             1
           43 |     4 |             3
           43 |     5 |             1
           43 |     6 |             2
           43 |     7 |             1
           43 |     8 |             1
           43 |     9 |             2
           43 |    10 |             0
           43 |    11 |             1
           43 |    12 |             0
           43 |    13 |             0
           43 |    14 |             0
           43 |    15 |             0
           43 |    16 |             5
           43 |    17 |             3
           43 |    18 |             3
           43 |    19 |             1
----------------------------------
----------------------------------
           45 |     1 |            43
           45 |     2 |            10
           45 |     3 |            12
           45 |     4 |             8
           45 |     5 |             6
           45 |     6 |             2
           45 |     7 |             4
           45 |     8 |             0
           45 |     9 |             4
           45 |    10 |             7
           45 |    11 |             4
           45 |    12 |             3
           45 |    13 |             7
           45 |    14 |             5
           45 |    15 |             4
           45 |    16 |             2
           45 |    17 |             2
           45 |    18 |             4
           45 |    19 |             8
----------------------------------
           46 |     1 |            55
           46 |     2 |            21
           46 |     3 |            10
           46 |     4 |             8
           46 |     5 |             6
           46 |     6 |             3
           46 |     7 |             2
           46 |     8 |             2
           46 |     9 |             2
           46 |    10 |             4
           46 |    11 |             5
           46 |    12 |             2
           46 |    13 |             5
           46 |    14 |             4
           46 |    15 |             8
           46 |    16 |             9
           46 |    17 |             7
           46 |    18 |            11
           46 |    19 |            20
----------------------------------
           47 |     1 |            43
           47 |     2 |            20
           47 |     3 |             9
           47 |     4 |             7
           47 |     5 |             7
           47 |     6 |             4
           47 |     7 |             2
           47 |     8 |             4
           47 |     9 |             0
           47 |    10 |             2
           47 |    11 |             2
           47 |    12 |             2
           47 |    13 |             2
           47 |    14 |             2
           47 |    15 |             5
           47 |    16 |             5
           47 |    17 |             7
           47 |    18 |             9
           47 |    19 |             9
----------------------------------
           48 |     1 |            13
           48 |     2 |             7
           48 |     3 |             4
           48 |     4 |             1
           48 |     5 |             8
           48 |     6 |             0
           48 |     7 |             0
           48 |     8 |             0
           48 |     9 |             0
           48 |    10 |             0
           48 |    11 |             0
           48 |    12 |             0
           48 |    13 |             0
           48 |    14 |             0
           48 |    15 |             3
           48 |    16 |             2
           48 |    17 |             2
           48 |    18 |             4
           48 |    19 |             4
----------------------------------
           49 |     1 |            87
           49 |     2 |            54
           49 |     3 |            19
           49 |     4 |             6
           49 |     5 |             4
           49 |     6 |             7
           49 |     7 |             3
           49 |     8 |             6
           49 |     9 |             6
           49 |    10 |             6
           49 |    11 |             6
           49 |    12 |             5
           49 |    13 |             7
           49 |    14 |             9
           49 |    15 |             6
           49 |    16 |             7
           49 |    17 |            13
           49 |    18 |            22
           49 |    19 |            21
----------------------------------
           50 |     1 |            94
           50 |     2 |            50
           50 |     3 |            17
           50 |     4 |            13
           50 |     5 |             5
           50 |     6 |             3
           50 |     7 |             5
           50 |     8 |             0
           50 |     9 |             4
           50 |    10 |             6
           50 |    11 |             9
           50 |    12 |             4
           50 |    13 |             3
           50 |    14 |             3
           50 |    15 |            14
           50 |    16 |             9
           50 |    17 |            20
           50 |    18 |            12
           50 |    19 |            29
----------------------------------
           51 |     1 |            33
           51 |     2 |            11
           51 |     3 |             6
           51 |     4 |             4
           51 |     5 |             3
           51 |     6 |             1
           51 |     7 |             2
           51 |     8 |             2
           51 |     9 |             4
           51 |    10 |             1
           51 |    11 |             2
           51 |    12 |             0
           51 |    13 |             3
           51 |    14 |             2
           51 |    15 |             5
           51 |    16 |             6
           51 |    17 |             5
           51 |    18 |             6
           51 |    19 |             6
----------------------------------
           52 |     1 |           179
           52 |     2 |            70
           52 |     3 |            39
           52 |     4 |            22
           52 |     5 |            13
           52 |     6 |             7
           52 |     7 |             9
           52 |     8 |             8
           52 |     9 |             3
           52 |    10 |             9
           52 |    11 |            11
           52 |    12 |            10
           52 |    13 |            15
           52 |    14 |            12
           52 |    15 |            10
           52 |    16 |            15
           52 |    17 |            27
           52 |    18 |            22
           52 |    19 |            39
----------------------------------
           53 |     1 |           116
           53 |     2 |            60
           53 |     3 |            37
           53 |     4 |            18
           53 |     5 |            11
           53 |     6 |             5
           53 |     7 |             6
           53 |     8 |             3
           53 |     9 |             2
           53 |    10 |             7
           53 |    11 |             3
           53 |    12 |             8
           53 |    13 |             3
           53 |    14 |            11
           53 |    15 |             8
           53 |    16 |            11
           53 |    17 |            13
           53 |    18 |            18
           53 |    19 |            31
----------------------------------
           54 |     1 |            90
           54 |     2 |            39
           54 |     3 |            28
           54 |     4 |            14
           54 |     5 |            11
           54 |     6 |             5
           54 |     7 |             8
           54 |     8 |             4
           54 |     9 |            17
           54 |    10 |             9
           54 |    11 |            12
           54 |    12 |             6
           54 |    13 |             1
           54 |    14 |            10
           54 |    15 |             5
           54 |    16 |             9
           54 |    17 |            13
           54 |    18 |            17
           54 |    19 |            26
----------------------------------
           55 |     1 |            75
           55 |     2 |            44
           55 |     3 |            25
           55 |     4 |            13
           55 |     5 |             7
           55 |     6 |             1
           55 |     7 |             5
           55 |     8 |             8
           55 |     9 |             5
           55 |    10 |             9
           55 |    11 |             7
           55 |    12 |             8
           55 |    13 |             6
           55 |    14 |            10
           55 |    15 |             7
           55 |    16 |             6
           55 |    17 |             9
           55 |    18 |             6
           55 |    19 |            24
----------------------------------
           56 |     1 |            93
           56 |     2 |            54
           56 |     3 |            21
           56 |     4 |            13
           56 |     5 |             9
           56 |     6 |             6
           56 |     7 |             5
           56 |     8 |             2
           56 |     9 |             5
           56 |    10 |             2
           56 |    11 |             1
           56 |    12 |             1
           56 |    13 |            11
           56 |    14 |             7
           56 |    15 |             7
           56 |    16 |             2
           56 |    17 |            16
           56 |    18 |             9
           56 |    19 |            16
----------------------------------
           57 |     1 |           160
           57 |     2 |            73
           57 |     3 |            52
           57 |     4 |            29
           57 |     5 |            23
           57 |     6 |            22
           57 |     7 |             6
           57 |     8 |             5
           57 |     9 |             1
           57 |    10 |             5
           57 |    11 |             3
           57 |    12 |             7
           57 |    13 |            10
           57 |    14 |             9
           57 |    15 |            17
           57 |    16 |            11
           57 |    17 |            17
           57 |    18 |            22
           57 |    19 |            41
----------------------------------
           58 |     1 |           154
           58 |     2 |            47
           58 |     3 |            32
           58 |     4 |            18
           58 |     5 |            15
           58 |     6 |            13
           58 |     7 |            15
           58 |     8 |             3
           58 |     9 |             8
           58 |    10 |             5
           58 |    11 |             8
           58 |    12 |             5
           58 |    13 |             8
           58 |    14 |             8
           58 |    15 |             9
           58 |    16 |             6
           58 |    17 |            12
           58 |    18 |            18
           58 |    19 |            22
----------------------------------
           59 |     1 |           245
           59 |     2 |           121
           59 |     3 |            51
           59 |     4 |            33
           59 |     5 |            22
           59 |     6 |            19
           59 |     7 |            12
           59 |     8 |             8
           59 |     9 |            17
           59 |    10 |             9
           59 |    11 |            11
           59 |    12 |             6
           59 |    13 |             7
           59 |    14 |            12
           59 |    15 |            20
           59 |    16 |            18
           59 |    17 |            26
           59 |    18 |            26
           59 |    19 |            45
----------------------------------
           60 |     1 |           178
           60 |     2 |            77
           60 |     3 |            56
           60 |     4 |            33
           60 |     5 |            22
           60 |     6 |            13
           60 |     7 |            14
           60 |     8 |             9
           60 |     9 |             8
           60 |    10 |             9
           60 |    11 |            17
           60 |    12 |            11
           60 |    13 |            15
           60 |    14 |            10
           60 |    15 |            17
           60 |    16 |            16
           60 |    17 |            19
           60 |    18 |            27
           60 |    19 |            49
----------------------------------
           61 |     1 |           186
           61 |     2 |            76
           61 |     3 |            42
           61 |     4 |            39
           61 |     5 |            48
           61 |     6 |            23
           61 |     7 |            15
           61 |     8 |            13
           61 |     9 |            10
           61 |    10 |             4
           61 |    11 |             8
           61 |    12 |             2
           61 |    13 |            17
           61 |    14 |             9
           61 |    15 |            17
           61 |    16 |            16
           61 |    17 |            13
           61 |    18 |            28
           61 |    19 |            44
----------------------------------
           62 |     1 |           237
           62 |     2 |           119
           62 |     3 |            68
           62 |     4 |            25
           62 |     5 |            22
           62 |     6 |            17
           62 |     7 |            18
           62 |     8 |            12
           62 |     9 |             9
           62 |    10 |             8
           62 |    11 |             9
           62 |    12 |            17
           62 |    13 |            15
           62 |    14 |            25
           62 |    15 |            12
           62 |    16 |            22
           62 |    17 |            32
           62 |    18 |            36
           62 |    19 |            41
----------------------------------
           63 |     1 |           303
           63 |     2 |           185
           63 |     3 |            87
           63 |     4 |            67
           63 |     5 |            40
           63 |     6 |            29
           63 |     7 |            33
           63 |     8 |            31
           63 |     9 |            15
           63 |    10 |            13
           63 |    11 |            16
           63 |    12 |             7
           63 |    13 |            15
           63 |    14 |            30
           63 |    15 |            26
           63 |    16 |            25
           63 |    17 |            44
           63 |    18 |            39
           63 |    19 |            66
----------------------------------
           64 |     1 |           302
           64 |     2 |           183
           64 |     3 |           106
           64 |     4 |            56
           64 |     5 |            28
           64 |     6 |            36
           64 |     7 |            26
           64 |     8 |            20
           64 |     9 |            14
           64 |    10 |            24
           64 |    11 |            22
           64 |    12 |            10
           64 |    13 |            25
           64 |    14 |            30
           64 |    15 |            24
           64 |    16 |            32
           64 |    17 |            41
           64 |    18 |            45
           64 |    19 |            64
----------------------------------
           65 |     1 |           452
           65 |     2 |           225
           65 |     3 |           160
           65 |     4 |            89
           65 |     5 |            71
           65 |     6 |            56
           65 |     7 |            33
           65 |     8 |            25
           65 |     9 |            23
           65 |    10 |            11
           65 |    11 |            17
           65 |    12 |            19
           65 |    13 |            19
           65 |    14 |            18
           65 |    15 |            31
           65 |    16 |            32
           65 |    17 |            46
           65 |    18 |            71
           65 |    19 |            97
----------------------------------
           66 |     1 |           474
           66 |     2 |           243
           66 |     3 |           158
           66 |     4 |            89
           66 |     5 |            69
           66 |     6 |            31
           66 |     7 |            30
           66 |     8 |            16
           66 |     9 |            16
           66 |    10 |            30
           66 |    11 |            33
           66 |    12 |            22
           66 |    13 |            30
           66 |    14 |            28
           66 |    15 |            40
           66 |    16 |            41
           66 |    17 |            39
           66 |    18 |            45
           66 |    19 |            84
----------------------------------
           67 |     1 |           230
           67 |     2 |           120
           67 |     3 |            68
           67 |     4 |            48
           67 |     5 |            33
           67 |     6 |            24
           67 |     7 |            14
           67 |     8 |            18
           67 |     9 |            12
           67 |    10 |             9
           67 |    11 |             5
           67 |    12 |            11
           67 |    13 |            10
           67 |    14 |            13
           67 |    15 |            22
           67 |    16 |            10
           67 |    17 |            17
           67 |    18 |            30
           67 |    19 |            43
----------------------------------
           68 |     1 |           273
           68 |     2 |           135
           68 |     3 |           101
           68 |     4 |            57
           68 |     5 |            28
           68 |     6 |            38
           68 |     7 |            21
           68 |     8 |            15
           68 |     9 |             9
           68 |    10 |            18
           68 |    11 |            11
           68 |    12 |             6
           68 |    13 |            12
           68 |    14 |            19
           68 |    15 |             7
           68 |    16 |            17
           68 |    17 |            30
           68 |    18 |            30
           68 |    19 |            57
----------------------------------
           69 |     1 |           335
           69 |     2 |           183
           69 |     3 |           115
           69 |     4 |            81
           69 |     5 |            51
           69 |     6 |            35
           69 |     7 |            27
           69 |     8 |            22
           69 |     9 |            16
           69 |    10 |             6
           69 |    11 |             6
           69 |    12 |            17
           69 |    13 |            12
           69 |    14 |            20
           69 |    15 |            18
           69 |    16 |            28
           69 |    17 |            29
           69 |    18 |            42
           69 |    19 |            61
----------------------------------
           70 |     1 |           410
           70 |     2 |           211
           70 |     3 |           133
           70 |     4 |            77
           70 |     5 |            59
           70 |     6 |            33
           70 |     7 |            32
           70 |     8 |            27
           70 |     9 |            20
           70 |    10 |            18
           70 |    11 |            12
           70 |    12 |             7
           70 |    13 |            11
           70 |    14 |            22
           70 |    15 |            11
           70 |    16 |            29
           70 |    17 |            31
           70 |    18 |            54
           70 |    19 |            63
----------------------------------
           71 |     1 |           306
           71 |     2 |           176
           71 |     3 |           137
           71 |     4 |            76
           71 |     5 |            65
           71 |     6 |            36
           71 |     7 |            45
           71 |     8 |            32
           71 |     9 |            28
           71 |    10 |            11
           71 |    11 |            22
           71 |    12 |            22
           71 |    13 |            12
           71 |    14 |            18
           71 |    15 |            25
           71 |    16 |            20
           71 |    17 |            27
           71 |    18 |            27
           71 |    19 |            51
----------------------------------
           72 |     1 |           415
           72 |     2 |           226
           72 |     3 |           147
           72 |     4 |           103
           72 |     5 |            75
           72 |     6 |            43
           72 |     7 |            38
           72 |     8 |            12
           72 |     9 |            18
           72 |    10 |            13
           72 |    11 |            19
           72 |    12 |            14
           72 |    13 |            16
           72 |    14 |            25
           72 |    15 |            19
           72 |    16 |            28
           72 |    17 |            40
           72 |    18 |            45
           72 |    19 |            72
----------------------------------
           73 |     1 |           310
           73 |     2 |           156
           73 |     3 |            95
           73 |     4 |            87
           73 |     5 |            57
           73 |     6 |            63
           73 |     7 |            19
           73 |     8 |            34
           73 |     9 |            22
           73 |    10 |            13
           73 |    11 |            19
           73 |    12 |            17
           73 |    13 |            15
           73 |    14 |            15
           73 |    15 |            24
           73 |    16 |            26
           73 |    17 |            26
           73 |    18 |            36
           73 |    19 |            61
----------------------------------
           74 |     1 |           642
           74 |     2 |           396
           74 |     3 |           240
           74 |     4 |           167
           74 |     5 |           137
           74 |     6 |            90
           74 |     7 |            52
           74 |     8 |            34
           74 |     9 |            30
           74 |    10 |            26
           74 |    11 |            25
           74 |    12 |            27
           74 |    13 |            46
           74 |    14 |            40
           74 |    15 |            48
           74 |    16 |            46
           74 |    17 |            55
           74 |    18 |            76
           74 |    19 |           117
----------------------------------
           75 |     1 |           353
           75 |     2 |           223
           75 |     3 |           149
           75 |     4 |           101
           75 |     5 |            59
           75 |     6 |            46
           75 |     7 |            30
           75 |     8 |            16
           75 |     9 |            13
           75 |    10 |            15
           75 |    11 |             9
           75 |    12 |            12
           75 |    13 |            29
           75 |    14 |            16
           75 |    15 |            33
           75 |    16 |            24
           75 |    17 |            33
           75 |    18 |            39
           75 |    19 |            75
----------------------------------
           76 |     1 |           544
           76 |     2 |           263
           76 |     3 |           194
           76 |     4 |           133
           76 |     5 |            83
           76 |     6 |            71
           76 |     7 |            47
           76 |     8 |            49
           76 |     9 |            43
           76 |    10 |            27
           76 |    11 |            32
           76 |    12 |            24
           76 |    13 |            12
           76 |    14 |            23
           76 |    15 |            32
           76 |    16 |            38
           76 |    17 |            56
           76 |    18 |            59
           76 |    19 |            94
----------------------------------
           77 |     1 |           421
           77 |     2 |           248
           77 |     3 |           170
           77 |     4 |           109
           77 |     5 |            70
           77 |     6 |            60
           77 |     7 |            36
           77 |     8 |            20
           77 |     9 |            32
           77 |    10 |            26
           77 |    11 |            24
           77 |    12 |            11
           77 |    13 |            21
           77 |    14 |            30
           77 |    15 |            17
           77 |    16 |            18
           77 |    17 |            27
           77 |    18 |            41
           77 |    19 |            82
----------------------------------
           78 |     1 |           403
           78 |     2 |           216
           78 |     3 |           144
           78 |     4 |            98
           78 |     5 |            80
           78 |     6 |            72
           78 |     7 |            40
           78 |     8 |            35
           78 |     9 |            21
           78 |    10 |            36
           78 |    11 |            32
           78 |    12 |            32
           78 |    13 |            23
           78 |    14 |            27
           78 |    15 |            34
           78 |    16 |            27
           78 |    17 |            27
           78 |    18 |            53
           78 |    19 |            82
----------------------------------
           79 |     1 |           381
           79 |     2 |           218
           79 |     3 |           167
           79 |     4 |           123
           79 |     5 |           107
           79 |     6 |            77
           79 |     7 |            53
           79 |     8 |            31
           79 |     9 |            17
           79 |    10 |            20
           79 |    11 |            19
           79 |    12 |            13
           79 |    13 |             9
           79 |    14 |            10
           79 |    15 |            17
           79 |    16 |            23
           79 |    17 |            29
           79 |    18 |            35
           79 |    19 |            73
----------------------------------
           80 |     1 |           641
           80 |     2 |           351
           80 |     3 |           288
           80 |     4 |           180
           80 |     5 |           130
           80 |     6 |            94
           80 |     7 |            99
           80 |     8 |            65
           80 |     9 |            45
           80 |    10 |            34
           80 |    11 |            20
           80 |    12 |            25
           80 |    13 |            28
           80 |    14 |            28
           80 |    15 |            18
           80 |    16 |            38
           80 |    17 |            55
           80 |    18 |            67
           80 |    19 |           114
----------------------------------
           81 |     1 |           498
           81 |     2 |           291
           81 |     3 |           187
           81 |     4 |           132
           81 |     5 |           143
           81 |     6 |           150
           81 |     7 |            70
           81 |     8 |            46
           81 |     9 |            32
           81 |    10 |            20
           81 |    11 |            30
           81 |    12 |            20
           81 |    13 |            13
           81 |    14 |            18
           81 |    15 |            19
           81 |    16 |            39
           81 |    17 |            33
           81 |    18 |            44
           81 |    19 |            78
----------------------------------
           82 |     1 |           533
           82 |     2 |           290
           82 |     3 |           210
           82 |     4 |           150
           82 |     5 |           139
           82 |     6 |            92
           82 |     7 |            83
           82 |     8 |            56
           82 |     9 |            30
           82 |    10 |            26
           82 |    11 |            29
           82 |    12 |            21
           82 |    13 |            27
           82 |    14 |            17
           82 |    15 |            15
           82 |    16 |            39
           82 |    17 |            58
           82 |    18 |            60
           82 |    19 |            93
----------------------------------
           83 |     1 |           587
           83 |     2 |           348
           83 |     3 |           204
           83 |     4 |           152
           83 |     5 |           115
           83 |     6 |            91
           83 |     7 |            83
           83 |     8 |            31
           83 |     9 |            21
           83 |    10 |            27
           83 |    11 |            18
           83 |    12 |            15
           83 |    13 |            25
           83 |    14 |            21
           83 |    15 |            28
           83 |    16 |            31
           83 |    17 |            40
           83 |    18 |            51
           83 |    19 |           104
----------------------------------
           84 |     1 |           651
           84 |     2 |           370
           84 |     3 |           236
           84 |     4 |           167
           84 |     5 |           134
           84 |     6 |            94
           84 |     7 |            86
           84 |     8 |            72
           84 |     9 |            49
           84 |    10 |            38
           84 |    11 |            39
           84 |    12 |            52
           84 |    13 |            39
           84 |    14 |            31
           84 |    15 |            37
           84 |    16 |            42
           84 |    17 |            45
           84 |    18 |            61
           84 |    19 |           109
----------------------------------
           85 |     1 |           604
           85 |     2 |           363
           85 |     3 |           273
           85 |     4 |           202
           85 |     5 |           126
           85 |     6 |            82
           85 |     7 |            64
           85 |     8 |            31
           85 |     9 |            40
           85 |    10 |            32
           85 |    11 |            47
           85 |    12 |            34
           85 |    13 |            22
           85 |    14 |            27
           85 |    15 |            33
           85 |    16 |            45
           85 |    17 |            40
           85 |    18 |            57
           85 |    19 |            88
----------------------------------
           86 |     1 |           548
           86 |     2 |           343
           86 |     3 |           212
           86 |     4 |           169
           86 |     5 |           131
           86 |     6 |            74
           86 |     7 |            76
           86 |     8 |            49
           86 |     9 |            44
           86 |    10 |            41
           86 |    11 |            35
           86 |    12 |            24
           86 |    13 |            25
           86 |    14 |            30
           86 |    15 |            30
           86 |    16 |            34
           86 |    17 |            56
           86 |    18 |            43
           86 |    19 |           100
----------------------------------
           87 |     1 |           558
           87 |     2 |           369
           87 |     3 |           280
           87 |     4 |           197
           87 |     5 |           121
           87 |     6 |           109
           87 |     7 |            62
           87 |     8 |            44
           87 |     9 |            29
           87 |    10 |            34
           87 |    11 |            23
           87 |    12 |            26
           87 |    13 |            26
           87 |    14 |            29
           87 |    15 |            36
           87 |    16 |            37
           87 |    17 |            41
           87 |    18 |            68
           87 |    19 |            86
----------------------------------
           88 |     1 |           523
           88 |     2 |           328
           88 |     3 |           196
           88 |     4 |           130
           88 |     5 |           109
           88 |     6 |            99
           88 |     7 |            65
           88 |     8 |            64
           88 |     9 |            20
           88 |    10 |            25
           88 |    11 |            13
           88 |    12 |            19
           88 |    13 |            18
           88 |    14 |            20
           88 |    15 |            16
           88 |    16 |            39
           88 |    17 |            29
           88 |    18 |            53
           88 |    19 |            82
----------------------------------
           89 |     1 |           504
           89 |     2 |           323
           89 |     3 |           277
           89 |     4 |           165
           89 |     5 |           143
           89 |     6 |            98
           89 |     7 |            61
           89 |     8 |            40
           89 |     9 |            41
           89 |    10 |            22
           89 |    11 |            33
           89 |    12 |            33
           89 |    13 |            34
           89 |    14 |            27
           89 |    15 |            19
           89 |    16 |            37
           89 |    17 |            44
           89 |    18 |            61
           89 |    19 |            85
----------------------------------
           90 |     1 |           411
           90 |     2 |           256
           90 |     3 |           163
           90 |     4 |           143
           90 |     5 |           110
           90 |     6 |            79
           90 |     7 |            41
           90 |     8 |            21
           90 |     9 |            18
           90 |    10 |            35
           90 |    11 |            19
           90 |    12 |            19
           90 |    13 |            16
           90 |    14 |            21
           90 |    15 |            14
           90 |    16 |            25
           90 |    17 |            34
           90 |    18 |            48
           90 |    19 |            57
----------------------------------
           91 |     1 |           442
           91 |     2 |           241
           91 |     3 |           194
           91 |     4 |           121
           91 |     5 |            82
           91 |     6 |            64
           91 |     7 |            36
           91 |     8 |            31
           91 |     9 |            30
           91 |    10 |            27
           91 |    11 |            21
           91 |    12 |            43
           91 |    13 |            21
           91 |    14 |            18
           91 |    15 |            19
           91 |    16 |            21
           91 |    17 |            32
           91 |    18 |            47
           91 |    19 |            57
----------------------------------
           92 |     1 |           610
           92 |     2 |           387
           92 |     3 |           261
           92 |     4 |           174
           92 |     5 |           169
           92 |     6 |           101
           92 |     7 |           104
           92 |     8 |            55
           92 |     9 |            43
           92 |    10 |            40
           92 |    11 |            41
           92 |    12 |            23
           92 |    13 |            27
           92 |    14 |            22
           92 |    15 |            28
           92 |    16 |            23
           92 |    17 |            36
           92 |    18 |            62
           92 |    19 |            94
----------------------------------
           93 |     1 |           410
           93 |     2 |           248
           93 |     3 |           195
           93 |     4 |           121
           93 |     5 |            96
           93 |     6 |            65
           93 |     7 |            65
           93 |     8 |            50
           93 |     9 |            39
           93 |    10 |            26
           93 |    11 |            23
           93 |    12 |            24
           93 |    13 |            24
           93 |    14 |            15
           93 |    15 |            20
           93 |    16 |            30
           93 |    17 |            22
           93 |    18 |            39
           93 |    19 |            69
----------------------------------
           94 |     1 |           333
           94 |     2 |           230
           94 |     3 |           162
           94 |     4 |           102
           94 |     5 |           101
           94 |     6 |            48
           94 |     7 |            54
           94 |     8 |            40
           94 |     9 |            32
           94 |    10 |            16
           94 |    11 |            20
           94 |    12 |            11
           94 |    13 |            22
           94 |    14 |            17
           94 |    15 |            18
           94 |    16 |            10
           94 |    17 |            30
           94 |    18 |            23
           94 |    19 |            47
----------------------------------
           95 |     1 |           362
           95 |     2 |           207
           95 |     3 |           159
           95 |     4 |           115
           95 |     5 |           104
           95 |     6 |            79
           95 |     7 |            59
           95 |     8 |            48
           95 |     9 |            44
           95 |    10 |            25
           95 |    11 |            26
           95 |    12 |            13
           95 |    13 |            17
           95 |    14 |            15
           95 |    15 |            23
           95 |    16 |            18
           95 |    17 |            23
           95 |    18 |            35
           95 |    19 |            53
----------------------------------
           96 |     1 |           405
           96 |     2 |           280
           96 |     3 |           195
           96 |     4 |           127
           96 |     5 |           104
           96 |     6 |            95
           96 |     7 |            64
           96 |     8 |            39
           96 |     9 |            35
           96 |    10 |            23
           96 |    11 |            21
           96 |    12 |            28
           96 |    13 |            22
           96 |    14 |            22
           96 |    15 |            20
           96 |    16 |            19
           96 |    17 |            40
           96 |    18 |            39
           96 |    19 |            54
----------------------------------
           97 |     1 |           497
           97 |     2 |           301
           97 |     3 |           235
           97 |     4 |           178
           97 |     5 |           100
           97 |     6 |            84
           97 |     7 |            47
           97 |     8 |            44
           97 |     9 |            48
           97 |    10 |            31
           97 |    11 |            34
           97 |    12 |            20
           97 |    13 |            26
           97 |    14 |            14
           97 |    15 |            13
           97 |    16 |            22
           97 |    17 |            36
           97 |    18 |            40
           97 |    19 |            73
----------------------------------
           98 |     1 |           380
           98 |     2 |           233
           98 |     3 |           148
           98 |     4 |           142
           98 |     5 |            90
           98 |     6 |            79
           98 |     7 |            71
           98 |     8 |            41
           98 |     9 |            27
           98 |    10 |            18
           98 |    11 |            19
           98 |    12 |            23
           98 |    13 |            15
           98 |    14 |            15
           98 |    15 |            18
           98 |    16 |            28
           98 |    17 |            31
           98 |    18 |            38
           98 |    19 |            54
----------------------------------
           99 |     1 |           293
           99 |     2 |           193
           99 |     3 |           141
           99 |     4 |           102
           99 |     5 |            45
           99 |     6 |            55
           99 |     7 |            26
           99 |     8 |            32
           99 |     9 |            26
           99 |    10 |            13
           99 |    11 |            15
           99 |    12 |            19
           99 |    13 |            19
           99 |    14 |             6
           99 |    15 |            14
           99 |    16 |            16
           99 |    17 |            15
           99 |    18 |            24
           99 |    19 |            35
----------------------------------
          100 |     1 |           301
          100 |     2 |           197
          100 |     3 |           123
          100 |     4 |           120
          100 |     5 |            98
          100 |     6 |            49
          100 |     7 |            46
          100 |     8 |            46
          100 |     9 |            22
          100 |    10 |             9
          100 |    11 |            16
          100 |    12 |            11
          100 |    13 |            16
          100 |    14 |             8
          100 |    15 |            17
          100 |    16 |            18
          100 |    17 |            25
          100 |    18 |            26
          100 |    19 |            52
----------------------------------
          101 |     1 |           380
          101 |     2 |           285
          101 |     3 |           191
          101 |     4 |           120
          101 |     5 |            94
          101 |     6 |            79
          101 |     7 |            57
          101 |     8 |            43
          101 |     9 |            37
          101 |    10 |            26
          101 |    11 |            14
          101 |    12 |             8
          101 |    13 |            10
          101 |    14 |            17
          101 |    15 |            14
          101 |    16 |            18
          101 |    17 |            29
          101 |    18 |            44
          101 |    19 |            49
----------------------------------
          102 |     1 |           320
          102 |     2 |           214
          102 |     3 |           144
          102 |     4 |           112
          102 |     5 |            61
          102 |     6 |            64
          102 |     7 |            73
          102 |     8 |            28
          102 |     9 |            22
          102 |    10 |            18
          102 |    11 |            17
          102 |    12 |            16
          102 |    13 |             4
          102 |    14 |             6
          102 |    15 |            18
          102 |    16 |            15
          102 |    17 |            19
          102 |    18 |            24
          102 |    19 |            49
----------------------------------
          103 |     1 |           274
          103 |     2 |           203
          103 |     3 |           132
          103 |     4 |           116
          103 |     5 |            95
          103 |     6 |            94
          103 |     7 |            52
          103 |     8 |            35
          103 |     9 |            29
          103 |    10 |            36
          103 |    11 |             7
          103 |    12 |            20
          103 |    13 |            13
          103 |    14 |            13
          103 |    15 |            14
          103 |    16 |            13
          103 |    17 |            14
          103 |    18 |            28
          103 |    19 |            48
----------------------------------
          104 |     1 |           134
          104 |     2 |            96
          104 |     3 |            61
          104 |     4 |            72
          104 |     5 |            42
          104 |     6 |            30
          104 |     7 |            34
          104 |     8 |            27
          104 |     9 |            14
          104 |    10 |             6
          104 |    11 |            16
          104 |    12 |             9
          104 |    13 |             9
          104 |    14 |             9
          104 |    15 |             8
          104 |    16 |            13
          104 |    17 |            12
          104 |    18 |            10
          104 |    19 |            22
----------------------------------
          105 |     1 |           207
          105 |     2 |           140
          105 |     3 |            99
          105 |     4 |            73
          105 |     5 |            56
          105 |     6 |            59
          105 |     7 |            55
          105 |     8 |            44
          105 |     9 |            29
          105 |    10 |            22
          105 |    11 |            15
          105 |    12 |             3
          105 |    13 |            16
          105 |    14 |            15
          105 |    15 |            10
          105 |    16 |            15
          105 |    17 |            17
          105 |    18 |            25
          105 |    19 |            45
----------------------------------
          106 |     1 |           178
          106 |     2 |           110
          106 |     3 |            64
          106 |     4 |            62
          106 |     5 |            55
          106 |     6 |            45
          106 |     7 |            31
          106 |     8 |            40
          106 |     9 |            23
          106 |    10 |            31
          106 |    11 |             6
          106 |    12 |            13
          106 |    13 |             5
          106 |    14 |             9
          106 |    15 |             8
          106 |    16 |            15
          106 |    17 |            14
          106 |    18 |            14
          106 |    19 |            19
----------------------------------
          107 |     1 |           258
          107 |     2 |           191
          107 |     3 |           114
          107 |     4 |            68
          107 |     5 |            60
          107 |     6 |            76
          107 |     7 |            27
          107 |     8 |            18
          107 |     9 |            17
          107 |    10 |             7
          107 |    11 |            16
          107 |    12 |             9
          107 |    13 |             8
          107 |    14 |            10
          107 |    15 |             5
          107 |    16 |            13
          107 |    17 |            15
          107 |    18 |            23
          107 |    19 |            28
----------------------------------
          108 |     1 |           166
          108 |     2 |           112
          108 |     3 |            71
          108 |     4 |            55
          108 |     5 |            52
          108 |     6 |            37
          108 |     7 |            26
          108 |     8 |            17
          108 |     9 |            14
          108 |    10 |            10
          108 |    11 |             2
          108 |    12 |             7
          108 |    13 |             5
          108 |    14 |             7
          108 |    15 |            10
          108 |    16 |             9
          108 |    17 |             8
          108 |    18 |            19
          108 |    19 |            21
----------------------------------
          109 |     1 |           186
          109 |     2 |           125
          109 |     3 |            85
          109 |     4 |            53
          109 |     5 |            50
          109 |     6 |            42
          109 |     7 |            41
          109 |     8 |            27
          109 |     9 |            44
          109 |    10 |            14
          109 |    11 |            10
          109 |    12 |             8
          109 |    13 |             9
          109 |    14 |             4
          109 |    15 |             5
          109 |    16 |            11
          109 |    17 |             8
          109 |    18 |            13
          109 |    19 |            28
----------------------------------
          110 |     1 |           156
          110 |     2 |           117
          110 |     3 |           100
          110 |     4 |            64
          110 |     5 |            25
          110 |     6 |            34
          110 |     7 |            27
          110 |     8 |            17
          110 |     9 |            15
          110 |    10 |            18
          110 |    11 |            13
          110 |    12 |            11
          110 |    13 |             2
          110 |    14 |            12
          110 |    15 |             4
          110 |    16 |             8
          110 |    17 |             6
          110 |    18 |            12
          110 |    19 |            19
----------------------------------
          111 |     1 |           281
          111 |     2 |           205
          111 |     3 |           135
          111 |     4 |            93
          111 |     5 |            79
          111 |     6 |            86
          111 |     7 |            46
          111 |     8 |            24
          111 |     9 |             9
          111 |    10 |            15
          111 |    11 |             7
          111 |    12 |             5
          111 |    13 |            14
          111 |    14 |            13
          111 |    15 |            13
          111 |    16 |            11
          111 |    17 |            16
          111 |    18 |            19
          111 |    19 |            39
----------------------------------
          112 |     1 |           153
          112 |     2 |            91
          112 |     3 |            63
          112 |     4 |            48
          112 |     5 |            41
          112 |     6 |            34
          112 |     7 |            18
          112 |     8 |            17
          112 |     9 |             9
          112 |    10 |            10
          112 |    11 |             5
          112 |    12 |             4
          112 |    13 |             6
          112 |    14 |             8
          112 |    15 |             4
          112 |    16 |             5
          112 |    17 |            11
          112 |    18 |            14
          112 |    19 |            19
----------------------------------
          113 |     1 |           119
          113 |     2 |            84
          113 |     3 |            65
          113 |     4 |            76
          113 |     5 |            36
          113 |     6 |            51
          113 |     7 |            31
          113 |     8 |             7
          113 |     9 |            16
          113 |    10 |             7
          113 |    11 |            11
          113 |    12 |             3
          113 |    13 |             5
          113 |    14 |             8
          113 |    15 |             3
          113 |    16 |             6
          113 |    17 |             9
          113 |    18 |            13
          113 |    19 |            15
----------------------------------
          114 |     1 |            48
          114 |     2 |            41
          114 |     3 |            13
          114 |     4 |            14
          114 |     5 |            37
          114 |     6 |            19
          114 |     7 |            14
          114 |     8 |            12
          114 |     9 |             7
          114 |    10 |             1
          114 |    11 |             5
          114 |    12 |             1
          114 |    13 |             2
          114 |    14 |             0
          114 |    15 |             2
          114 |    16 |             1
          114 |    17 |             1
          114 |    18 |             3
          114 |    19 |             7
----------------------------------
          115 |     1 |            82
          115 |     2 |            42
          115 |     3 |            45
          115 |     4 |            35
          115 |     5 |            13
          115 |     6 |            24
          115 |     7 |            32
          115 |     8 |            16
          115 |     9 |             7
          115 |    10 |             6
          115 |    11 |             4
          115 |    12 |             6
          115 |    13 |             3
          115 |    14 |             4
          115 |    15 |             3
          115 |    16 |             3
          115 |    17 |             5
          115 |    18 |             6
          115 |    19 |             9
----------------------------------
          116 |     1 |            86
          116 |     2 |            53
          116 |     3 |            42
          116 |     4 |             8
          116 |     5 |            35
          116 |     6 |            23
          116 |     7 |            20
          116 |     8 |            19
          116 |     9 |             0
          116 |    10 |             2
          116 |    11 |            10
          116 |    12 |            10
          116 |    13 |             5
          116 |    14 |             8
          116 |    15 |             8
          116 |    16 |             1
          116 |    17 |             3
          116 |    18 |             5
          116 |    19 |            10
----------------------------------
          117 |     1 |            74
          117 |     2 |            60
          117 |     3 |            24
          117 |     4 |            24
          117 |     5 |            26
          117 |     6 |            25
          117 |     7 |            13
          117 |     8 |            32
          117 |     9 |            13
          117 |    10 |            10
          117 |    11 |            11
          117 |    12 |             6
          117 |    13 |             5
          117 |    14 |             5
          117 |    15 |             1
          117 |    16 |             0
          117 |    17 |             3
          117 |    18 |             6
          117 |    19 |            13
----------------------------------
          118 |     1 |            48
          118 |     2 |            39
          118 |     3 |            41
          118 |     4 |            23
          118 |     5 |            10
          118 |     6 |            22
          118 |     7 |             9
          118 |     8 |             1
          118 |     9 |             3
          118 |    10 |             4
          118 |    11 |             2
          118 |    12 |             1
          118 |    13 |             7
          118 |    14 |             0
          118 |    15 |             4
          118 |    16 |             6
          118 |    17 |             2
          118 |    18 |             4
          118 |    19 |            10
----------------------------------
          119 |     1 |            21
          119 |     2 |            17
          119 |     3 |            16
          119 |     4 |            12
          119 |     5 |            19
          119 |     6 |             6
          119 |     7 |             4
          119 |     8 |             5
          119 |     9 |             1
          119 |    10 |             0
          119 |    11 |            10
          119 |    12 |             0
          119 |    13 |             2
          119 |    14 |             0
          119 |    15 |             0
          119 |    16 |             1
          119 |    17 |             2
          119 |    18 |             0
          119 |    19 |             3
----------------------------------
          120 |     1 |            77
          120 |     2 |            45
          120 |     3 |            30
          120 |     4 |            50
          120 |     5 |            36
          120 |     6 |            28
          120 |     7 |            21
          120 |     8 |            15
          120 |     9 |             5
          120 |    10 |             4
          120 |    11 |             4
          120 |    12 |             4
          120 |    13 |             3
          120 |    14 |             5
          120 |    15 |             2
          120 |    16 |             3
          120 |    17 |             3
          120 |    18 |            13
          120 |    19 |            12
----------------------------------
          121 |     1 |            60
          121 |     2 |            38
          121 |     3 |            28
          121 |     4 |            24
          121 |     5 |            23
          121 |     6 |            12
          121 |     7 |            12
          121 |     8 |            13
          121 |     9 |             4
          121 |    10 |             0
          121 |    11 |             7
          121 |    12 |             3
          121 |    13 |             1
          121 |    14 |             1
          121 |    15 |             0
          121 |    16 |             5
          121 |    17 |             2
          121 |    18 |             0
          121 |    19 |             9
----------------------------------
          122 |     1 |            19
          122 |     2 |            17
          122 |     3 |            15
          122 |     4 |            12
          122 |     5 |            11
          122 |     6 |             7
          122 |     7 |             8
          122 |     8 |             8
          122 |     9 |             5
          122 |    10 |             4
          122 |    11 |             2
          122 |    12 |             7
          122 |    13 |             0
          122 |    14 |             0
          122 |    15 |             1
          122 |    16 |             0
          122 |    17 |             0
          122 |    18 |             3
          122 |    19 |             3
----------------------------------
          123 |     1 |            33
          123 |     2 |            20
          123 |     3 |             5
          123 |     4 |             9
          123 |     5 |             9
          123 |     6 |             8
          123 |     7 |             1
          123 |     8 |             2
          123 |     9 |             7
          123 |    10 |             4
          123 |    11 |            11
          123 |    12 |             0
          123 |    13 |             0
          123 |    14 |             1
          123 |    15 |             1
          123 |    16 |             2
          123 |    17 |             1
          123 |    18 |             4
          123 |    19 |             5
----------------------------------
          124 |     1 |            62
          124 |     2 |            49
          124 |     3 |            32
          124 |     4 |            27
          124 |     5 |             6
          124 |     6 |            15
          124 |     7 |            13
          124 |     8 |             8
          124 |     9 |             7
          124 |    10 |             2
          124 |    11 |             1
          124 |    12 |             3
          124 |    13 |             2
          124 |    14 |             1
          124 |    15 |             3
          124 |    16 |             3
          124 |    17 |             1
          124 |    18 |             6
          124 |    19 |             7
----------------------------------
          125 |     1 |            17
          125 |     2 |            16
          125 |     3 |            11
          125 |     4 |            13
          125 |     5 |            10
          125 |     6 |            16
          125 |     7 |             5
          125 |     8 |             5
          125 |     9 |            10
          125 |    10 |             8
          125 |    11 |             0
          125 |    12 |             1
          125 |    13 |             0
          125 |    14 |             0
          125 |    15 |             0
          125 |    16 |             3
          125 |    17 |             3
          125 |    18 |             3
          125 |    19 |             4
----------------------------------
----------------------------------
          127 |     1 |            30
          127 |     2 |            18
          127 |     3 |            21
          127 |     4 |             5
          127 |     5 |             9
          127 |     6 |             6
          127 |     7 |             8
          127 |     8 |            10
          127 |     9 |             7
          127 |    10 |             4
          127 |    11 |             2
          127 |    12 |             2
          127 |    13 |             0
          127 |    14 |             1
          127 |    15 |             1
          127 |    16 |             1
          127 |    17 |             0
          127 |    18 |             1
          127 |    19 |             1
----------------------------------
          128 |     1 |            34
          128 |     2 |            26
          128 |     3 |            15
          128 |     4 |            12
          128 |     5 |             1
          128 |     6 |            11
          128 |     7 |            14
          128 |     8 |             5
          128 |     9 |             3
          128 |    10 |             0
          128 |    11 |             4
          128 |    12 |             0
          128 |    13 |             0
          128 |    14 |             1
          128 |    15 |             1
          128 |    16 |             0
          128 |    17 |             0
          128 |    18 |             0
          128 |    19 |             1
----------------------------------
----------------------------------
----------------------------------
          131 |     1 |            56
          131 |     2 |            29
          131 |     3 |            15
          131 |     4 |            27
          131 |     5 |            21
          131 |     6 |            29
          131 |     7 |            23
          131 |     8 |            17
          131 |     9 |            11
          131 |    10 |            11
          131 |    11 |             3
          131 |    12 |             1
          131 |    13 |             4
          131 |    14 |             0
          131 |    15 |             2
          131 |    16 |             0
          131 |    17 |             2
          131 |    18 |             8
          131 |    19 |             3
----------------------------------
----------------------------------
----------------------------------
----------------------------------
----------------------------------
----------------------------------
----------------------------------
----------------------------------
----------------------------------
----------------------------------
----------------------------------
----------------------------------
----------------------------------
----------------------------------
----------------------------------
----------------------------------
----------------------------------
----------------------------------
----------------------------------
----------------------------------
----------------------------------
----------------------------------
----------------------------------
----------------------------------
----------------------------------
----------------------------------
----------------------------------
----------------------------------
----------------------------------
----------------------------------
----------------------------------
----------------------------------
----------------------------------
----------------------------------
----------------------------------
----------------------------------
----------------------------------
----------------------------------
----------------------------------
----------------------------------
----------------------------------
----------------------------------
----------------------------------
----------------------------------
----------------------------------
----------------------------------
----------------------------------
----------------------------------
----------------------------------
----------------------------------
----------------------------------
----------------------------------
----------------------------------
----------------------------------
----------------------------------
----------------------------------
----------------------------------
----------------------------------
----------------------------------
----------------------------------
