MinCut number | RSize | Number of cuts
----------------------------------
----------------------------------
----------------------------------
----------------------------------
----------------------------------
----------------------------------
----------------------------------
----------------------------------
----------------------------------
----------------------------------
----------------------------------
----------------------------------
----------------------------------
----------------------------------
----------------------------------
----------------------------------
----------------------------------
----------------------------------
----------------------------------
----------------------------------
----------------------------------
           40 |     0 |             7
           40 |     1 |             8
           40 |     2 |             6
           40 |     3 |             6
           40 |     4 |             3
           40 |     5 |             1
           40 |     6 |             1
           40 |     7 |             0
           40 |     8 |             0
           40 |     9 |             0
           40 |    10 |             1
           40 |    11 |             1
           40 |    12 |             1
           40 |    13 |             1
           40 |    14 |             2
           40 |    15 |             1
           40 |    16 |             0
           40 |    17 |             0
           40 |    18 |             1
           40 |    19 |             0
           40 |    20 |             0
----------------------------------
           41 |     0 |             9
           41 |     1 |             8
           41 |     2 |             6
           41 |     3 |             2
           41 |     4 |             2
           41 |     5 |             1
           41 |     6 |             1
           41 |     7 |             1
           41 |     8 |             0
           41 |     9 |             0
           41 |    10 |             0
           41 |    11 |             0
           41 |    12 |             2
           41 |    13 |             1
           41 |    14 |             1
           41 |    15 |             2
           41 |    16 |             2
           41 |    17 |             1
           41 |    18 |             2
           41 |    19 |             0
           41 |    20 |             0
----------------------------------
----------------------------------
----------------------------------
----------------------------------
----------------------------------
           46 |     0 |            10
           46 |     1 |             7
           46 |     2 |             4
           46 |     3 |             2
           46 |     4 |             1
           46 |     5 |             2
           46 |     6 |             5
           46 |     7 |             2
           46 |     8 |             1
           46 |     9 |             1
           46 |    10 |             2
           46 |    11 |             0
           46 |    12 |             0
           46 |    13 |             1
           46 |    14 |             1
           46 |    15 |             1
           46 |    16 |             1
           46 |    17 |             3
           46 |    18 |             2
           46 |    19 |             0
           46 |    20 |             0
----------------------------------
           47 |     0 |            32
           47 |     1 |            10
           47 |     2 |             7
           47 |     3 |             8
           47 |     4 |             8
           47 |     5 |             2
           47 |     6 |             2
           47 |     7 |             5
           47 |     8 |             0
           47 |     9 |             0
           47 |    10 |             2
           47 |    11 |             1
           47 |    12 |             1
           47 |    13 |             2
           47 |    14 |             1
           47 |    15 |             6
           47 |    16 |             2
           47 |    17 |             1
           47 |    18 |             4
           47 |    19 |             0
           47 |    20 |             0
----------------------------------
           48 |     0 |           108
           48 |     1 |            48
           48 |     2 |            33
           48 |     3 |            24
           48 |     4 |            20
           48 |     5 |            19
           48 |     6 |            14
           48 |     7 |            17
           48 |     8 |             7
           48 |     9 |             3
           48 |    10 |             7
           48 |    11 |             9
           48 |    12 |            14
           48 |    13 |            10
           48 |    14 |            17
           48 |    15 |            11
           48 |    16 |             8
           48 |    17 |             6
           48 |    18 |             9
           48 |    19 |             0
           48 |    20 |             0
----------------------------------
           49 |     0 |            82
           49 |     1 |            40
           49 |     2 |            33
           49 |     3 |            21
           49 |     4 |            20
           49 |     5 |            11
           49 |     6 |            11
           49 |     7 |             5
           49 |     8 |             3
           49 |     9 |             5
           49 |    10 |             4
           49 |    11 |             4
           49 |    12 |            10
           49 |    13 |             6
           49 |    14 |             7
           49 |    15 |             8
           49 |    16 |             7
           49 |    17 |             7
           49 |    18 |            10
           49 |    19 |             0
           49 |    20 |             0
----------------------------------
           50 |     0 |           155
           50 |     1 |            94
           50 |     2 |            52
           50 |     3 |            42
           50 |     4 |            26
           50 |     5 |            24
           50 |     6 |            16
           50 |     7 |            16
           50 |     8 |            24
           50 |     9 |            19
           50 |    10 |            20
           50 |    11 |            15
           50 |    12 |            15
           50 |    13 |            17
           50 |    14 |            15
           50 |    15 |            19
           50 |    16 |            15
           50 |    17 |             7
           50 |    18 |             9
           50 |    19 |             0
           50 |    20 |             0
----------------------------------
           51 |     0 |           154
           51 |     1 |            83
           51 |     2 |            64
           51 |     3 |            38
           51 |     4 |            26
           51 |     5 |            29
           51 |     6 |            38
           51 |     7 |            25
           51 |     8 |            18
           51 |     9 |            17
           51 |    10 |            12
           51 |    11 |            17
           51 |    12 |            15
           51 |    13 |            15
           51 |    14 |            10
           51 |    15 |            13
           51 |    16 |            13
           51 |    17 |            12
           51 |    18 |            13
           51 |    19 |             0
           51 |    20 |             0
----------------------------------
           52 |     0 |           162
           52 |     1 |            90
           52 |     2 |            62
           52 |     3 |            52
           52 |     4 |            33
           52 |     5 |            23
           52 |     6 |            28
           52 |     7 |            29
           52 |     8 |            19
           52 |     9 |            23
           52 |    10 |            22
           52 |    11 |            17
           52 |    12 |            19
           52 |    13 |            18
           52 |    14 |            12
           52 |    15 |            16
           52 |    16 |            13
           52 |    17 |            24
           52 |    18 |            14
           52 |    19 |             0
           52 |    20 |             0
----------------------------------
           53 |     0 |            69
           53 |     1 |            54
           53 |     2 |            36
           53 |     3 |            26
           53 |     4 |            23
           53 |     5 |            16
           53 |     6 |            14
           53 |     7 |             9
           53 |     8 |             8
           53 |     9 |             9
           53 |    10 |            11
           53 |    11 |            14
           53 |    12 |            20
           53 |    13 |            15
           53 |    14 |            14
           53 |    15 |            11
           53 |    16 |            10
           53 |    17 |             5
           53 |    18 |             7
           53 |    19 |             0
           53 |    20 |             0
----------------------------------
           54 |     0 |           175
           54 |     1 |           104
           54 |     2 |            69
           54 |     3 |            57
           54 |     4 |            41
           54 |     5 |            37
           54 |     6 |            35
           54 |     7 |            30
           54 |     8 |            26
           54 |     9 |            20
           54 |    10 |            16
           54 |    11 |            24
           54 |    12 |            21
           54 |    13 |            25
           54 |    14 |            14
           54 |    15 |            12
           54 |    16 |            14
           54 |    17 |            19
           54 |    18 |            17
           54 |    19 |             0
           54 |    20 |             0
----------------------------------
           55 |     0 |           210
           55 |     1 |           139
           55 |     2 |            90
           55 |     3 |            54
           55 |     4 |            38
           55 |     5 |            42
           55 |     6 |            43
           55 |     7 |            31
           55 |     8 |            28
           55 |     9 |            33
           55 |    10 |            24
           55 |    11 |            30
           55 |    12 |            27
           55 |    13 |            18
           55 |    14 |            21
           55 |    15 |            27
           55 |    16 |            26
           55 |    17 |            29
           55 |    18 |            25
           55 |    19 |             0
           55 |    20 |             0
----------------------------------
           56 |     0 |           248
           56 |     1 |           145
           56 |     2 |           114
           56 |     3 |            78
           56 |     4 |            58
           56 |     5 |            39
           56 |     6 |            44
           56 |     7 |            32
           56 |     8 |            26
           56 |     9 |            30
           56 |    10 |            27
           56 |    11 |            25
           56 |    12 |            24
           56 |    13 |            28
           56 |    14 |            22
           56 |    15 |            29
           56 |    16 |            30
           56 |    17 |            35
           56 |    18 |            30
           56 |    19 |             0
           56 |    20 |             0
----------------------------------
           57 |     0 |           298
           57 |     1 |           157
           57 |     2 |           107
           57 |     3 |            86
           57 |     4 |            56
           57 |     5 |            62
           57 |     6 |            51
           57 |     7 |            60
           57 |     8 |            58
           57 |     9 |            58
           57 |    10 |            49
           57 |    11 |            45
           57 |    12 |            49
           57 |    13 |            44
           57 |    14 |            46
           57 |    15 |            39
           57 |    16 |            43
           57 |    17 |            33
           57 |    18 |            27
           57 |    19 |             0
           57 |    20 |             0
----------------------------------
           58 |     0 |           206
           58 |     1 |           131
           58 |     2 |            93
           58 |     3 |            75
           58 |     4 |            62
           58 |     5 |            54
           58 |     6 |            41
           58 |     7 |            36
           58 |     8 |            28
           58 |     9 |            41
           58 |    10 |            26
           58 |    11 |            27
           58 |    12 |            34
           58 |    13 |            31
           58 |    14 |            40
           58 |    15 |            31
           58 |    16 |            28
           58 |    17 |            32
           58 |    18 |            28
           58 |    19 |             0
           58 |    20 |             0
----------------------------------
           59 |     0 |           254
           59 |     1 |           151
           59 |     2 |           109
           59 |     3 |            72
           59 |     4 |            54
           59 |     5 |            47
           59 |     6 |            48
           59 |     7 |            53
           59 |     8 |            70
           59 |     9 |            69
           59 |    10 |            64
           59 |    11 |            49
           59 |    12 |            43
           59 |    13 |            44
           59 |    14 |            36
           59 |    15 |            29
           59 |    16 |            34
           59 |    17 |            42
           59 |    18 |            30
           59 |    19 |             0
           59 |    20 |             0
----------------------------------
           60 |     0 |           179
           60 |     1 |           105
           60 |     2 |            77
           60 |     3 |            40
           60 |     4 |            37
           60 |     5 |            35
           60 |     6 |            37
           60 |     7 |            50
           60 |     8 |            41
           60 |     9 |            48
           60 |    10 |            31
           60 |    11 |            30
           60 |    12 |            36
           60 |    13 |            34
           60 |    14 |            28
           60 |    15 |            36
           60 |    16 |            19
           60 |    17 |            20
           60 |    18 |            17
           60 |    19 |             0
           60 |    20 |             0
----------------------------------
           61 |     0 |           265
           61 |     1 |           159
           61 |     2 |           104
           61 |     3 |            84
           61 |     4 |            56
           61 |     5 |            43
           61 |     6 |            65
           61 |     7 |            59
           61 |     8 |            54
           61 |     9 |            61
           61 |    10 |            59
           61 |    11 |            53
           61 |    12 |            40
           61 |    13 |            40
           61 |    14 |            52
           61 |    15 |            47
           61 |    16 |            42
           61 |    17 |            38
           61 |    18 |            21
           61 |    19 |             0
           61 |    20 |             0
----------------------------------
           62 |     0 |           343
           62 |     1 |           202
           62 |     2 |           148
           62 |     3 |           106
           62 |     4 |            99
           62 |     5 |            76
           62 |     6 |            75
           62 |     7 |            74
           62 |     8 |            79
           62 |     9 |            70
           62 |    10 |            52
           62 |    11 |            66
           62 |    12 |            73
           62 |    13 |            57
           62 |    14 |            60
           62 |    15 |            74
           62 |    16 |            61
           62 |    17 |            46
           62 |    18 |            37
           62 |    19 |             0
           62 |    20 |             0
----------------------------------
           63 |     0 |           300
           63 |     1 |           193
           63 |     2 |           116
           63 |     3 |            88
           63 |     4 |            67
           63 |     5 |            61
           63 |     6 |            69
           63 |     7 |            86
           63 |     8 |            69
           63 |     9 |            69
           63 |    10 |            72
           63 |    11 |            54
           63 |    12 |            60
           63 |    13 |            50
           63 |    14 |            43
           63 |    15 |            56
           63 |    16 |            47
           63 |    17 |            41
           63 |    18 |            34
           63 |    19 |             0
           63 |    20 |             0
----------------------------------
           64 |     0 |           251
           64 |     1 |           157
           64 |     2 |            93
           64 |     3 |            67
           64 |     4 |            61
           64 |     5 |            60
           64 |     6 |            56
           64 |     7 |            46
           64 |     8 |            39
           64 |     9 |            43
           64 |    10 |            47
           64 |    11 |            46
           64 |    12 |            62
           64 |    13 |            48
           64 |    14 |            48
           64 |    15 |            47
           64 |    16 |            42
           64 |    17 |            34
           64 |    18 |            33
           64 |    19 |             0
           64 |    20 |             0
----------------------------------
           65 |     0 |           381
           65 |     1 |           240
           65 |     2 |           180
           65 |     3 |           126
           65 |     4 |            95
           65 |     5 |            83
           65 |     6 |            88
           65 |     7 |            85
           65 |     8 |           111
           65 |     9 |           110
           65 |    10 |            90
           65 |    11 |            82
           65 |    12 |            81
           65 |    13 |            71
           65 |    14 |            70
           65 |    15 |            75
           65 |    16 |            68
           65 |    17 |            60
           65 |    18 |            49
           65 |    19 |             0
           65 |    20 |             0
----------------------------------
           66 |     0 |           402
           66 |     1 |           238
           66 |     2 |           188
           66 |     3 |           152
           66 |     4 |           143
           66 |     5 |            95
           66 |     6 |            98
           66 |     7 |            89
           66 |     8 |            98
           66 |     9 |            76
           66 |    10 |            94
           66 |    11 |            88
           66 |    12 |            87
           66 |    13 |            86
           66 |    14 |            86
           66 |    15 |            93
           66 |    16 |            79
           66 |    17 |            69
           66 |    18 |            49
           66 |    19 |             0
           66 |    20 |             0
----------------------------------
           67 |     0 |           282
           67 |     1 |           162
           67 |     2 |           121
           67 |     3 |           100
           67 |     4 |            86
           67 |     5 |            60
           67 |     6 |            71
           67 |     7 |            66
           67 |     8 |            80
           67 |     9 |            66
           67 |    10 |            60
           67 |    11 |            65
           67 |    12 |            65
           67 |    13 |            68
           67 |    14 |            76
           67 |    15 |            57
           67 |    16 |            54
           67 |    17 |            45
           67 |    18 |            24
           67 |    19 |             0
           67 |    20 |             0
----------------------------------
           68 |     0 |           407
           68 |     1 |           246
           68 |     2 |           170
           68 |     3 |           134
           68 |     4 |           111
           68 |     5 |            95
           68 |     6 |            92
           68 |     7 |            82
           68 |     8 |           104
           68 |     9 |            97
           68 |    10 |            91
           68 |    11 |            86
           68 |    12 |            74
           68 |    13 |           118
           68 |    14 |            92
           68 |    15 |           102
           68 |    16 |            78
           68 |    17 |            83
           68 |    18 |            50
           68 |    19 |             0
           68 |    20 |             0
----------------------------------
           69 |     0 |           323
           69 |     1 |           220
           69 |     2 |           145
           69 |     3 |           111
           69 |     4 |           104
           69 |     5 |            99
           69 |     6 |           114
           69 |     7 |           104
           69 |     8 |            84
           69 |     9 |            86
           69 |    10 |            85
           69 |    11 |            94
           69 |    12 |            90
           69 |    13 |            82
           69 |    14 |            62
           69 |    15 |            60
           69 |    16 |            63
           69 |    17 |            43
           69 |    18 |            32
           69 |    19 |             0
           69 |    20 |             0
----------------------------------
           70 |     0 |           387
           70 |     1 |           231
           70 |     2 |           166
           70 |     3 |           134
           70 |     4 |           128
           70 |     5 |           117
           70 |     6 |           113
           70 |     7 |           118
           70 |     8 |            81
           70 |     9 |            96
           70 |    10 |            96
           70 |    11 |            98
           70 |    12 |            94
           70 |    13 |            93
           70 |    14 |            84
           70 |    15 |            80
           70 |    16 |            81
           70 |    17 |            61
           70 |    18 |            52
           70 |    19 |             0
           70 |    20 |             0
----------------------------------
           71 |     0 |           331
           71 |     1 |           197
           71 |     2 |           158
           71 |     3 |           125
           71 |     4 |           108
           71 |     5 |            86
           71 |     6 |           108
           71 |     7 |            87
           71 |     8 |            90
           71 |     9 |            82
           71 |    10 |            87
           71 |    11 |            85
           71 |    12 |            89
           71 |    13 |            85
           71 |    14 |            86
           71 |    15 |            86
           71 |    16 |            70
           71 |    17 |            57
           71 |    18 |            42
           71 |    19 |             0
           71 |    20 |             0
----------------------------------
           72 |     0 |           251
           72 |     1 |           156
           72 |     2 |           108
           72 |     3 |            92
           72 |     4 |            67
           72 |     5 |            78
           72 |     6 |            73
           72 |     7 |            71
           72 |     8 |            76
           72 |     9 |            62
           72 |    10 |            70
           72 |    11 |            74
           72 |    12 |            72
           72 |    13 |            81
           72 |    14 |            58
           72 |    15 |            62
           72 |    16 |            61
           72 |    17 |            42
           72 |    18 |            30
           72 |    19 |             0
           72 |    20 |             0
----------------------------------
           73 |     0 |           298
           73 |     1 |           212
           73 |     2 |           175
           73 |     3 |           130
           73 |     4 |           111
           73 |     5 |           123
           73 |     6 |           119
           73 |     7 |            94
           73 |     8 |            96
           73 |     9 |            88
           73 |    10 |            87
           73 |    11 |            85
           73 |    12 |            79
           73 |    13 |            85
           73 |    14 |            77
           73 |    15 |            78
           73 |    16 |            69
           73 |    17 |            59
           73 |    18 |            52
           73 |    19 |             0
           73 |    20 |             0
----------------------------------
           74 |     0 |           324
           74 |     1 |           205
           74 |     2 |           159
           74 |     3 |           113
           74 |     4 |            99
           74 |     5 |            96
           74 |     6 |            99
           74 |     7 |            91
           74 |     8 |           118
           74 |     9 |           118
           74 |    10 |           127
           74 |    11 |           129
           74 |    12 |           137
           74 |    13 |           111
           74 |    14 |            96
           74 |    15 |            91
           74 |    16 |            73
           74 |    17 |            64
           74 |    18 |            44
           74 |    19 |             0
           74 |    20 |             0
----------------------------------
           75 |     0 |           372
           75 |     1 |           236
           75 |     2 |           170
           75 |     3 |           131
           75 |     4 |           121
           75 |     5 |           148
           75 |     6 |           133
           75 |     7 |           123
           75 |     8 |           122
           75 |     9 |           108
           75 |    10 |           110
           75 |    11 |           120
           75 |    12 |           135
           75 |    13 |           122
           75 |    14 |           113
           75 |    15 |           112
           75 |    16 |           102
           75 |    17 |            88
           75 |    18 |            59
           75 |    19 |             0
           75 |    20 |             0
----------------------------------
           76 |     0 |           285
           76 |     1 |           191
           76 |     2 |           131
           76 |     3 |           125
           76 |     4 |           123
           76 |     5 |           113
           76 |     6 |           111
           76 |     7 |           121
           76 |     8 |           118
           76 |     9 |           117
           76 |    10 |           110
           76 |    11 |           102
           76 |    12 |            95
           76 |    13 |           100
           76 |    14 |            97
           76 |    15 |            90
           76 |    16 |            75
           76 |    17 |            59
           76 |    18 |            41
           76 |    19 |             0
           76 |    20 |             0
----------------------------------
           77 |     0 |           313
           77 |     1 |           216
           77 |     2 |           163
           77 |     3 |           124
           77 |     4 |           109
           77 |     5 |           114
           77 |     6 |           118
           77 |     7 |           140
           77 |     8 |           126
           77 |     9 |           115
           77 |    10 |           100
           77 |    11 |           113
           77 |    12 |           103
           77 |    13 |           111
           77 |    14 |           107
           77 |    15 |            92
           77 |    16 |            78
           77 |    17 |            82
           77 |    18 |            63
           77 |    19 |             0
           77 |    20 |             0
----------------------------------
           78 |     0 |           219
           78 |     1 |           126
           78 |     2 |            90
           78 |     3 |            82
           78 |     4 |            75
           78 |     5 |            66
           78 |     6 |            73
           78 |     7 |            63
           78 |     8 |            72
           78 |     9 |            77
           78 |    10 |            81
           78 |    11 |            77
           78 |    12 |            87
           78 |    13 |            88
           78 |    14 |            73
           78 |    15 |            77
           78 |    16 |            54
           78 |    17 |            41
           78 |    18 |            39
           78 |    19 |             0
           78 |    20 |             0
----------------------------------
           79 |     0 |           280
           79 |     1 |           182
           79 |     2 |           127
           79 |     3 |            86
           79 |     4 |            82
           79 |     5 |            94
           79 |     6 |            98
           79 |     7 |            93
           79 |     8 |           102
           79 |     9 |           106
           79 |    10 |           116
           79 |    11 |           113
           79 |    12 |            97
           79 |    13 |            84
           79 |    14 |            83
           79 |    15 |            78
           79 |    16 |            54
           79 |    17 |            56
           79 |    18 |            44
           79 |    19 |             0
           79 |    20 |             0
----------------------------------
           80 |     0 |           280
           80 |     1 |           190
           80 |     2 |           139
           80 |     3 |           114
           80 |     4 |           105
           80 |     5 |            96
           80 |     6 |           101
           80 |     7 |           118
           80 |     8 |           131
           80 |     9 |           104
           80 |    10 |            91
           80 |    11 |           116
           80 |    12 |           117
           80 |    13 |           119
           80 |    14 |           112
           80 |    15 |            91
           80 |    16 |            86
           80 |    17 |            84
           80 |    18 |            46
           80 |    19 |             0
           80 |    20 |             0
----------------------------------
           81 |     0 |           175
           81 |     1 |            99
           81 |     2 |            79
           81 |     3 |            54
           81 |     4 |            65
           81 |     5 |            72
           81 |     6 |            65
           81 |     7 |            74
           81 |     8 |            67
           81 |     9 |            75
           81 |    10 |            72
           81 |    11 |            70
           81 |    12 |            55
           81 |    13 |            52
           81 |    14 |            60
           81 |    15 |            50
           81 |    16 |            50
           81 |    17 |            35
           81 |    18 |            27
           81 |    19 |             0
           81 |    20 |             0
----------------------------------
           82 |     0 |           198
           82 |     1 |           118
           82 |     2 |            97
           82 |     3 |            58
           82 |     4 |            77
           82 |     5 |            85
           82 |     6 |            91
           82 |     7 |           103
           82 |     8 |           108
           82 |     9 |           100
           82 |    10 |            85
           82 |    11 |            68
           82 |    12 |            76
           82 |    13 |            78
           82 |    14 |            67
           82 |    15 |            77
           82 |    16 |            55
           82 |    17 |            64
           82 |    18 |            35
           82 |    19 |             0
           82 |    20 |             0
----------------------------------
           83 |     0 |           207
           83 |     1 |           131
           83 |     2 |           109
           83 |     3 |            96
           83 |     4 |           105
           83 |     5 |           113
           83 |     6 |            89
           83 |     7 |           104
           83 |     8 |            97
           83 |     9 |           109
           83 |    10 |           105
           83 |    11 |           112
           83 |    12 |            84
           83 |    13 |            89
           83 |    14 |            80
           83 |    15 |            70
           83 |    16 |            51
           83 |    17 |            42
           83 |    18 |            33
           83 |    19 |             0
           83 |    20 |             0
----------------------------------
           84 |     0 |           132
           84 |     1 |            83
           84 |     2 |            75
           84 |     3 |            59
           84 |     4 |            55
           84 |     5 |            52
           84 |     6 |            61
           84 |     7 |            59
           84 |     8 |            67
           84 |     9 |            84
           84 |    10 |            84
           84 |    11 |            62
           84 |    12 |            62
           84 |    13 |            52
           84 |    14 |            51
           84 |    15 |            43
           84 |    16 |            44
           84 |    17 |            34
           84 |    18 |            17
           84 |    19 |             0
           84 |    20 |             0
----------------------------------
           85 |     0 |           128
           85 |     1 |            75
           85 |     2 |            59
           85 |     3 |            52
           85 |     4 |            44
           85 |     5 |            51
           85 |     6 |            59
           85 |     7 |            72
           85 |     8 |            77
           85 |     9 |            81
           85 |    10 |            73
           85 |    11 |            58
           85 |    12 |            49
           85 |    13 |            55
           85 |    14 |            50
           85 |    15 |            39
           85 |    16 |            32
           85 |    17 |            27
           85 |    18 |            24
           85 |    19 |             0
           85 |    20 |             0
----------------------------------
           86 |     0 |           197
           86 |     1 |           118
           86 |     2 |            89
           86 |     3 |            80
           86 |     4 |            82
           86 |     5 |            86
           86 |     6 |           100
           86 |     7 |           102
           86 |     8 |            87
           86 |     9 |            88
           86 |    10 |            88
           86 |    11 |            83
           86 |    12 |            76
           86 |    13 |            62
           86 |    14 |            72
           86 |    15 |            70
           86 |    16 |            64
           86 |    17 |            57
           86 |    18 |            33
           86 |    19 |             0
           86 |    20 |             0
----------------------------------
           87 |     0 |           122
           87 |     1 |            87
           87 |     2 |            68
           87 |     3 |            61
           87 |     4 |            56
           87 |     5 |            66
           87 |     6 |            59
           87 |     7 |            74
           87 |     8 |            61
           87 |     9 |            67
           87 |    10 |            56
           87 |    11 |            70
           87 |    12 |            56
           87 |    13 |            54
           87 |    14 |            54
           87 |    15 |            40
           87 |    16 |            39
           87 |    17 |            26
           87 |    18 |            15
           87 |    19 |             0
           87 |    20 |             0
----------------------------------
           88 |     0 |           174
           88 |     1 |           102
           88 |     2 |            82
           88 |     3 |            74
           88 |     4 |            84
           88 |     5 |            74
           88 |     6 |            81
           88 |     7 |            73
           88 |     8 |            73
           88 |     9 |            79
           88 |    10 |            70
           88 |    11 |            71
           88 |    12 |            78
           88 |    13 |            73
           88 |    14 |            78
           88 |    15 |            77
           88 |    16 |            68
           88 |    17 |            48
           88 |    18 |            37
           88 |    19 |             0
           88 |    20 |             0
----------------------------------
           89 |     0 |           135
           89 |     1 |           102
           89 |     2 |            65
           89 |     3 |            72
           89 |     4 |            63
           89 |     5 |            65
           89 |     6 |            75
           89 |     7 |           100
           89 |     8 |            97
           89 |     9 |            91
           89 |    10 |            80
           89 |    11 |            78
           89 |    12 |            69
           89 |    13 |            65
           89 |    14 |            57
           89 |    15 |            42
           89 |    16 |            37
           89 |    17 |            27
           89 |    18 |            15
           89 |    19 |             0
           89 |    20 |             0
----------------------------------
           90 |     0 |           123
           90 |     1 |            84
           90 |     2 |            67
           90 |     3 |            66
           90 |     4 |            54
           90 |     5 |            65
           90 |     6 |            79
           90 |     7 |            63
           90 |     8 |            67
           90 |     9 |            58
           90 |    10 |            84
           90 |    11 |            84
           90 |    12 |            82
           90 |    13 |            72
           90 |    14 |            54
           90 |    15 |            54
           90 |    16 |            51
           90 |    17 |            33
           90 |    18 |            20
           90 |    19 |             0
           90 |    20 |             0
----------------------------------
           91 |     0 |            67
           91 |     1 |            37
           91 |     2 |            21
           91 |     3 |            24
           91 |     4 |            29
           91 |     5 |            39
           91 |     6 |            41
           91 |     7 |            50
           91 |     8 |            43
           91 |     9 |            32
           91 |    10 |            40
           91 |    11 |            35
           91 |    12 |            39
           91 |    13 |            29
           91 |    14 |            25
           91 |    15 |            26
           91 |    16 |            21
           91 |    17 |            23
           91 |    18 |            16
           91 |    19 |             0
           91 |    20 |             0
----------------------------------
           92 |     0 |            89
           92 |     1 |            56
           92 |     2 |            40
           92 |     3 |            29
           92 |     4 |            44
           92 |     5 |            30
           92 |     6 |            41
           92 |     7 |            34
           92 |     8 |            38
           92 |     9 |            35
           92 |    10 |            45
           92 |    11 |            41
           92 |    12 |            50
           92 |    13 |            41
           92 |    14 |            31
           92 |    15 |            30
           92 |    16 |            26
           92 |    17 |            19
           92 |    18 |            17
           92 |    19 |             0
           92 |    20 |             0
----------------------------------
           93 |     0 |           100
           93 |     1 |            59
           93 |     2 |            43
           93 |     3 |            46
           93 |     4 |            46
           93 |     5 |            60
           93 |     6 |            72
           93 |     7 |            71
           93 |     8 |            65
           93 |     9 |            54
           93 |    10 |            62
           93 |    11 |            57
           93 |    12 |            52
           93 |    13 |            60
           93 |    14 |            53
           93 |    15 |            45
           93 |    16 |            35
           93 |    17 |            24
           93 |    18 |            19
           93 |    19 |             0
           93 |    20 |             0
----------------------------------
           94 |     0 |            90
           94 |     1 |            59
           94 |     2 |            42
           94 |     3 |            31
           94 |     4 |            28
           94 |     5 |            27
           94 |     6 |            39
           94 |     7 |            42
           94 |     8 |            55
           94 |     9 |            52
           94 |    10 |            57
           94 |    11 |            57
           94 |    12 |            60
           94 |    13 |            53
           94 |    14 |            48
           94 |    15 |            38
           94 |    16 |            32
           94 |    17 |            24
           94 |    18 |            12
           94 |    19 |             0
           94 |    20 |             0
----------------------------------
           95 |     0 |            74
           95 |     1 |            48
           95 |     2 |            47
           95 |     3 |            44
           95 |     4 |            39
           95 |     5 |            47
           95 |     6 |            44
           95 |     7 |            45
           95 |     8 |            40
           95 |     9 |            46
           95 |    10 |            48
           95 |    11 |            42
           95 |    12 |            36
           95 |    13 |            35
           95 |    14 |            27
           95 |    15 |            29
           95 |    16 |            31
           95 |    17 |            21
           95 |    18 |            17
           95 |    19 |             0
           95 |    20 |             0
----------------------------------
           96 |     0 |            18
           96 |     1 |            10
           96 |     2 |            10
           96 |     3 |             6
           96 |     4 |            10
           96 |     5 |            13
           96 |     6 |            10
           96 |     7 |            20
           96 |     8 |            22
           96 |     9 |            16
           96 |    10 |            13
           96 |    11 |            12
           96 |    12 |             7
           96 |    13 |            10
           96 |    14 |             4
           96 |    15 |             4
           96 |    16 |             4
           96 |    17 |             3
           96 |    18 |             0
           96 |    19 |             0
           96 |    20 |             0
----------------------------------
           97 |     0 |            43
           97 |     1 |            34
           97 |     2 |            26
           97 |     3 |            35
           97 |     4 |            37
           97 |     5 |            41
           97 |     6 |            30
           97 |     7 |            30
           97 |     8 |            21
           97 |     9 |            29
           97 |    10 |            38
           97 |    11 |            39
           97 |    12 |            43
           97 |    13 |            35
           97 |    14 |            32
           97 |    15 |            25
           97 |    16 |            18
           97 |    17 |            14
           97 |    18 |            12
           97 |    19 |             0
           97 |    20 |             0
----------------------------------
           98 |     0 |            47
           98 |     1 |            17
           98 |     2 |            24
           98 |     3 |            28
           98 |     4 |            23
           98 |     5 |            26
           98 |     6 |            27
           98 |     7 |            24
           98 |     8 |            37
           98 |     9 |            31
           98 |    10 |            32
           98 |    11 |            38
           98 |    12 |            24
           98 |    13 |            22
           98 |    14 |            27
           98 |    15 |            25
           98 |    16 |            17
           98 |    17 |            12
           98 |    18 |             9
           98 |    19 |             0
           98 |    20 |             0
----------------------------------
           99 |     0 |             6
           99 |     1 |             2
           99 |     2 |             3
           99 |     3 |            10
           99 |     4 |            10
           99 |     5 |             6
           99 |     6 |             6
           99 |     7 |            10
           99 |     8 |             7
           99 |     9 |             3
           99 |    10 |             8
           99 |    11 |             7
           99 |    12 |             4
           99 |    13 |             5
           99 |    14 |             3
           99 |    15 |             2
           99 |    16 |             3
           99 |    17 |             3
           99 |    18 |             1
           99 |    19 |             0
           99 |    20 |             0
----------------------------------
          100 |     0 |            35
          100 |     1 |            30
          100 |     2 |            11
          100 |     3 |            15
          100 |     4 |            17
          100 |     5 |            11
          100 |     6 |            14
          100 |     7 |            18
          100 |     8 |            31
          100 |     9 |            33
          100 |    10 |            38
          100 |    11 |            34
          100 |    12 |            24
          100 |    13 |            18
          100 |    14 |            24
          100 |    15 |            18
          100 |    16 |            13
          100 |    17 |            10
          100 |    18 |             6
          100 |    19 |             0
          100 |    20 |             0
----------------------------------
          101 |     0 |            50
          101 |     1 |            28
          101 |     2 |            26
          101 |     3 |            16
          101 |     4 |            15
          101 |     5 |            30
          101 |     6 |            23
          101 |     7 |            31
          101 |     8 |            33
          101 |     9 |            34
          101 |    10 |            36
          101 |    11 |            35
          101 |    12 |            42
          101 |    13 |            26
          101 |    14 |            22
          101 |    15 |            17
          101 |    16 |            16
          101 |    17 |            16
          101 |    18 |             9
          101 |    19 |             0
          101 |    20 |             0
----------------------------------
          102 |     0 |            10
          102 |     1 |             4
          102 |     2 |             4
          102 |     3 |             3
          102 |     4 |             2
          102 |     5 |             3
          102 |     6 |             5
          102 |     7 |             8
          102 |     8 |             3
          102 |     9 |             8
          102 |    10 |             6
          102 |    11 |             6
          102 |    12 |             8
          102 |    13 |             8
          102 |    14 |             8
          102 |    15 |             6
          102 |    16 |             4
          102 |    17 |             4
          102 |    18 |             2
          102 |    19 |             0
          102 |    20 |             0
----------------------------------
          103 |     0 |            16
          103 |     1 |            12
          103 |     2 |            13
          103 |     3 |             5
          103 |     4 |             3
          103 |     5 |             8
          103 |     6 |             8
          103 |     7 |            18
          103 |     8 |            26
          103 |     9 |            17
          103 |    10 |            13
          103 |    11 |            18
          103 |    12 |            17
          103 |    13 |            11
          103 |    14 |             8
          103 |    15 |             4
          103 |    16 |             3
          103 |    17 |             3
          103 |    18 |             3
          103 |    19 |             0
          103 |    20 |             0
----------------------------------
          104 |     0 |             9
          104 |     1 |             6
          104 |     2 |             3
          104 |     3 |            10
          104 |     4 |             2
          104 |     5 |             4
          104 |     6 |            10
          104 |     7 |             9
          104 |     8 |             6
          104 |     9 |             7
          104 |    10 |             7
          104 |    11 |             3
          104 |    12 |             5
          104 |    13 |             4
          104 |    14 |             4
          104 |    15 |             7
          104 |    16 |             4
          104 |    17 |             2
          104 |    18 |             2
          104 |    19 |             0
          104 |    20 |             0
----------------------------------
          105 |     0 |            16
          105 |     1 |            12
          105 |     2 |             5
          105 |     3 |            14
          105 |     4 |             9
          105 |     5 |            22
          105 |     6 |            11
          105 |     7 |            15
          105 |     8 |            17
          105 |     9 |            10
          105 |    10 |            11
          105 |    11 |             7
          105 |    12 |             7
          105 |    13 |            12
          105 |    14 |            12
          105 |    15 |             9
          105 |    16 |             9
          105 |    17 |             6
          105 |    18 |             6
          105 |    19 |             0
          105 |    20 |             0
----------------------------------
          106 |     0 |            17
          106 |     1 |            10
          106 |     2 |             9
          106 |     3 |            11
          106 |     4 |            11
          106 |     5 |            11
          106 |     6 |             9
          106 |     7 |            12
          106 |     8 |            10
          106 |     9 |            14
          106 |    10 |            11
          106 |    11 |            12
          106 |    12 |            12
          106 |    13 |             8
          106 |    14 |             9
          106 |    15 |            13
          106 |    16 |            12
          106 |    17 |            15
          106 |    18 |             6
          106 |    19 |             0
          106 |    20 |             0
----------------------------------
          107 |     0 |            18
          107 |     1 |            16
          107 |     2 |             5
          107 |     3 |             8
          107 |     4 |             6
          107 |     5 |            10
          107 |     6 |            16
          107 |     7 |            17
          107 |     8 |            13
          107 |     9 |            18
          107 |    10 |            24
          107 |    11 |            14
          107 |    12 |            16
          107 |    13 |            11
          107 |    14 |             7
          107 |    15 |             6
          107 |    16 |             5
          107 |    17 |             3
          107 |    18 |             1
          107 |    19 |             0
          107 |    20 |             0
----------------------------------
          108 |     0 |             8
          108 |     1 |             5
          108 |     2 |             3
          108 |     3 |             3
          108 |     4 |             3
          108 |     5 |             6
          108 |     6 |             7
          108 |     7 |             6
          108 |     8 |             5
          108 |     9 |             5
          108 |    10 |             7
          108 |    11 |             7
          108 |    12 |            12
          108 |    13 |             6
          108 |    14 |             7
          108 |    15 |             4
          108 |    16 |             5
          108 |    17 |             5
          108 |    18 |             4
          108 |    19 |             0
          108 |    20 |             0
----------------------------------
          109 |     0 |            18
          109 |     1 |            17
          109 |     2 |            16
          109 |     3 |            13
          109 |     4 |            13
          109 |     5 |            11
          109 |     6 |            17
          109 |     7 |             9
          109 |     8 |            11
          109 |     9 |            11
          109 |    10 |            14
          109 |    11 |            11
          109 |    12 |            14
          109 |    13 |            13
          109 |    14 |             8
          109 |    15 |             9
          109 |    16 |             7
          109 |    17 |             3
          109 |    18 |             3
          109 |    19 |             0
          109 |    20 |             0
----------------------------------
----------------------------------
          111 |     0 |             8
          111 |     1 |             8
          111 |     2 |             5
          111 |     3 |             4
          111 |     4 |             2
          111 |     5 |             3
          111 |     6 |             1
          111 |     7 |             4
          111 |     8 |             8
          111 |     9 |             8
          111 |    10 |             9
          111 |    11 |             8
          111 |    12 |             8
          111 |    13 |             7
          111 |    14 |             7
          111 |    15 |             6
          111 |    16 |             7
          111 |    17 |             5
          111 |    18 |             3
          111 |    19 |             0
          111 |    20 |             0
----------------------------------
          112 |     0 |             5
          112 |     1 |             7
          112 |     2 |             5
          112 |     3 |             2
          112 |     4 |             8
          112 |     5 |             7
          112 |     6 |             6
          112 |     7 |             7
          112 |     8 |            10
          112 |     9 |             7
          112 |    10 |             7
          112 |    11 |             5
          112 |    12 |             5
          112 |    13 |             5
          112 |    14 |             6
          112 |    15 |             8
          112 |    16 |             6
          112 |    17 |             4
          112 |    18 |             2
          112 |    19 |             0
          112 |    20 |             0
----------------------------------
----------------------------------
----------------------------------
----------------------------------
----------------------------------
          117 |     0 |             5
          117 |     1 |             7
          117 |     2 |             3
          117 |     3 |             5
          117 |     4 |             4
          117 |     5 |             8
          117 |     6 |             8
          117 |     7 |            10
          117 |     8 |             9
          117 |     9 |             8
          117 |    10 |             7
          117 |    11 |            12
          117 |    12 |             6
          117 |    13 |             6
          117 |    14 |            10
          117 |    15 |             3
          117 |    16 |             2
          117 |    17 |             2
          117 |    18 |             2
          117 |    19 |             0
          117 |    20 |             0
----------------------------------
----------------------------------
----------------------------------
----------------------------------
----------------------------------
----------------------------------
----------------------------------
----------------------------------
----------------------------------
----------------------------------
----------------------------------
----------------------------------
----------------------------------
----------------------------------
----------------------------------
----------------------------------
----------------------------------
----------------------------------
----------------------------------
----------------------------------
----------------------------------
----------------------------------
----------------------------------
----------------------------------
----------------------------------
----------------------------------
----------------------------------
----------------------------------
----------------------------------
----------------------------------
----------------------------------
----------------------------------
----------------------------------
----------------------------------
----------------------------------
----------------------------------
----------------------------------
----------------------------------
----------------------------------
----------------------------------
----------------------------------
----------------------------------
----------------------------------
----------------------------------
----------------------------------
----------------------------------
----------------------------------
----------------------------------
----------------------------------
----------------------------------
----------------------------------
----------------------------------
----------------------------------
----------------------------------
----------------------------------
----------------------------------
----------------------------------
----------------------------------
----------------------------------
----------------------------------
----------------------------------
----------------------------------
----------------------------------
----------------------------------
----------------------------------
----------------------------------
----------------------------------
----------------------------------
----------------------------------
----------------------------------
----------------------------------
----------------------------------
----------------------------------
----------------------------------
