MinCut number | RSize | Number of cuts
----------------------------------
----------------------------------
----------------------------------
----------------------------------
----------------------------------
----------------------------------
----------------------------------
----------------------------------
----------------------------------
----------------------------------
----------------------------------
----------------------------------
----------------------------------
----------------------------------
----------------------------------
----------------------------------
----------------------------------
----------------------------------
           37 |     0 |            14
           37 |     1 |             6
           37 |     2 |             4
           37 |     3 |             6
           37 |     4 |             1
           37 |     5 |             0
           37 |     6 |             1
           37 |     7 |             0
           37 |     8 |             0
           37 |     9 |             0
           37 |    10 |             0
           37 |    11 |             1
           37 |    12 |             1
           37 |    13 |             0
           37 |    14 |             1
           37 |    15 |             0
           37 |    16 |             1
           37 |    17 |             1
           37 |    18 |             0
           37 |    19 |             0
           37 |    20 |             0
----------------------------------
----------------------------------
----------------------------------
----------------------------------
           41 |     0 |            15
           41 |     1 |            10
           41 |     2 |             3
           41 |     3 |             3
           41 |     4 |             1
           41 |     5 |             2
           41 |     6 |             1
           41 |     7 |             1
           41 |     8 |             1
           41 |     9 |             0
           41 |    10 |             0
           41 |    11 |             0
           41 |    12 |             0
           41 |    13 |             0
           41 |    14 |             0
           41 |    15 |             0
           41 |    16 |             1
           41 |    17 |             0
           41 |    18 |             3
           41 |    19 |             0
           41 |    20 |             0
----------------------------------
----------------------------------
           43 |     0 |            12
           43 |     1 |             7
           43 |     2 |             3
           43 |     3 |             7
           43 |     4 |             2
           43 |     5 |             1
           43 |     6 |             3
           43 |     7 |             2
           43 |     8 |             2
           43 |     9 |             2
           43 |    10 |             0
           43 |    11 |             0
           43 |    12 |             0
           43 |    13 |             0
           43 |    14 |             1
           43 |    15 |             0
           43 |    16 |             0
           43 |    17 |             1
           43 |    18 |             0
           43 |    19 |             0
           43 |    20 |             0
----------------------------------
----------------------------------
           45 |     0 |            31
           45 |     1 |            21
           45 |     2 |            18
           45 |     3 |             7
           45 |     4 |            12
           45 |     5 |             8
           45 |     6 |             3
           45 |     7 |             4
           45 |     8 |             3
           45 |     9 |             6
           45 |    10 |             2
           45 |    11 |             0
           45 |    12 |             2
           45 |    13 |             2
           45 |    14 |             3
           45 |    15 |             3
           45 |    16 |             3
           45 |    17 |             4
           45 |    18 |             3
           45 |    19 |             0
           45 |    20 |             0
----------------------------------
           46 |     0 |            53
           46 |     1 |            19
           46 |     2 |            18
           46 |     3 |            12
           46 |     4 |            11
           46 |     5 |             6
           46 |     6 |             6
           46 |     7 |             8
           46 |     8 |             4
           46 |     9 |             2
           46 |    10 |             3
           46 |    11 |             3
           46 |    12 |             3
           46 |    13 |             3
           46 |    14 |             5
           46 |    15 |             7
           46 |    16 |             3
           46 |    17 |             9
           46 |    18 |             9
           46 |    19 |             0
           46 |    20 |             0
----------------------------------
           47 |     0 |            32
           47 |     1 |            15
           47 |     2 |            20
           47 |     3 |             9
           47 |     4 |             7
           47 |     5 |             6
           47 |     6 |             5
           47 |     7 |             3
           47 |     8 |             5
           47 |     9 |             5
           47 |    10 |             3
           47 |    11 |             2
           47 |    12 |             1
           47 |    13 |             3
           47 |    14 |             5
           47 |    15 |             5
           47 |    16 |             6
           47 |    17 |             5
           47 |    18 |             4
           47 |    19 |             0
           47 |    20 |             0
----------------------------------
           48 |     0 |            16
           48 |     1 |             7
           48 |     2 |             4
           48 |     3 |             2
           48 |     4 |             0
           48 |     5 |             0
           48 |     6 |             0
           48 |     7 |             0
           48 |     8 |             0
           48 |     9 |             1
           48 |    10 |             0
           48 |    11 |             1
           48 |    12 |             0
           48 |    13 |             2
           48 |    14 |             7
           48 |    15 |             3
           48 |    16 |             2
           48 |    17 |             2
           48 |    18 |             1
           48 |    19 |             0
           48 |    20 |             0
----------------------------------
           49 |     0 |            79
           49 |     1 |            54
           49 |     2 |            17
           49 |     3 |            20
           49 |     4 |            15
           49 |     5 |            12
           49 |     6 |            15
           49 |     7 |             7
           49 |     8 |             7
           49 |     9 |             8
           49 |    10 |             4
           49 |    11 |             6
           49 |    12 |             5
           49 |    13 |             2
           49 |    14 |             1
           49 |    15 |             7
           49 |    16 |            11
           49 |    17 |            17
           49 |    18 |             7
           49 |    19 |             0
           49 |    20 |             0
----------------------------------
           50 |     0 |            73
           50 |     1 |            43
           50 |     2 |            31
           50 |     3 |            16
           50 |     4 |            15
           50 |     5 |             9
           50 |     6 |            13
           50 |     7 |             6
           50 |     8 |             2
           50 |     9 |             6
           50 |    10 |             7
           50 |    11 |             9
           50 |    12 |             7
           50 |    13 |             6
           50 |    14 |             9
           50 |    15 |            13
           50 |    16 |            10
           50 |    17 |            17
           50 |    18 |             8
           50 |    19 |             0
           50 |    20 |             0
----------------------------------
           51 |     0 |            20
           51 |     1 |            20
           51 |     2 |             9
           51 |     3 |            10
           51 |     4 |             4
           51 |     5 |             0
           51 |     6 |             3
           51 |     7 |             1
           51 |     8 |             4
           51 |     9 |             1
           51 |    10 |             6
           51 |    11 |             4
           51 |    12 |             1
           51 |    13 |             2
           51 |    14 |             3
           51 |    15 |             3
           51 |    16 |             5
           51 |    17 |             3
           51 |    18 |             3
           51 |    19 |             0
           51 |    20 |             0
----------------------------------
           52 |     0 |           117
           52 |     1 |            63
           52 |     2 |            59
           52 |     3 |            42
           52 |     4 |            27
           52 |     5 |            25
           52 |     6 |            11
           52 |     7 |             9
           52 |     8 |             7
           52 |     9 |            13
           52 |    10 |            11
           52 |    11 |            11
           52 |    12 |            13
           52 |    13 |             9
           52 |    14 |            15
           52 |    15 |            13
           52 |    16 |            15
           52 |    17 |            22
           52 |    18 |            38
           52 |    19 |             0
           52 |    20 |             0
----------------------------------
           53 |     0 |            86
           53 |     1 |            42
           53 |     2 |            30
           53 |     3 |            21
           53 |     4 |            17
           53 |     5 |             7
           53 |     6 |            12
           53 |     7 |            12
           53 |     8 |             8
           53 |     9 |            13
           53 |    10 |             8
           53 |    11 |             9
           53 |    12 |            11
           53 |    13 |            14
           53 |    14 |            15
           53 |    15 |             6
           53 |    16 |            21
           53 |    17 |            22
           53 |    18 |            17
           53 |    19 |             0
           53 |    20 |             0
----------------------------------
           54 |     0 |            73
           54 |     1 |            43
           54 |     2 |            29
           54 |     3 |            28
           54 |     4 |            28
           54 |     5 |            14
           54 |     6 |             8
           54 |     7 |            12
           54 |     8 |            10
           54 |     9 |             9
           54 |    10 |             6
           54 |    11 |             5
           54 |    12 |             5
           54 |    13 |             4
           54 |    14 |             4
           54 |    15 |             8
           54 |    16 |            16
           54 |    17 |            14
           54 |    18 |             8
           54 |    19 |             0
           54 |    20 |             0
----------------------------------
           55 |     0 |            59
           55 |     1 |            28
           55 |     2 |            29
           55 |     3 |            19
           55 |     4 |            21
           55 |     5 |            11
           55 |     6 |            12
           55 |     7 |            13
           55 |     8 |            11
           55 |     9 |            13
           55 |    10 |             5
           55 |    11 |             3
           55 |    12 |             6
           55 |    13 |             7
           55 |    14 |             7
           55 |    15 |            10
           55 |    16 |             9
           55 |    17 |             6
           55 |    18 |             6
           55 |    19 |             0
           55 |    20 |             0
----------------------------------
           56 |     0 |            64
           56 |     1 |            36
           56 |     2 |            24
           56 |     3 |            23
           56 |     4 |            20
           56 |     5 |             8
           56 |     6 |             4
           56 |     7 |             3
           56 |     8 |             1
           56 |     9 |             3
           56 |    10 |             5
           56 |    11 |             5
           56 |    12 |            16
           56 |    13 |             9
           56 |    14 |             9
           56 |    15 |            13
           56 |    16 |            12
           56 |    17 |            11
           56 |    18 |            14
           56 |    19 |             0
           56 |    20 |             0
----------------------------------
           57 |     0 |           111
           57 |     1 |            63
           57 |     2 |            38
           57 |     3 |            22
           57 |     4 |            17
           57 |     5 |            11
           57 |     6 |             9
           57 |     7 |             5
           57 |     8 |             6
           57 |     9 |             7
           57 |    10 |             9
           57 |    11 |            19
           57 |    12 |            17
           57 |    13 |            28
           57 |    14 |            35
           57 |    15 |            28
           57 |    16 |            34
           57 |    17 |            26
           57 |    18 |            28
           57 |    19 |             0
           57 |    20 |             0
----------------------------------
           58 |     0 |            91
           58 |     1 |            42
           58 |     2 |            26
           58 |     3 |            21
           58 |     4 |            15
           58 |     5 |            12
           58 |     6 |            10
           58 |     7 |            15
           58 |     8 |             9
           58 |     9 |            14
           58 |    10 |            14
           58 |    11 |            14
           58 |    12 |            18
           58 |    13 |            16
           58 |    14 |            11
           58 |    15 |            16
           58 |    16 |            21
           58 |    17 |            16
           58 |    18 |            25
           58 |    19 |             0
           58 |    20 |             0
----------------------------------
           59 |     0 |           139
           59 |     1 |            80
           59 |     2 |            55
           59 |     3 |            36
           59 |     4 |            26
           59 |     5 |            21
           59 |     6 |            22
           59 |     7 |            25
           59 |     8 |            23
           59 |     9 |            26
           59 |    10 |            22
           59 |    11 |            26
           59 |    12 |            24
           59 |    13 |            26
           59 |    14 |            26
           59 |    15 |            30
           59 |    16 |            30
           59 |    17 |            38
           59 |    18 |            33
           59 |    19 |             0
           59 |    20 |             0
----------------------------------
           60 |     0 |           127
           60 |     1 |            58
           60 |     2 |            47
           60 |     3 |            35
           60 |     4 |            28
           60 |     5 |            22
           60 |     6 |            16
           60 |     7 |            18
           60 |     8 |            13
           60 |     9 |            20
           60 |    10 |            17
           60 |    11 |            17
           60 |    12 |            17
           60 |    13 |            19
           60 |    14 |            21
           60 |    15 |            29
           60 |    16 |            30
           60 |    17 |            27
           60 |    18 |            39
           60 |    19 |             0
           60 |    20 |             0
----------------------------------
           61 |     0 |           121
           61 |     1 |            60
           61 |     2 |            42
           61 |     3 |            33
           61 |     4 |            25
           61 |     5 |            20
           61 |     6 |            27
           61 |     7 |            17
           61 |     8 |            26
           61 |     9 |            23
           61 |    10 |            27
           61 |    11 |            26
           61 |    12 |            22
           61 |    13 |            20
           61 |    14 |            31
           61 |    15 |            29
           61 |    16 |            20
           61 |    17 |            27
           61 |    18 |            14
           61 |    19 |             0
           61 |    20 |             0
----------------------------------
           62 |     0 |           146
           62 |     1 |            87
           62 |     2 |            71
           62 |     3 |            44
           62 |     4 |            32
           62 |     5 |            27
           62 |     6 |            29
           62 |     7 |            20
           62 |     8 |            24
           62 |     9 |            16
           62 |    10 |            22
           62 |    11 |            26
           62 |    12 |            19
           62 |    13 |            24
           62 |    14 |            23
           62 |    15 |            30
           62 |    16 |            37
           62 |    17 |            37
           62 |    18 |            30
           62 |    19 |             0
           62 |    20 |             0
----------------------------------
           63 |     0 |           188
           63 |     1 |           112
           63 |     2 |            98
           63 |     3 |            54
           63 |     4 |            54
           63 |     5 |            41
           63 |     6 |            29
           63 |     7 |            33
           63 |     8 |            41
           63 |     9 |            37
           63 |    10 |            29
           63 |    11 |            41
           63 |    12 |            42
           63 |    13 |            39
           63 |    14 |            45
           63 |    15 |            54
           63 |    16 |            41
           63 |    17 |            51
           63 |    18 |            42
           63 |    19 |             0
           63 |    20 |             0
----------------------------------
           64 |     0 |           195
           64 |     1 |           119
           64 |     2 |            83
           64 |     3 |            63
           64 |     4 |            51
           64 |     5 |            55
           64 |     6 |            27
           64 |     7 |            30
           64 |     8 |            27
           64 |     9 |            34
           64 |    10 |            47
           64 |    11 |            43
           64 |    12 |            35
           64 |    13 |            38
           64 |    14 |            37
           64 |    15 |            44
           64 |    16 |            62
           64 |    17 |            58
           64 |    18 |            40
           64 |    19 |             0
           64 |    20 |             0
----------------------------------
           65 |     0 |           282
           65 |     1 |           154
           65 |     2 |           102
           65 |     3 |            68
           65 |     4 |            37
           65 |     5 |            38
           65 |     6 |            33
           65 |     7 |            41
           65 |     8 |            35
           65 |     9 |            54
           65 |    10 |            69
           65 |    11 |            61
           65 |    12 |            81
           65 |    13 |            86
           65 |    14 |            68
           65 |    15 |            74
           65 |    16 |            89
           65 |    17 |            67
           65 |    18 |            56
           65 |    19 |             0
           65 |    20 |             0
----------------------------------
           66 |     0 |           276
           66 |     1 |           155
           66 |     2 |            98
           66 |     3 |            83
           66 |     4 |            78
           66 |     5 |            54
           66 |     6 |            51
           66 |     7 |            52
           66 |     8 |            43
           66 |     9 |            59
           66 |    10 |            59
           66 |    11 |            51
           66 |    12 |            57
           66 |    13 |            59
           66 |    14 |            71
           66 |    15 |            64
           66 |    16 |            81
           66 |    17 |            71
           66 |    18 |            56
           66 |    19 |             0
           66 |    20 |             0
----------------------------------
           67 |     0 |           128
           67 |     1 |            83
           67 |     2 |            49
           67 |     3 |            41
           67 |     4 |            34
           67 |     5 |            26
           67 |     6 |            13
           67 |     7 |            15
           67 |     8 |            20
           67 |     9 |            17
           67 |    10 |            19
           67 |    11 |            26
           67 |    12 |            31
           67 |    13 |            33
           67 |    14 |            40
           67 |    15 |            37
           67 |    16 |            42
           67 |    17 |            45
           67 |    18 |            38
           67 |    19 |             0
           67 |    20 |             0
----------------------------------
           68 |     0 |           159
           68 |     1 |            79
           68 |     2 |            59
           68 |     3 |            26
           68 |     4 |            23
           68 |     5 |            35
           68 |     6 |            33
           68 |     7 |            28
           68 |     8 |            28
           68 |     9 |            31
           68 |    10 |            32
           68 |    11 |            26
           68 |    12 |            40
           68 |    13 |            40
           68 |    14 |            42
           68 |    15 |            50
           68 |    16 |            67
           68 |    17 |            50
           68 |    18 |            36
           68 |    19 |             0
           68 |    20 |             0
----------------------------------
           69 |     0 |           204
           69 |     1 |           109
           69 |     2 |            61
           69 |     3 |            55
           69 |     4 |            43
           69 |     5 |            46
           69 |     6 |            37
           69 |     7 |            34
           69 |     8 |            32
           69 |     9 |            33
           69 |    10 |            45
           69 |    11 |            43
           69 |    12 |            34
           69 |    13 |            49
           69 |    14 |            58
           69 |    15 |            61
           69 |    16 |            60
           69 |    17 |            54
           69 |    18 |            46
           69 |    19 |             0
           69 |    20 |             0
----------------------------------
           70 |     0 |           202
           70 |     1 |           117
           70 |     2 |            91
           70 |     3 |            66
           70 |     4 |            48
           70 |     5 |            36
           70 |     6 |            31
           70 |     7 |            24
           70 |     8 |            35
           70 |     9 |            51
           70 |    10 |            45
           70 |    11 |            59
           70 |    12 |            50
           70 |    13 |            72
           70 |    14 |            62
           70 |    15 |            72
           70 |    16 |            74
           70 |    17 |            67
           70 |    18 |            58
           70 |    19 |             0
           70 |    20 |             0
----------------------------------
           71 |     0 |           174
           71 |     1 |            93
           71 |     2 |            79
           71 |     3 |            59
           71 |     4 |            45
           71 |     5 |            49
           71 |     6 |            50
           71 |     7 |            47
           71 |     8 |            48
           71 |     9 |            50
           71 |    10 |            50
           71 |    11 |            60
           71 |    12 |            59
           71 |    13 |            55
           71 |    14 |            51
           71 |    15 |            55
           71 |    16 |            49
           71 |    17 |            40
           71 |    18 |            23
           71 |    19 |             0
           71 |    20 |             0
----------------------------------
           72 |     0 |           220
           72 |     1 |           126
           72 |     2 |            82
           72 |     3 |            63
           72 |     4 |            45
           72 |     5 |            49
           72 |     6 |            50
           72 |     7 |            37
           72 |     8 |            36
           72 |     9 |            46
           72 |    10 |            50
           72 |    11 |            56
           72 |    12 |            68
           72 |    13 |            69
           72 |    14 |            74
           72 |    15 |            78
           72 |    16 |            83
           72 |    17 |            76
           72 |    18 |            60
           72 |    19 |             0
           72 |    20 |             0
----------------------------------
           73 |     0 |           166
           73 |     1 |            77
           73 |     2 |            57
           73 |     3 |            48
           73 |     4 |            46
           73 |     5 |            40
           73 |     6 |            38
           73 |     7 |            50
           73 |     8 |            42
           73 |     9 |            41
           73 |    10 |            54
           73 |    11 |            64
           73 |    12 |            56
           73 |    13 |            65
           73 |    14 |            65
           73 |    15 |            60
           73 |    16 |            45
           73 |    17 |            45
           73 |    18 |            36
           73 |    19 |             0
           73 |    20 |             0
----------------------------------
           74 |     0 |           348
           74 |     1 |           177
           74 |     2 |           136
           74 |     3 |           110
           74 |     4 |            92
           74 |     5 |            85
           74 |     6 |            88
           74 |     7 |            81
           74 |     8 |            90
           74 |     9 |            91
           74 |    10 |            97
           74 |    11 |           103
           74 |    12 |           106
           74 |    13 |           126
           74 |    14 |           123
           74 |    15 |           130
           74 |    16 |           116
           74 |    17 |           107
           74 |    18 |            88
           74 |    19 |             0
           74 |    20 |             0
----------------------------------
           75 |     0 |           202
           75 |     1 |           108
           75 |     2 |            75
           75 |     3 |            61
           75 |     4 |            53
           75 |     5 |            33
           75 |     6 |            42
           75 |     7 |            35
           75 |     8 |            37
           75 |     9 |            49
           75 |    10 |            55
           75 |    11 |            66
           75 |    12 |            66
           75 |    13 |            79
           75 |    14 |            74
           75 |    15 |            68
           75 |    16 |            74
           75 |    17 |            55
           75 |    18 |            43
           75 |    19 |             0
           75 |    20 |             0
----------------------------------
           76 |     0 |           268
           76 |     1 |           150
           76 |     2 |           113
           76 |     3 |            86
           76 |     4 |            60
           76 |     5 |            60
           76 |     6 |            64
           76 |     7 |            77
           76 |     8 |            59
           76 |     9 |            90
           76 |    10 |            81
           76 |    11 |            85
           76 |    12 |            92
           76 |    13 |            95
           76 |    14 |            82
           76 |    15 |            92
           76 |    16 |            93
           76 |    17 |            92
           76 |    18 |            85
           76 |    19 |             0
           76 |    20 |             0
----------------------------------
           77 |     0 |           232
           77 |     1 |            91
           77 |     2 |            79
           77 |     3 |            58
           77 |     4 |            48
           77 |     5 |            52
           77 |     6 |            54
           77 |     7 |            29
           77 |     8 |            51
           77 |     9 |            66
           77 |    10 |            64
           77 |    11 |            84
           77 |    12 |            83
           77 |    13 |            72
           77 |    14 |            77
           77 |    15 |            89
           77 |    16 |            85
           77 |    17 |            90
           77 |    18 |            59
           77 |    19 |             0
           77 |    20 |             0
----------------------------------
           78 |     0 |           212
           78 |     1 |           125
           78 |     2 |            91
           78 |     3 |            54
           78 |     4 |            79
           78 |     5 |            57
           78 |     6 |            50
           78 |     7 |            50
           78 |     8 |            73
           78 |     9 |            60
           78 |    10 |            68
           78 |    11 |            73
           78 |    12 |            75
           78 |    13 |            91
           78 |    14 |            68
           78 |    15 |            67
           78 |    16 |            59
           78 |    17 |            68
           78 |    18 |            62
           78 |    19 |             0
           78 |    20 |             0
----------------------------------
           79 |     0 |           192
           79 |     1 |           105
           79 |     2 |            77
           79 |     3 |            67
           79 |     4 |            49
           79 |     5 |            54
           79 |     6 |            52
           79 |     7 |            64
           79 |     8 |            83
           79 |     9 |            65
           79 |    10 |            73
           79 |    11 |            63
           79 |    12 |            70
           79 |    13 |            85
           79 |    14 |            78
           79 |    15 |            83
           79 |    16 |            62
           79 |    17 |            45
           79 |    18 |            55
           79 |    19 |             0
           79 |    20 |             0
----------------------------------
           80 |     0 |           328
           80 |     1 |           156
           80 |     2 |           114
           80 |     3 |            88
           80 |     4 |            82
           80 |     5 |            75
           80 |     6 |            70
           80 |     7 |            93
           80 |     8 |           104
           80 |     9 |           107
           80 |    10 |           125
           80 |    11 |           135
           80 |    12 |           148
           80 |    13 |           132
           80 |    14 |           136
           80 |    15 |           112
           80 |    16 |           123
           80 |    17 |           103
           80 |    18 |            89
           80 |    19 |             0
           80 |    20 |             0
----------------------------------
           81 |     0 |           250
           81 |     1 |           133
           81 |     2 |           107
           81 |     3 |            79
           81 |     4 |            89
           81 |     5 |            70
           81 |     6 |            65
           81 |     7 |            63
           81 |     8 |            96
           81 |     9 |            81
           81 |    10 |           109
           81 |    11 |           132
           81 |    12 |           127
           81 |    13 |           113
           81 |    14 |           102
           81 |    15 |            68
           81 |    16 |            70
           81 |    17 |            61
           81 |    18 |            48
           81 |    19 |             0
           81 |    20 |             0
----------------------------------
           82 |     0 |           250
           82 |     1 |           153
           82 |     2 |           100
           82 |     3 |            75
           82 |     4 |            58
           82 |     5 |            57
           82 |     6 |            63
           82 |     7 |            66
           82 |     8 |            75
           82 |     9 |            86
           82 |    10 |            87
           82 |    11 |           128
           82 |    12 |           134
           82 |    13 |           133
           82 |    14 |           116
           82 |    15 |           108
           82 |    16 |            99
           82 |    17 |            92
           82 |    18 |            88
           82 |    19 |             0
           82 |    20 |             0
----------------------------------
           83 |     0 |           280
           83 |     1 |           142
           83 |     2 |            88
           83 |     3 |            75
           83 |     4 |            45
           83 |     5 |            54
           83 |     6 |            63
           83 |     7 |            55
           83 |     8 |            76
           83 |     9 |            86
           83 |    10 |            81
           83 |    11 |           100
           83 |    12 |           106
           83 |    13 |           135
           83 |    14 |           119
           83 |    15 |           129
           83 |    16 |           103
           83 |    17 |           137
           83 |    18 |           118
           83 |    19 |             0
           83 |    20 |             0
----------------------------------
           84 |     0 |           288
           84 |     1 |           180
           84 |     2 |           139
           84 |     3 |           107
           84 |     4 |            89
           84 |     5 |            83
           84 |     6 |           102
           84 |     7 |           101
           84 |     8 |           104
           84 |     9 |           120
           84 |    10 |           111
           84 |    11 |           139
           84 |    12 |           130
           84 |    13 |           127
           84 |    14 |           124
           84 |    15 |           121
           84 |    16 |           110
           84 |    17 |           101
           84 |    18 |            76
           84 |    19 |             0
           84 |    20 |             0
----------------------------------
           85 |     0 |           263
           85 |     1 |           162
           85 |     2 |           127
           85 |     3 |            88
           85 |     4 |            99
           85 |     5 |            98
           85 |     6 |            92
           85 |     7 |            81
           85 |     8 |            99
           85 |     9 |            94
           85 |    10 |           103
           85 |    11 |           106
           85 |    12 |           105
           85 |    13 |           130
           85 |    14 |           109
           85 |    15 |           132
           85 |    16 |           128
           85 |    17 |           114
           85 |    18 |            80
           85 |    19 |             0
           85 |    20 |             0
----------------------------------
           86 |     0 |           263
           86 |     1 |           141
           86 |     2 |           102
           86 |     3 |            88
           86 |     4 |            82
           86 |     5 |            78
           86 |     6 |            90
           86 |     7 |            86
           86 |     8 |           109
           86 |     9 |            87
           86 |    10 |           107
           86 |    11 |           101
           86 |    12 |           139
           86 |    13 |           116
           86 |    14 |           130
           86 |    15 |            98
           86 |    16 |            95
           86 |    17 |            91
           86 |    18 |            61
           86 |    19 |             0
           86 |    20 |             0
----------------------------------
           87 |     0 |           275
           87 |     1 |           157
           87 |     2 |           119
           87 |     3 |            92
           87 |     4 |            79
           87 |     5 |            61
           87 |     6 |            80
           87 |     7 |            76
           87 |     8 |            84
           87 |     9 |           111
           87 |    10 |           114
           87 |    11 |           127
           87 |    12 |           133
           87 |    13 |           132
           87 |    14 |           122
           87 |    15 |           124
           87 |    16 |           123
           87 |    17 |            99
           87 |    18 |            67
           87 |    19 |             0
           87 |    20 |             0
----------------------------------
           88 |     0 |           246
           88 |     1 |           121
           88 |     2 |            66
           88 |     3 |            69
           88 |     4 |            58
           88 |     5 |            83
           88 |     6 |            80
           88 |     7 |            70
           88 |     8 |            74
           88 |     9 |            98
           88 |    10 |           107
           88 |    11 |           128
           88 |    12 |           121
           88 |    13 |           116
           88 |    14 |            94
           88 |    15 |            84
           88 |    16 |            97
           88 |    17 |            74
           88 |    18 |            62
           88 |    19 |             0
           88 |    20 |             0
----------------------------------
           89 |     0 |           250
           89 |     1 |           135
           89 |     2 |            90
           89 |     3 |            86
           89 |     4 |            64
           89 |     5 |            71
           89 |     6 |            97
           89 |     7 |            82
           89 |     8 |           105
           89 |     9 |            94
           89 |    10 |           117
           89 |    11 |           114
           89 |    12 |           124
           89 |    13 |           131
           89 |    14 |           114
           89 |    15 |           120
           89 |    16 |           102
           89 |    17 |            83
           89 |    18 |            68
           89 |    19 |             0
           89 |    20 |             0
----------------------------------
           90 |     0 |           177
           90 |     1 |           103
           90 |     2 |            75
           90 |     3 |            64
           90 |     4 |            61
           90 |     5 |            53
           90 |     6 |            63
           90 |     7 |            40
           90 |     8 |            54
           90 |     9 |            78
           90 |    10 |            87
           90 |    11 |            75
           90 |    12 |            96
           90 |    13 |            92
           90 |    14 |            98
           90 |    15 |           102
           90 |    16 |            80
           90 |    17 |            75
           90 |    18 |            57
           90 |    19 |             0
           90 |    20 |             0
----------------------------------
           91 |     0 |           187
           91 |     1 |            99
           91 |     2 |            75
           91 |     3 |            73
           91 |     4 |            51
           91 |     5 |            60
           91 |     6 |            62
           91 |     7 |            78
           91 |     8 |            71
           91 |     9 |            80
           91 |    10 |            81
           91 |    11 |            72
           91 |    12 |            79
           91 |    13 |            86
           91 |    14 |            68
           91 |    15 |           104
           91 |    16 |            88
           91 |    17 |            79
           91 |    18 |            54
           91 |    19 |             0
           91 |    20 |             0
----------------------------------
           92 |     0 |           272
           92 |     1 |           139
           92 |     2 |           104
           92 |     3 |            79
           92 |     4 |            90
           92 |     5 |            87
           92 |     6 |           108
           92 |     7 |           105
           92 |     8 |           112
           92 |     9 |           105
           92 |    10 |           129
           92 |    11 |           136
           92 |    12 |           154
           92 |    13 |           132
           92 |    14 |           134
           92 |    15 |           117
           92 |    16 |           122
           92 |    17 |           101
           92 |    18 |            74
           92 |    19 |             0
           92 |    20 |             0
----------------------------------
           93 |     0 |           175
           93 |     1 |           105
           93 |     2 |            75
           93 |     3 |            72
           93 |     4 |            57
           93 |     5 |            58
           93 |     6 |            64
           93 |     7 |            67
           93 |     8 |            77
           93 |     9 |            85
           93 |    10 |            84
           93 |    11 |           105
           93 |    12 |           106
           93 |    13 |           106
           93 |    14 |            87
           93 |    15 |            85
           93 |    16 |            75
           93 |    17 |            56
           93 |    18 |            42
           93 |    19 |             0
           93 |    20 |             0
----------------------------------
           94 |     0 |           130
           94 |     1 |            72
           94 |     2 |            61
           94 |     3 |            50
           94 |     4 |            57
           94 |     5 |            47
           94 |     6 |            53
           94 |     7 |            47
           94 |     8 |            77
           94 |     9 |            79
           94 |    10 |            77
           94 |    11 |            82
           94 |    12 |            88
           94 |    13 |            99
           94 |    14 |            80
           94 |    15 |            63
           94 |    16 |            65
           94 |    17 |            56
           94 |    18 |            33
           94 |    19 |             0
           94 |    20 |             0
----------------------------------
           95 |     0 |           153
           95 |     1 |            80
           95 |     2 |            60
           95 |     3 |            55
           95 |     4 |            64
           95 |     5 |            54
           95 |     6 |            64
           95 |     7 |            60
           95 |     8 |            75
           95 |     9 |            81
           95 |    10 |            82
           95 |    11 |           104
           95 |    12 |            96
           95 |    13 |            79
           95 |    14 |            78
           95 |    15 |            83
           95 |    16 |            66
           95 |    17 |            52
           95 |    18 |            39
           95 |    19 |             0
           95 |    20 |             0
----------------------------------
           96 |     0 |           200
           96 |     1 |           101
           96 |     2 |            68
           96 |     3 |            56
           96 |     4 |            65
           96 |     5 |            58
           96 |     6 |            64
           96 |     7 |            64
           96 |     8 |            82
           96 |     9 |            93
           96 |    10 |            94
           96 |    11 |            85
           96 |    12 |            93
           96 |    13 |            94
           96 |    14 |            93
           96 |    15 |            97
           96 |    16 |            95
           96 |    17 |            80
           96 |    18 |            50
           96 |    19 |             0
           96 |    20 |             0
----------------------------------
           97 |     0 |           207
           97 |     1 |           106
           97 |     2 |            69
           97 |     3 |            50
           97 |     4 |            51
           97 |     5 |            60
           97 |     6 |            89
           97 |     7 |           102
           97 |     8 |           116
           97 |     9 |           121
           97 |    10 |           107
           97 |    11 |           108
           97 |    12 |           114
           97 |    13 |           106
           97 |    14 |            94
           97 |    15 |            97
           97 |    16 |            95
           97 |    17 |            92
           97 |    18 |            59
           97 |    19 |             0
           97 |    20 |             0
----------------------------------
           98 |     0 |           166
           98 |     1 |            91
           98 |     2 |            73
           98 |     3 |            52
           98 |     4 |            34
           98 |     5 |            50
           98 |     6 |            58
           98 |     7 |            49
           98 |     8 |            81
           98 |     9 |            92
           98 |    10 |            90
           98 |    11 |           101
           98 |    12 |           103
           98 |    13 |           109
           98 |    14 |            93
           98 |    15 |            76
           98 |    16 |            59
           98 |    17 |            54
           98 |    18 |            39
           98 |    19 |             0
           98 |    20 |             0
----------------------------------
           99 |     0 |           117
           99 |     1 |            62
           99 |     2 |            57
           99 |     3 |            36
           99 |     4 |            36
           99 |     5 |            37
           99 |     6 |            46
           99 |     7 |            57
           99 |     8 |            53
           99 |     9 |            61
           99 |    10 |            65
           99 |    11 |            63
           99 |    12 |            65
           99 |    13 |            61
           99 |    14 |            59
           99 |    15 |            61
           99 |    16 |            57
           99 |    17 |            51
           99 |    18 |            45
           99 |    19 |             0
           99 |    20 |             0
----------------------------------
          100 |     0 |           121
          100 |     1 |            69
          100 |     2 |            48
          100 |     3 |            41
          100 |     4 |            27
          100 |     5 |            48
          100 |     6 |            45
          100 |     7 |            47
          100 |     8 |            67
          100 |     9 |            67
          100 |    10 |            77
          100 |    11 |            72
          100 |    12 |            71
          100 |    13 |            78
          100 |    14 |            82
          100 |    15 |            81
          100 |    16 |            64
          100 |    17 |            57
          100 |    18 |            38
          100 |    19 |             0
          100 |    20 |             0
----------------------------------
          101 |     0 |           165
          101 |     1 |            90
          101 |     2 |            67
          101 |     3 |            54
          101 |     4 |            34
          101 |     5 |            37
          101 |     6 |            52
          101 |     7 |            53
          101 |     8 |            76
          101 |     9 |            93
          101 |    10 |           106
          101 |    11 |           109
          101 |    12 |           105
          101 |    13 |           102
          101 |    14 |            88
          101 |    15 |            79
          101 |    16 |            84
          101 |    17 |            83
          101 |    18 |            38
          101 |    19 |             0
          101 |    20 |             0
----------------------------------
          102 |     0 |           136
          102 |     1 |            74
          102 |     2 |            53
          102 |     3 |            26
          102 |     4 |            25
          102 |     5 |            24
          102 |     6 |            44
          102 |     7 |            64
          102 |     8 |            59
          102 |     9 |            73
          102 |    10 |            86
          102 |    11 |            85
          102 |    12 |           103
          102 |    13 |            75
          102 |    14 |            62
          102 |    15 |            67
          102 |    16 |            63
          102 |    17 |            62
          102 |    18 |            43
          102 |    19 |             0
          102 |    20 |             0
----------------------------------
          103 |     0 |           131
          103 |     1 |            65
          103 |     2 |            47
          103 |     3 |            43
          103 |     4 |            49
          103 |     5 |            53
          103 |     6 |            54
          103 |     7 |            61
          103 |     8 |            60
          103 |     9 |            66
          103 |    10 |            74
          103 |    11 |            89
          103 |    12 |            75
          103 |    13 |            97
          103 |    14 |            76
          103 |    15 |            63
          103 |    16 |            53
          103 |    17 |            45
          103 |    18 |            35
          103 |    19 |             0
          103 |    20 |             0
----------------------------------
          104 |     0 |            62
          104 |     1 |            30
          104 |     2 |            35
          104 |     3 |            26
          104 |     4 |            21
          104 |     5 |            30
          104 |     6 |            27
          104 |     7 |            24
          104 |     8 |            30
          104 |     9 |            33
          104 |    10 |            34
          104 |    11 |            40
          104 |    12 |            48
          104 |    13 |            40
          104 |    14 |            39
          104 |    15 |            47
          104 |    16 |            27
          104 |    17 |            24
          104 |    18 |             7
          104 |    19 |             0
          104 |    20 |             0
----------------------------------
          105 |     0 |            98
          105 |     1 |            52
          105 |     2 |            28
          105 |     3 |            26
          105 |     4 |            20
          105 |     5 |            35
          105 |     6 |            45
          105 |     7 |            36
          105 |     8 |            41
          105 |     9 |            68
          105 |    10 |            90
          105 |    11 |            73
          105 |    12 |            79
          105 |    13 |            58
          105 |    14 |            44
          105 |    15 |            42
          105 |    16 |            40
          105 |    17 |            40
          105 |    18 |            30
          105 |    19 |             0
          105 |    20 |             0
----------------------------------
          106 |     0 |            64
          106 |     1 |            37
          106 |     2 |            33
          106 |     3 |            29
          106 |     4 |            29
          106 |     5 |            39
          106 |     6 |            38
          106 |     7 |            39
          106 |     8 |            41
          106 |     9 |            53
          106 |    10 |            70
          106 |    11 |            54
          106 |    12 |            36
          106 |    13 |            42
          106 |    14 |            39
          106 |    15 |            35
          106 |    16 |            21
          106 |    17 |            24
          106 |    18 |            19
          106 |    19 |             0
          106 |    20 |             0
----------------------------------
          107 |     0 |            94
          107 |     1 |            62
          107 |     2 |            35
          107 |     3 |            23
          107 |     4 |            31
          107 |     5 |            20
          107 |     6 |            33
          107 |     7 |            36
          107 |     8 |            43
          107 |     9 |            58
          107 |    10 |            68
          107 |    11 |            66
          107 |    12 |            60
          107 |    13 |            68
          107 |    14 |            66
          107 |    15 |            54
          107 |    16 |            63
          107 |    17 |            54
          107 |    18 |            29
          107 |    19 |             0
          107 |    20 |             0
----------------------------------
          108 |     0 |            63
          108 |     1 |            39
          108 |     2 |            19
          108 |     3 |            21
          108 |     4 |            25
          108 |     5 |            19
          108 |     6 |            26
          108 |     7 |            25
          108 |     8 |            39
          108 |     9 |            42
          108 |    10 |            41
          108 |    11 |            45
          108 |    12 |            38
          108 |    13 |            40
          108 |    14 |            34
          108 |    15 |            39
          108 |    16 |            40
          108 |    17 |            35
          108 |    18 |            18
          108 |    19 |             0
          108 |    20 |             0
----------------------------------
          109 |     0 |            73
          109 |     1 |            46
          109 |     2 |            33
          109 |     3 |            16
          109 |     4 |            20
          109 |     5 |            25
          109 |     6 |            34
          109 |     7 |            43
          109 |     8 |            50
          109 |     9 |            59
          109 |    10 |            62
          109 |    11 |            50
          109 |    12 |            45
          109 |    13 |            42
          109 |    14 |            47
          109 |    15 |            36
          109 |    16 |            33
          109 |    17 |            28
          109 |    18 |            21
          109 |    19 |             0
          109 |    20 |             0
----------------------------------
          110 |     0 |            58
          110 |     1 |            24
          110 |     2 |            17
          110 |     3 |            23
          110 |     4 |            30
          110 |     5 |            36
          110 |     6 |            29
          110 |     7 |            28
          110 |     8 |            38
          110 |     9 |            39
          110 |    10 |            46
          110 |    11 |            48
          110 |    12 |            40
          110 |    13 |            36
          110 |    14 |            35
          110 |    15 |            39
          110 |    16 |            42
          110 |    17 |            35
          110 |    18 |            17
          110 |    19 |             0
          110 |    20 |             0
----------------------------------
          111 |     0 |           100
          111 |     1 |            56
          111 |     2 |            43
          111 |     3 |            37
          111 |     4 |            28
          111 |     5 |            35
          111 |     6 |            39
          111 |     7 |            44
          111 |     8 |            47
          111 |     9 |            52
          111 |    10 |            69
          111 |    11 |            82
          111 |    12 |            81
          111 |    13 |           102
          111 |    14 |            67
          111 |    15 |            70
          111 |    16 |            62
          111 |    17 |            62
          111 |    18 |            34
          111 |    19 |             0
          111 |    20 |             0
----------------------------------
          112 |     0 |            54
          112 |     1 |            28
          112 |     2 |            26
          112 |     3 |            19
          112 |     4 |            17
          112 |     5 |            19
          112 |     6 |            19
          112 |     7 |            17
          112 |     8 |            21
          112 |     9 |            28
          112 |    10 |            32
          112 |    11 |            33
          112 |    12 |            35
          112 |    13 |            46
          112 |    14 |            39
          112 |    15 |            36
          112 |    16 |            36
          112 |    17 |            32
          112 |    18 |            23
          112 |    19 |             0
          112 |    20 |             0
----------------------------------
          113 |     0 |            55
          113 |     1 |            26
          113 |     2 |            25
          113 |     3 |            17
          113 |     4 |            10
          113 |     5 |            23
          113 |     6 |            26
          113 |     7 |            24
          113 |     8 |            32
          113 |     9 |            25
          113 |    10 |            32
          113 |    11 |            38
          113 |    12 |            48
          113 |    13 |            46
          113 |    14 |            41
          113 |    15 |            39
          113 |    16 |            31
          113 |    17 |            19
          113 |    18 |             8
          113 |    19 |             0
          113 |    20 |             0
----------------------------------
          114 |     0 |            24
          114 |     1 |             7
          114 |     2 |             7
          114 |     3 |             5
          114 |     4 |             6
          114 |     5 |             3
          114 |     6 |             6
          114 |     7 |             5
          114 |     8 |             7
          114 |     9 |             6
          114 |    10 |            13
          114 |    11 |            21
          114 |    12 |            19
          114 |    13 |            24
          114 |    14 |            31
          114 |    15 |            10
          114 |    16 |             9
          114 |    17 |            19
          114 |    18 |             6
          114 |    19 |             0
          114 |    20 |             0
----------------------------------
          115 |     0 |            29
          115 |     1 |            18
          115 |     2 |             8
          115 |     3 |             4
          115 |     4 |             8
          115 |     5 |             9
          115 |     6 |            16
          115 |     7 |            21
          115 |     8 |            25
          115 |     9 |            22
          115 |    10 |            26
          115 |    11 |            39
          115 |    12 |            34
          115 |    13 |            19
          115 |    14 |            16
          115 |    15 |            18
          115 |    16 |            18
          115 |    17 |             9
          115 |    18 |             6
          115 |    19 |             0
          115 |    20 |             0
----------------------------------
          116 |     0 |            22
          116 |     1 |            16
          116 |     2 |            14
          116 |     3 |            14
          116 |     4 |            17
          116 |     5 |            16
          116 |     6 |            10
          116 |     7 |            17
          116 |     8 |            17
          116 |     9 |            16
          116 |    10 |            19
          116 |    11 |            23
          116 |    12 |            26
          116 |    13 |            30
          116 |    14 |            29
          116 |    15 |            14
          116 |    16 |            22
          116 |    17 |            17
          116 |    18 |             9
          116 |    19 |             0
          116 |    20 |             0
----------------------------------
          117 |     0 |            30
          117 |     1 |            12
          117 |     2 |             9
          117 |     3 |            11
          117 |     4 |            18
          117 |     5 |            21
          117 |     6 |            18
          117 |     7 |            18
          117 |     8 |            25
          117 |     9 |            21
          117 |    10 |            14
          117 |    11 |            28
          117 |    12 |            23
          117 |    13 |            18
          117 |    14 |            24
          117 |    15 |            20
          117 |    16 |            16
          117 |    17 |            17
          117 |    18 |             8
          117 |    19 |             0
          117 |    20 |             0
----------------------------------
          118 |     0 |            23
          118 |     1 |            12
          118 |     2 |             6
          118 |     3 |            10
          118 |     4 |            14
          118 |     5 |             8
          118 |     6 |             8
          118 |     7 |             7
          118 |     8 |            10
          118 |     9 |            11
          118 |    10 |            11
          118 |    11 |            18
          118 |    12 |            15
          118 |    13 |            18
          118 |    14 |            13
          118 |    15 |            13
          118 |    16 |            18
          118 |    17 |            14
          118 |    18 |             7
          118 |    19 |             0
          118 |    20 |             0
----------------------------------
          119 |     0 |             7
          119 |     1 |             5
          119 |     2 |             6
          119 |     3 |             3
          119 |     4 |             5
          119 |     5 |             1
          119 |     6 |             7
          119 |     7 |             5
          119 |     8 |            11
          119 |     9 |             6
          119 |    10 |             6
          119 |    11 |             6
          119 |    12 |             9
          119 |    13 |             6
          119 |    14 |             8
          119 |    15 |            11
          119 |    16 |             6
          119 |    17 |             5
          119 |    18 |             6
          119 |    19 |             0
          119 |    20 |             0
----------------------------------
          120 |     0 |            25
          120 |     1 |            19
          120 |     2 |            13
          120 |     3 |             9
          120 |     4 |            11
          120 |     5 |            12
          120 |     6 |            20
          120 |     7 |            25
          120 |     8 |            19
          120 |     9 |            25
          120 |    10 |            23
          120 |    11 |            29
          120 |    12 |            30
          120 |    13 |            24
          120 |    14 |            24
          120 |    15 |            21
          120 |    16 |            10
          120 |    17 |            13
          120 |    18 |             8
          120 |    19 |             0
          120 |    20 |             0
----------------------------------
          121 |     0 |            21
          121 |     1 |            12
          121 |     2 |             8
          121 |     3 |             7
          121 |     4 |             6
          121 |     5 |             9
          121 |     6 |            11
          121 |     7 |            12
          121 |     8 |            18
          121 |     9 |            17
          121 |    10 |            16
          121 |    11 |            15
          121 |    12 |            18
          121 |    13 |            19
          121 |    14 |            16
          121 |    15 |            17
          121 |    16 |             9
          121 |    17 |             7
          121 |    18 |             4
          121 |    19 |             0
          121 |    20 |             0
----------------------------------
          122 |     0 |             5
          122 |     1 |             5
          122 |     2 |             6
          122 |     3 |             8
          122 |     4 |            11
          122 |     5 |             6
          122 |     6 |             7
          122 |     7 |            11
          122 |     8 |             3
          122 |     9 |             8
          122 |    10 |             7
          122 |    11 |             9
          122 |    12 |             9
          122 |    13 |             5
          122 |    14 |             7
          122 |    15 |             5
          122 |    16 |             6
          122 |    17 |             4
          122 |    18 |             0
          122 |    19 |             0
          122 |    20 |             0
----------------------------------
          123 |     0 |             9
          123 |     1 |             8
          123 |     2 |             6
          123 |     3 |             5
          123 |     4 |             4
          123 |     5 |             4
          123 |     6 |             0
          123 |     7 |             5
          123 |     8 |            11
          123 |     9 |             9
          123 |    10 |             8
          123 |    11 |            11
          123 |    12 |             6
          123 |    13 |             9
          123 |    14 |            10
          123 |    15 |             4
          123 |    16 |             3
          123 |    17 |             6
          123 |    18 |             5
          123 |    19 |             0
          123 |    20 |             0
----------------------------------
          124 |     0 |            18
          124 |     1 |            12
          124 |     2 |             8
          124 |     3 |             3
          124 |     4 |            12
          124 |     5 |            10
          124 |     6 |            10
          124 |     7 |            15
          124 |     8 |            15
          124 |     9 |            12
          124 |    10 |            14
          124 |    11 |            18
          124 |    12 |            16
          124 |    13 |            15
          124 |    14 |            10
          124 |    15 |            18
          124 |    16 |            20
          124 |    17 |            15
          124 |    18 |             7
          124 |    19 |             0
          124 |    20 |             0
----------------------------------
          125 |     0 |             9
          125 |     1 |             3
          125 |     2 |             3
          125 |     3 |             3
          125 |     4 |             0
          125 |     5 |             5
          125 |     6 |             3
          125 |     7 |             5
          125 |     8 |             4
          125 |     9 |            12
          125 |    10 |            10
          125 |    11 |            10
          125 |    12 |             6
          125 |    13 |            17
          125 |    14 |            12
          125 |    15 |             9
          125 |    16 |             8
          125 |    17 |             5
          125 |    18 |             1
          125 |    19 |             0
          125 |    20 |             0
----------------------------------
----------------------------------
          127 |     0 |            10
          127 |     1 |             6
          127 |     2 |             2
          127 |     3 |             3
          127 |     4 |             5
          127 |     5 |             4
          127 |     6 |             4
          127 |     7 |             8
          127 |     8 |             4
          127 |     9 |            13
          127 |    10 |            12
          127 |    11 |            13
          127 |    12 |            10
          127 |    13 |             8
          127 |    14 |             5
          127 |    15 |             4
          127 |    16 |             8
          127 |    17 |             6
          127 |    18 |             2
          127 |    19 |             0
          127 |    20 |             0
----------------------------------
          128 |     0 |            10
          128 |     1 |             4
          128 |     2 |             4
          128 |     3 |            10
          128 |     4 |            11
          128 |     5 |             6
          128 |     6 |             2
          128 |     7 |             6
          128 |     8 |             5
          128 |     9 |             2
          128 |    10 |             6
          128 |    11 |            13
          128 |    12 |             9
          128 |    13 |             6
          128 |    14 |             5
          128 |    15 |             9
          128 |    16 |            10
          128 |    17 |             7
          128 |    18 |             3
          128 |    19 |             0
          128 |    20 |             0
----------------------------------
----------------------------------
----------------------------------
          131 |     0 |            19
          131 |     1 |            12
          131 |     2 |             6
          131 |     3 |             8
          131 |     4 |            10
          131 |     5 |            11
          131 |     6 |            11
          131 |     7 |            11
          131 |     8 |            10
          131 |     9 |            17
          131 |    10 |            21
          131 |    11 |            24
          131 |    12 |            22
          131 |    13 |            20
          131 |    14 |            17
          131 |    15 |            15
          131 |    16 |            12
          131 |    17 |             9
          131 |    18 |             7
          131 |    19 |             0
          131 |    20 |             0
----------------------------------
----------------------------------
----------------------------------
----------------------------------
----------------------------------
----------------------------------
----------------------------------
----------------------------------
----------------------------------
----------------------------------
----------------------------------
----------------------------------
----------------------------------
----------------------------------
----------------------------------
----------------------------------
----------------------------------
----------------------------------
----------------------------------
----------------------------------
----------------------------------
----------------------------------
----------------------------------
----------------------------------
----------------------------------
----------------------------------
----------------------------------
----------------------------------
----------------------------------
----------------------------------
----------------------------------
----------------------------------
----------------------------------
----------------------------------
----------------------------------
----------------------------------
----------------------------------
----------------------------------
----------------------------------
----------------------------------
----------------------------------
----------------------------------
----------------------------------
----------------------------------
----------------------------------
----------------------------------
----------------------------------
----------------------------------
----------------------------------
----------------------------------
----------------------------------
----------------------------------
----------------------------------
----------------------------------
----------------------------------
----------------------------------
----------------------------------
----------------------------------
----------------------------------
----------------------------------
