MinCut number | SSize | Number of cuts
----------------------------------
----------------------------------
----------------------------------
----------------------------------
----------------------------------
----------------------------------
----------------------------------
----------------------------------
----------------------------------
----------------------------------
----------------------------------
----------------------------------
----------------------------------
----------------------------------
----------------------------------
----------------------------------
----------------------------------
----------------------------------
----------------------------------
----------------------------------
----------------------------------
           40 |     1 |            14
           40 |     2 |             5
           40 |     3 |             1
           40 |     4 |             3
           40 |     5 |             3
           40 |     6 |             2
           40 |     7 |             1
           40 |     8 |             1
           40 |     9 |             1
           40 |    10 |             0
           40 |    11 |             0
           40 |    12 |             1
           40 |    13 |             0
           40 |    14 |             0
           40 |    15 |             0
           40 |    16 |             1
           40 |    17 |             3
           40 |    18 |             2
           40 |    19 |             2
----------------------------------
           41 |     1 |            15
           41 |     2 |             7
           41 |     3 |             3
           41 |     4 |             2
           41 |     5 |             0
           41 |     6 |             2
           41 |     7 |             0
           41 |     8 |             1
           41 |     9 |             1
           41 |    10 |             1
           41 |    11 |             1
           41 |    12 |             0
           41 |    13 |             2
           41 |    14 |             1
           41 |    15 |             0
           41 |    16 |             1
           41 |    17 |             0
           41 |    18 |             2
           41 |    19 |             2
----------------------------------
----------------------------------
----------------------------------
----------------------------------
----------------------------------
           46 |     1 |            13
           46 |     2 |             6
           46 |     3 |             6
           46 |     4 |             4
           46 |     5 |             4
           46 |     6 |             0
           46 |     7 |             1
           46 |     8 |             2
           46 |     9 |             2
           46 |    10 |             0
           46 |    11 |             0
           46 |    12 |             0
           46 |    13 |             0
           46 |    14 |             2
           46 |    15 |             2
           46 |    16 |             1
           46 |    17 |             0
           46 |    18 |             1
           46 |    19 |             2
----------------------------------
           47 |     1 |            34
           47 |     2 |            10
           47 |     3 |             8
           47 |     4 |             4
           47 |     5 |             5
           47 |     6 |             1
           47 |     7 |             3
           47 |     8 |             4
           47 |     9 |             5
           47 |    10 |             1
           47 |    11 |             1
           47 |    12 |             0
           47 |    13 |             3
           47 |    14 |             1
           47 |    15 |             4
           47 |    16 |             2
           47 |    17 |             2
           47 |    18 |             1
           47 |    19 |             5
----------------------------------
           48 |     1 |           103
           48 |     2 |            59
           48 |     3 |            38
           48 |     4 |            23
           48 |     5 |            10
           48 |     6 |            13
           48 |     7 |            13
           48 |     8 |             9
           48 |     9 |             8
           48 |    10 |             9
           48 |    11 |             8
           48 |    12 |             8
           48 |    13 |            18
           48 |    14 |            12
           48 |    15 |            11
           48 |    16 |             7
           48 |    17 |             8
           48 |    18 |            10
           48 |    19 |            17
----------------------------------
           49 |     1 |            75
           49 |     2 |            45
           49 |     3 |            24
           49 |     4 |            16
           49 |     5 |            12
           49 |     6 |            13
           49 |     7 |             9
           49 |     8 |            13
           49 |     9 |            13
           49 |    10 |             6
           49 |    11 |            10
           49 |    12 |             7
           49 |    13 |             5
           49 |    14 |             6
           49 |    15 |             6
           49 |    16 |             7
           49 |    17 |             4
           49 |    18 |            10
           49 |    19 |            13
----------------------------------
           50 |     1 |           160
           50 |     2 |            88
           50 |     3 |            48
           50 |     4 |            30
           50 |     5 |            30
           50 |     6 |            36
           50 |     7 |            19
           50 |     8 |            16
           50 |     9 |            15
           50 |    10 |            22
           50 |    11 |            17
           50 |    12 |            16
           50 |    13 |             7
           50 |    14 |            10
           50 |    15 |             8
           50 |    16 |            14
           50 |    17 |            21
           50 |    18 |            17
           50 |    19 |            26
----------------------------------
           51 |     1 |           162
           51 |     2 |            73
           51 |     3 |            64
           51 |     4 |            42
           51 |     5 |            30
           51 |     6 |            27
           51 |     7 |            24
           51 |     8 |             9
           51 |     9 |            19
           51 |    10 |            13
           51 |    11 |            19
           51 |    12 |            25
           51 |    13 |            13
           51 |    14 |            16
           51 |    15 |            14
           51 |    16 |             8
           51 |    17 |            16
           51 |    18 |            14
           51 |    19 |            24
----------------------------------
           52 |     1 |           193
           52 |     2 |            93
           52 |     3 |            55
           52 |     4 |            36
           52 |     5 |            33
           52 |     6 |            26
           52 |     7 |            30
           52 |     8 |            18
           52 |     9 |            21
           52 |    10 |            17
           52 |    11 |            14
           52 |    12 |            13
           52 |    13 |            18
           52 |    14 |            14
           52 |    15 |            19
           52 |    16 |            11
           52 |    17 |            20
           52 |    18 |            15
           52 |    19 |            30
----------------------------------
           53 |     1 |           101
           53 |     2 |            51
           53 |     3 |            28
           53 |     4 |            25
           53 |     5 |            20
           53 |     6 |            16
           53 |     7 |            11
           53 |     8 |            12
           53 |     9 |            17
           53 |    10 |            10
           53 |    11 |             8
           53 |    12 |             9
           53 |    13 |             9
           53 |    14 |            13
           53 |    15 |            10
           53 |    16 |             9
           53 |    17 |             3
           53 |    18 |            11
           53 |    19 |             8
----------------------------------
           54 |     1 |           211
           54 |     2 |           101
           54 |     3 |            74
           54 |     4 |            52
           54 |     5 |            33
           54 |     6 |            24
           54 |     7 |            26
           54 |     8 |            22
           54 |     9 |            26
           54 |    10 |            19
           54 |    11 |            19
           54 |    12 |            22
           54 |    13 |             9
           54 |    14 |            15
           54 |    15 |            12
           54 |    16 |            19
           54 |    17 |            18
           54 |    18 |            20
           54 |    19 |            34
----------------------------------
           55 |     1 |           268
           55 |     2 |           130
           55 |     3 |            84
           55 |     4 |            59
           55 |     5 |            40
           55 |     6 |            32
           55 |     7 |            24
           55 |     8 |            21
           55 |     9 |            25
           55 |    10 |            25
           55 |    11 |            31
           55 |    12 |            22
           55 |    13 |            25
           55 |    14 |            23
           55 |    15 |            24
           55 |    16 |            22
           55 |    17 |            17
           55 |    18 |            29
           55 |    19 |            34
----------------------------------
           56 |     1 |           285
           56 |     2 |           129
           56 |     3 |            92
           56 |     4 |            65
           56 |     5 |            51
           56 |     6 |            44
           56 |     7 |            39
           56 |     8 |            36
           56 |     9 |            31
           56 |    10 |            25
           56 |    11 |            24
           56 |    12 |            25
           56 |    13 |            25
           56 |    14 |            28
           56 |    15 |            28
           56 |    16 |            27
           56 |    17 |            26
           56 |    18 |            33
           56 |    19 |            51
----------------------------------
           57 |     1 |           365
           57 |     2 |           169
           57 |     3 |           112
           57 |     4 |           109
           57 |     5 |            61
           57 |     6 |            69
           57 |     7 |            54
           57 |     8 |            48
           57 |     9 |            29
           57 |    10 |            39
           57 |    11 |            32
           57 |    12 |            32
           57 |    13 |            33
           57 |    14 |            32
           57 |    15 |            34
           57 |    16 |            31
           57 |    17 |            28
           57 |    18 |            38
           57 |    19 |            53
----------------------------------
           58 |     1 |           286
           58 |     2 |           154
           58 |     3 |           112
           58 |     4 |            69
           58 |     5 |            54
           58 |     6 |            35
           58 |     7 |            24
           58 |     8 |            15
           58 |     9 |            20
           58 |    10 |            26
           58 |    11 |            25
           58 |    12 |            25
           58 |    13 |            19
           58 |    14 |            22
           58 |    15 |            26
           58 |    16 |            26
           58 |    17 |            32
           58 |    18 |            31
           58 |    19 |            43
----------------------------------
           59 |     1 |           346
           59 |     2 |           186
           59 |     3 |           123
           59 |     4 |            81
           59 |     5 |            67
           59 |     6 |            52
           59 |     7 |            47
           59 |     8 |            31
           59 |     9 |            38
           59 |    10 |            35
           59 |    11 |            38
           59 |    12 |            23
           59 |    13 |            24
           59 |    14 |            33
           59 |    15 |            33
           59 |    16 |            28
           59 |    17 |            32
           59 |    18 |            41
           59 |    19 |            40
----------------------------------
           60 |     1 |           209
           60 |     2 |           126
           60 |     3 |            85
           60 |     4 |            71
           60 |     5 |            61
           60 |     6 |            41
           60 |     7 |            38
           60 |     8 |            29
           60 |     9 |            19
           60 |    10 |            27
           60 |    11 |            25
           60 |    12 |            25
           60 |    13 |            17
           60 |    14 |            21
           60 |    15 |            21
           60 |    16 |            11
           60 |    17 |            26
           60 |    18 |            19
           60 |    19 |            29
----------------------------------
           61 |     1 |           349
           61 |     2 |           211
           61 |     3 |           134
           61 |     4 |            97
           61 |     5 |            74
           61 |     6 |            58
           61 |     7 |            38
           61 |     8 |            45
           61 |     9 |            30
           61 |    10 |            39
           61 |    11 |            37
           61 |    12 |            29
           61 |    13 |            27
           61 |    14 |            29
           61 |    15 |            22
           61 |    16 |            23
           61 |    17 |            34
           61 |    18 |            27
           61 |    19 |            39
----------------------------------
           62 |     1 |           460
           62 |     2 |           251
           62 |     3 |           174
           62 |     4 |           138
           62 |     5 |            81
           62 |     6 |            78
           62 |     7 |            74
           62 |     8 |            71
           62 |     9 |            57
           62 |    10 |            54
           62 |    11 |            42
           62 |    12 |            34
           62 |    13 |            40
           62 |    14 |            28
           62 |    15 |            42
           62 |    16 |            42
           62 |    17 |            29
           62 |    18 |            44
           62 |    19 |            59
----------------------------------
           63 |     1 |           372
           63 |     2 |           200
           63 |     3 |           146
           63 |     4 |           131
           63 |     5 |            92
           63 |     6 |            82
           63 |     7 |            60
           63 |     8 |            74
           63 |     9 |            54
           63 |    10 |            54
           63 |    11 |            45
           63 |    12 |            27
           63 |    13 |            39
           63 |    14 |            25
           63 |    15 |            32
           63 |    16 |            26
           63 |    17 |            38
           63 |    18 |            26
           63 |    19 |            52
----------------------------------
           64 |     1 |           326
           64 |     2 |           170
           64 |     3 |           119
           64 |     4 |            94
           64 |     5 |            65
           64 |     6 |            53
           64 |     7 |            61
           64 |     8 |            47
           64 |     9 |            40
           64 |    10 |            19
           64 |    11 |            26
           64 |    12 |            28
           64 |    13 |            30
           64 |    14 |            25
           64 |    15 |            34
           64 |    16 |            30
           64 |    17 |            22
           64 |    18 |            35
           64 |    19 |            56
----------------------------------
           65 |     1 |           522
           65 |     2 |           310
           65 |     3 |           214
           65 |     4 |           146
           65 |     5 |           118
           65 |     6 |            92
           65 |     7 |            73
           65 |     8 |            79
           65 |     9 |            75
           65 |    10 |            65
           65 |    11 |            71
           65 |    12 |            49
           65 |    13 |            37
           65 |    14 |            43
           65 |    15 |            47
           65 |    16 |            38
           65 |    17 |            47
           65 |    18 |            54
           65 |    19 |            65
----------------------------------
           66 |     1 |           546
           66 |     2 |           349
           66 |     3 |           282
           66 |     4 |           188
           66 |     5 |           117
           66 |     6 |           112
           66 |     7 |            64
           66 |     8 |            60
           66 |     9 |            74
           66 |    10 |            55
           66 |    11 |            60
           66 |    12 |            35
           66 |    13 |            56
           66 |    14 |            47
           66 |    15 |            48
           66 |    16 |            56
           66 |    17 |            35
           66 |    18 |            45
           66 |    19 |            81
----------------------------------
           67 |     1 |           387
           67 |     2 |           219
           67 |     3 |           157
           67 |     4 |           157
           67 |     5 |            90
           67 |     6 |            77
           67 |     7 |            53
           67 |     8 |            58
           67 |     9 |            39
           67 |    10 |            40
           67 |    11 |            43
           67 |    12 |            41
           67 |    13 |            37
           67 |    14 |            30
           67 |    15 |            37
           67 |    16 |            27
           67 |    17 |            31
           67 |    18 |            39
           67 |    19 |            46
----------------------------------
           68 |     1 |           613
           68 |     2 |           376
           68 |     3 |           257
           68 |     4 |           178
           68 |     5 |           123
           68 |     6 |           108
           68 |     7 |            56
           68 |     8 |            57
           68 |     9 |            59
           68 |    10 |            35
           68 |    11 |            38
           68 |    12 |            45
           68 |    13 |            52
           68 |    14 |            51
           68 |    15 |            60
           68 |    16 |            52
           68 |    17 |            39
           68 |    18 |            55
           68 |    19 |            58
----------------------------------
           69 |     1 |           446
           69 |     2 |           274
           69 |     3 |           208
           69 |     4 |           156
           69 |     5 |           111
           69 |     6 |            99
           69 |     7 |            85
           69 |     8 |            75
           69 |     9 |            58
           69 |    10 |            42
           69 |    11 |            52
           69 |    12 |            48
           69 |    13 |            58
           69 |    14 |            51
           69 |    15 |            41
           69 |    16 |            50
           69 |    17 |            41
           69 |    18 |            40
           69 |    19 |            66
----------------------------------
           70 |     1 |           563
           70 |     2 |           340
           70 |     3 |           207
           70 |     4 |           175
           70 |     5 |           141
           70 |     6 |           120
           70 |     7 |            94
           70 |     8 |            75
           70 |     9 |            72
           70 |    10 |            78
           70 |    11 |            42
           70 |    12 |            42
           70 |    13 |            63
           70 |    14 |            47
           70 |    15 |            49
           70 |    16 |            49
           70 |    17 |            44
           70 |    18 |            45
           70 |    19 |            64
----------------------------------
           71 |     1 |           490
           71 |     2 |           282
           71 |     3 |           206
           71 |     4 |           175
           71 |     5 |           135
           71 |     6 |           110
           71 |     7 |            87
           71 |     8 |            56
           71 |     9 |            58
           71 |    10 |            44
           71 |    11 |            42
           71 |    12 |            55
           71 |    13 |            35
           71 |    14 |            49
           71 |    15 |            44
           71 |    16 |            45
           71 |    17 |            43
           71 |    18 |            44
           71 |    19 |            59
----------------------------------
           72 |     1 |           387
           72 |     2 |           212
           72 |     3 |           173
           72 |     4 |           142
           72 |     5 |           103
           72 |     6 |            87
           72 |     7 |            65
           72 |     8 |            53
           72 |     9 |            31
           72 |    10 |            25
           72 |    11 |            27
           72 |    12 |            20
           72 |    13 |            30
           72 |    14 |            32
           72 |    15 |            33
           72 |    16 |            28
           72 |    17 |            38
           72 |    18 |            50
           72 |    19 |            48
----------------------------------
           73 |     1 |           473
           73 |     2 |           286
           73 |     3 |           199
           73 |     4 |           175
           73 |     5 |           140
           73 |     6 |           118
           73 |     7 |           115
           73 |     8 |            65
           73 |     9 |            64
           73 |    10 |            60
           73 |    11 |            60
           73 |    12 |            50
           73 |    13 |            38
           73 |    14 |            50
           73 |    15 |            50
           73 |    16 |            45
           73 |    17 |            39
           73 |    18 |            38
           73 |    19 |            52
----------------------------------
           74 |     1 |           537
           74 |     2 |           332
           74 |     3 |           242
           74 |     4 |           191
           74 |     5 |           169
           74 |     6 |           122
           74 |     7 |           117
           74 |     8 |            87
           74 |     9 |            63
           74 |    10 |            48
           74 |    11 |            38
           74 |    12 |            38
           74 |    13 |            36
           74 |    14 |            43
           74 |    15 |            45
           74 |    16 |            41
           74 |    17 |            38
           74 |    18 |            42
           74 |    19 |            65
----------------------------------
           75 |     1 |           618
           75 |     2 |           371
           75 |     3 |           286
           75 |     4 |           238
           75 |     5 |           163
           75 |     6 |           142
           75 |     7 |           121
           75 |     8 |            88
           75 |     9 |            76
           75 |    10 |            58
           75 |    11 |            46
           75 |    12 |            47
           75 |    13 |            57
           75 |    14 |            49
           75 |    15 |            59
           75 |    16 |            43
           75 |    17 |            43
           75 |    18 |            52
           75 |    19 |            68
----------------------------------
           76 |     1 |           506
           76 |     2 |           306
           76 |     3 |           246
           76 |     4 |           213
           76 |     5 |           155
           76 |     6 |           133
           76 |     7 |            99
           76 |     8 |            76
           76 |     9 |            66
           76 |    10 |            54
           76 |    11 |            52
           76 |    12 |            44
           76 |    13 |            36
           76 |    14 |            28
           76 |    15 |            33
           76 |    16 |            32
           76 |    17 |            47
           76 |    18 |            31
           76 |    19 |            47
----------------------------------
           77 |     1 |           581
           77 |     2 |           352
           77 |     3 |           243
           77 |     4 |           170
           77 |     5 |           166
           77 |     6 |           144
           77 |     7 |           103
           77 |     8 |            89
           77 |     9 |            58
           77 |    10 |            75
           77 |    11 |            50
           77 |    12 |            51
           77 |    13 |            40
           77 |    14 |            49
           77 |    15 |            30
           77 |    16 |            42
           77 |    17 |            45
           77 |    18 |            50
           77 |    19 |            49
----------------------------------
           78 |     1 |           331
           78 |     2 |           214
           78 |     3 |           163
           78 |     4 |           132
           78 |     5 |           112
           78 |     6 |            83
           78 |     7 |            71
           78 |     8 |            49
           78 |     9 |            60
           78 |    10 |            46
           78 |    11 |            34
           78 |    12 |            34
           78 |    13 |            31
           78 |    14 |            27
           78 |    15 |            30
           78 |    16 |            30
           78 |    17 |            29
           78 |    18 |            32
           78 |    19 |            52
----------------------------------
           79 |     1 |           450
           79 |     2 |           267
           79 |     3 |           182
           79 |     4 |           180
           79 |     5 |           136
           79 |     6 |           109
           79 |     7 |            98
           79 |     8 |            80
           79 |     9 |            86
           79 |    10 |            45
           79 |    11 |            45
           79 |    12 |            35
           79 |    13 |            28
           79 |    14 |            27
           79 |    15 |            41
           79 |    16 |            37
           79 |    17 |            41
           79 |    18 |            35
           79 |    19 |            53
----------------------------------
           80 |     1 |           530
           80 |     2 |           370
           80 |     3 |           257
           80 |     4 |           207
           80 |     5 |           131
           80 |     6 |           114
           80 |     7 |            94
           80 |     8 |            49
           80 |     9 |            48
           80 |    10 |            49
           80 |    11 |            48
           80 |    12 |            41
           80 |    13 |            42
           80 |    14 |            33
           80 |    15 |            31
           80 |    16 |            52
           80 |    17 |            43
           80 |    18 |            47
           80 |    19 |            54
----------------------------------
           81 |     1 |           292
           81 |     2 |           183
           81 |     3 |           151
           81 |     4 |            97
           81 |     5 |            80
           81 |     6 |            68
           81 |     7 |            67
           81 |     8 |            53
           81 |     9 |            37
           81 |    10 |            33
           81 |    11 |            37
           81 |    12 |            28
           81 |    13 |            13
           81 |    14 |            15
           81 |    15 |            21
           81 |    16 |            27
           81 |    17 |            26
           81 |    18 |            34
           81 |    19 |            34
----------------------------------
           82 |     1 |           392
           82 |     2 |           231
           82 |     3 |           160
           82 |     4 |           138
           82 |     5 |           111
           82 |     6 |            79
           82 |     7 |            62
           82 |     8 |            70
           82 |     9 |            62
           82 |    10 |            55
           82 |    11 |            38
           82 |    12 |            35
           82 |    13 |            29
           82 |    14 |            18
           82 |    15 |            20
           82 |    16 |            28
           82 |    17 |            27
           82 |    18 |            42
           82 |    19 |            43
----------------------------------
           83 |     1 |           399
           83 |     2 |           260
           83 |     3 |           203
           83 |     4 |           180
           83 |     5 |           137
           83 |     6 |           103
           83 |     7 |            59
           83 |     8 |            81
           83 |     9 |            63
           83 |    10 |            46
           83 |    11 |            54
           83 |    12 |            43
           83 |    13 |            36
           83 |    14 |            18
           83 |    15 |            25
           83 |    16 |            19
           83 |    17 |            35
           83 |    18 |            29
           83 |    19 |            36
----------------------------------
           84 |     1 |           261
           84 |     2 |           156
           84 |     3 |           117
           84 |     4 |            91
           84 |     5 |            89
           84 |     6 |            69
           84 |     7 |            68
           84 |     8 |            56
           84 |     9 |            40
           84 |    10 |            31
           84 |    11 |            21
           84 |    12 |            23
           84 |    13 |            26
           84 |    14 |            13
           84 |    15 |            24
           84 |    16 |            17
           84 |    17 |            23
           84 |    18 |            22
           84 |    19 |            29
----------------------------------
           85 |     1 |           243
           85 |     2 |           164
           85 |     3 |           102
           85 |     4 |            97
           85 |     5 |            74
           85 |     6 |            83
           85 |     7 |            57
           85 |     8 |            47
           85 |     9 |            51
           85 |    10 |            38
           85 |    11 |            30
           85 |    12 |            23
           85 |    13 |            18
           85 |    14 |            12
           85 |    15 |            11
           85 |    16 |             9
           85 |    17 |             6
           85 |    18 |            16
           85 |    19 |            24
----------------------------------
           86 |     1 |           324
           86 |     2 |           217
           86 |     3 |           190
           86 |     4 |           153
           86 |     5 |           140
           86 |     6 |            79
           86 |     7 |            73
           86 |     8 |            59
           86 |     9 |            47
           86 |    10 |            60
           86 |    11 |            32
           86 |    12 |            35
           86 |    13 |            19
           86 |    14 |            35
           86 |    15 |            31
           86 |    16 |            20
           86 |    17 |            31
           86 |    18 |            42
           86 |    19 |            47
----------------------------------
           87 |     1 |           207
           87 |     2 |           145
           87 |     3 |           115
           87 |     4 |            93
           87 |     5 |            84
           87 |     6 |            60
           87 |     7 |            52
           87 |     8 |            55
           87 |     9 |            62
           87 |    10 |            36
           87 |    11 |            25
           87 |    12 |            28
           87 |    13 |            27
           87 |    14 |            20
           87 |    15 |            29
           87 |    16 |            22
           87 |    17 |            19
           87 |    18 |            20
           87 |    19 |            32
----------------------------------
           88 |     1 |           331
           88 |     2 |           220
           88 |     3 |           152
           88 |     4 |           138
           88 |     5 |           119
           88 |     6 |           107
           88 |     7 |            55
           88 |     8 |            70
           88 |     9 |            41
           88 |    10 |            43
           88 |    11 |            27
           88 |    12 |            20
           88 |    13 |            24
           88 |    14 |            24
           88 |    15 |            26
           88 |    16 |            18
           88 |    17 |            16
           88 |    18 |            29
           88 |    19 |            36
----------------------------------
           89 |     1 |           250
           89 |     2 |           156
           89 |     3 |           141
           89 |     4 |           118
           89 |     5 |            93
           89 |     6 |            92
           89 |     7 |            74
           89 |     8 |            69
           89 |     9 |            61
           89 |    10 |            52
           89 |    11 |            53
           89 |    12 |            24
           89 |    13 |            26
           89 |    14 |            23
           89 |    15 |            19
           89 |    16 |            18
           89 |    17 |            18
           89 |    18 |            22
           89 |    19 |            26
----------------------------------
           90 |     1 |           264
           90 |     2 |           182
           90 |     3 |           142
           90 |     4 |           127
           90 |     5 |           105
           90 |     6 |            68
           90 |     7 |            64
           90 |     8 |            48
           90 |     9 |            43
           90 |    10 |            27
           90 |    11 |            19
           90 |    12 |            13
           90 |    13 |            27
           90 |    14 |            23
           90 |    15 |            23
           90 |    16 |            16
           90 |    17 |            19
           90 |    18 |            25
           90 |    19 |            25
----------------------------------
           91 |     1 |           146
           91 |     2 |            86
           91 |     3 |            86
           91 |     4 |            53
           91 |     5 |            48
           91 |     6 |            32
           91 |     7 |            37
           91 |     8 |            22
           91 |     9 |            26
           91 |    10 |            18
           91 |    11 |            19
           91 |    12 |            13
           91 |    13 |             7
           91 |    14 |             3
           91 |    15 |             9
           91 |    16 |             3
           91 |    17 |             5
           91 |    18 |            10
           91 |    19 |            14
----------------------------------
           92 |     1 |           161
           92 |     2 |            91
           92 |     3 |            68
           92 |     4 |            64
           92 |     5 |            54
           92 |     6 |            46
           92 |     7 |            39
           92 |     8 |            33
           92 |     9 |            32
           92 |    10 |            24
           92 |    11 |            21
           92 |    12 |            13
           92 |    13 |            19
           92 |    14 |            16
           92 |    15 |            13
           92 |    16 |            11
           92 |    17 |            10
           92 |    18 |            10
           92 |    19 |            11
----------------------------------
           93 |     1 |           224
           93 |     2 |           122
           93 |     3 |           111
           93 |     4 |            80
           93 |     5 |            82
           93 |     6 |            84
           93 |     7 |            45
           93 |     8 |            49
           93 |     9 |            46
           93 |    10 |            43
           93 |    11 |            23
           93 |    12 |            22
           93 |    13 |            11
           93 |    14 |            10
           93 |    15 |            15
           93 |    16 |            12
           93 |    17 |            19
           93 |    18 |            10
           93 |    19 |            15
----------------------------------
           94 |     1 |           166
           94 |     2 |           102
           94 |     3 |            83
           94 |     4 |            92
           94 |     5 |            65
           94 |     6 |            59
           94 |     7 |            55
           94 |     8 |            39
           94 |     9 |            24
           94 |    10 |            18
           94 |    11 |            17
           94 |    12 |            15
           94 |    13 |            13
           94 |    14 |            13
           94 |    15 |            12
           94 |    16 |            16
           94 |    17 |            16
           94 |    18 |            18
           94 |    19 |            23
----------------------------------
           95 |     1 |           156
           95 |     2 |            98
           95 |     3 |            82
           95 |     4 |            86
           95 |     5 |            44
           95 |     6 |            47
           95 |     7 |            35
           95 |     8 |            32
           95 |     9 |            32
           95 |    10 |            36
           95 |    11 |            15
           95 |    12 |            14
           95 |    13 |            19
           95 |    14 |            16
           95 |    15 |             3
           95 |    16 |            10
           95 |    17 |             8
           95 |    18 |            10
           95 |    19 |            17
----------------------------------
           96 |     1 |            33
           96 |     2 |            18
           96 |     3 |            20
           96 |     4 |            21
           96 |     5 |            14
           96 |     6 |            10
           96 |     7 |            21
           96 |     8 |            12
           96 |     9 |             7
           96 |    10 |             4
           96 |    11 |             9
           96 |    12 |             2
           96 |    13 |             6
           96 |    14 |             0
           96 |    15 |             3
           96 |    16 |             4
           96 |    17 |             2
           96 |    18 |             4
           96 |    19 |             2
----------------------------------
           97 |     1 |           130
           97 |     2 |            92
           97 |     3 |            36
           97 |     4 |            53
           97 |     5 |            44
           97 |     6 |            37
           97 |     7 |            34
           97 |     8 |            23
           97 |     9 |            24
           97 |    10 |            16
           97 |    11 |            12
           97 |    12 |            14
           97 |    13 |            11
           97 |    14 |            13
           97 |    15 |             7
           97 |    16 |            11
           97 |    17 |             7
           97 |    18 |             5
           97 |    19 |            13
----------------------------------
           98 |     1 |            87
           98 |     2 |            70
           98 |     3 |            47
           98 |     4 |            36
           98 |     5 |            37
           98 |     6 |            37
           98 |     7 |            32
           98 |     8 |            31
           98 |     9 |            25
           98 |    10 |            18
           98 |    11 |            10
           98 |    12 |             9
           98 |    13 |            12
           98 |    14 |             3
           98 |    15 |            10
           98 |    16 |             5
           98 |    17 |             5
           98 |    18 |             6
           98 |    19 |            10
----------------------------------
           99 |     1 |            12
           99 |     2 |            13
           99 |     3 |             8
           99 |     4 |             5
           99 |     5 |            11
           99 |     6 |             9
           99 |     7 |             2
           99 |     8 |             8
           99 |     9 |             9
           99 |    10 |             0
           99 |    11 |             1
           99 |    12 |             7
           99 |    13 |             2
           99 |    14 |             3
           99 |    15 |             1
           99 |    16 |             2
           99 |    17 |             3
           99 |    18 |             1
           99 |    19 |             2
----------------------------------
          100 |     1 |            73
          100 |     2 |            48
          100 |     3 |            45
          100 |     4 |            30
          100 |     5 |            31
          100 |     6 |            19
          100 |     7 |            24
          100 |     8 |            27
          100 |     9 |            28
          100 |    10 |            14
          100 |    11 |             8
          100 |    12 |            12
          100 |    13 |             6
          100 |    14 |             2
          100 |    15 |             5
          100 |    16 |             7
          100 |    17 |             9
          100 |    18 |             3
          100 |    19 |             9
----------------------------------
          101 |     1 |            97
          101 |     2 |            72
          101 |     3 |            61
          101 |     4 |            44
          101 |     5 |            43
          101 |     6 |            38
          101 |     7 |            37
          101 |     8 |            27
          101 |     9 |            15
          101 |    10 |             7
          101 |    11 |            14
          101 |    12 |             3
          101 |    13 |             5
          101 |    14 |             8
          101 |    15 |             5
          101 |    16 |             3
          101 |    17 |             8
          101 |    18 |             7
          101 |    19 |            11
----------------------------------
          102 |     1 |            23
          102 |     2 |             7
          102 |     3 |            11
          102 |     4 |            10
          102 |     5 |            10
          102 |     6 |             9
          102 |     7 |             3
          102 |     8 |            10
          102 |     9 |             3
          102 |    10 |             1
          102 |    11 |             2
          102 |    12 |             1
          102 |    13 |             4
          102 |    14 |             0
          102 |    15 |             3
          102 |    16 |             0
          102 |    17 |             1
          102 |    18 |             2
          102 |    19 |             2
----------------------------------
          103 |     1 |            42
          103 |     2 |            18
          103 |     3 |            16
          103 |     4 |            19
          103 |     5 |            10
          103 |     6 |            18
          103 |     7 |            21
          103 |     8 |            18
          103 |     9 |            12
          103 |    10 |            10
          103 |    11 |             6
          103 |    12 |             5
          103 |    13 |             2
          103 |    14 |             0
          103 |    15 |             2
          103 |    16 |             3
          103 |    17 |             0
          103 |    18 |             3
          103 |    19 |             1
----------------------------------
          104 |     1 |            13
          104 |     2 |            13
          104 |     3 |            13
          104 |     4 |            17
          104 |     5 |            13
          104 |     6 |             2
          104 |     7 |             4
          104 |     8 |             4
          104 |     9 |             3
          104 |    10 |             4
          104 |    11 |             3
          104 |    12 |             4
          104 |    13 |             2
          104 |    14 |             1
          104 |    15 |             0
          104 |    16 |             1
          104 |    17 |             2
          104 |    18 |             1
          104 |    19 |             4
----------------------------------
          105 |     1 |            37
          105 |     2 |            26
          105 |     3 |            29
          105 |     4 |            26
          105 |     5 |            11
          105 |     6 |            17
          105 |     7 |             5
          105 |     8 |             6
          105 |     9 |             4
          105 |    10 |             7
          105 |    11 |             6
          105 |    12 |             8
          105 |    13 |             5
          105 |    14 |            10
          105 |    15 |             6
          105 |    16 |             1
          105 |    17 |             1
          105 |    18 |             1
          105 |    19 |             4
----------------------------------
          106 |     1 |            51
          106 |     2 |            50
          106 |     3 |            26
          106 |     4 |            14
          106 |     5 |            16
          106 |     6 |             8
          106 |     7 |             6
          106 |     8 |             8
          106 |     9 |            11
          106 |    10 |             8
          106 |    11 |             5
          106 |    12 |             1
          106 |    13 |             0
          106 |    14 |             0
          106 |    15 |             0
          106 |    16 |             2
          106 |    17 |             0
          106 |    18 |             2
          106 |    19 |             4
----------------------------------
          107 |     1 |            39
          107 |     2 |            26
          107 |     3 |            19
          107 |     4 |            11
          107 |     5 |            16
          107 |     6 |            27
          107 |     7 |            12
          107 |     8 |            11
          107 |     9 |            11
          107 |    10 |            14
          107 |    11 |             3
          107 |    12 |             3
          107 |    13 |             2
          107 |    14 |             1
          107 |    15 |             5
          107 |    16 |             3
          107 |    17 |             3
          107 |    18 |             6
          107 |    19 |             2
----------------------------------
          108 |     1 |            24
          108 |     2 |            25
          108 |     3 |            10
          108 |     4 |             4
          108 |     5 |            14
          108 |     6 |             6
          108 |     7 |             6
          108 |     8 |             5
          108 |     9 |             1
          108 |    10 |             2
          108 |    11 |             1
          108 |    12 |             0
          108 |    13 |             0
          108 |    14 |             4
          108 |    15 |             1
          108 |    16 |             0
          108 |    17 |             2
          108 |    18 |             0
          108 |    19 |             3
----------------------------------
          109 |     1 |            38
          109 |     2 |            17
          109 |     3 |            18
          109 |     4 |            18
          109 |     5 |            17
          109 |     6 |            20
          109 |     7 |            12
          109 |     8 |            13
          109 |     9 |            16
          109 |    10 |             5
          109 |    11 |            10
          109 |    12 |             6
          109 |    13 |             7
          109 |    14 |             9
          109 |    15 |             4
          109 |    16 |             1
          109 |    17 |             1
          109 |    18 |             2
          109 |    19 |             4
----------------------------------
----------------------------------
          111 |     1 |            28
          111 |     2 |            12
          111 |     3 |             9
          111 |     4 |            12
          111 |     5 |             2
          111 |     6 |            10
          111 |     7 |             5
          111 |     8 |             6
          111 |     9 |             6
          111 |    10 |             3
          111 |    11 |             0
          111 |    12 |             0
          111 |    13 |             2
          111 |    14 |             0
          111 |    15 |             6
          111 |    16 |             4
          111 |    17 |             2
          111 |    18 |             3
          111 |    19 |             1
----------------------------------
          112 |     1 |            18
          112 |     2 |            12
          112 |     3 |            17
          112 |     4 |            10
          112 |     5 |            12
          112 |     6 |             7
          112 |     7 |             7
          112 |     8 |             5
          112 |     9 |             6
          112 |    10 |             5
          112 |    11 |             3
          112 |    12 |             2
          112 |    13 |             2
          112 |    14 |             2
          112 |    15 |             0
          112 |    16 |             1
          112 |    17 |             0
          112 |    18 |             2
          112 |    19 |             1
----------------------------------
----------------------------------
----------------------------------
----------------------------------
----------------------------------
          117 |     1 |            28
          117 |     2 |            14
          117 |     3 |             6
          117 |     4 |            11
          117 |     5 |            15
          117 |     6 |             7
          117 |     7 |             5
          117 |     8 |             5
          117 |     9 |             5
          117 |    10 |             3
          117 |    11 |             4
          117 |    12 |             1
          117 |    13 |             1
          117 |    14 |             6
          117 |    15 |             1
          117 |    16 |             1
          117 |    17 |             0
          117 |    18 |             1
          117 |    19 |             3
----------------------------------
----------------------------------
----------------------------------
----------------------------------
----------------------------------
----------------------------------
----------------------------------
----------------------------------
----------------------------------
----------------------------------
----------------------------------
----------------------------------
----------------------------------
----------------------------------
----------------------------------
----------------------------------
----------------------------------
----------------------------------
----------------------------------
----------------------------------
----------------------------------
----------------------------------
----------------------------------
----------------------------------
----------------------------------
----------------------------------
----------------------------------
----------------------------------
----------------------------------
----------------------------------
----------------------------------
----------------------------------
----------------------------------
----------------------------------
----------------------------------
----------------------------------
----------------------------------
----------------------------------
----------------------------------
----------------------------------
----------------------------------
----------------------------------
----------------------------------
----------------------------------
----------------------------------
----------------------------------
----------------------------------
----------------------------------
----------------------------------
----------------------------------
----------------------------------
----------------------------------
----------------------------------
----------------------------------
----------------------------------
----------------------------------
----------------------------------
----------------------------------
----------------------------------
----------------------------------
----------------------------------
----------------------------------
----------------------------------
----------------------------------
----------------------------------
----------------------------------
----------------------------------
----------------------------------
----------------------------------
----------------------------------
----------------------------------
----------------------------------
----------------------------------
----------------------------------
