MinCut number | SSize | Number of cuts
----------------------------------
----------------------------------
----------------------------------
----------------------------------
----------------------------------
----------------------------------
----------------------------------
----------------------------------
----------------------------------
----------------------------------
----------------------------------
----------------------------------
----------------------------------
----------------------------------
----------------------------------
----------------------------------
----------------------------------
----------------------------------
----------------------------------
----------------------------------
----------------------------------
----------------------------------
----------------------------------
----------------------------------
----------------------------------
----------------------------------
----------------------------------
----------------------------------
----------------------------------
----------------------------------
----------------------------------
           50 |     1 |            12
           50 |     2 |             5
           50 |     3 |             2
           50 |     4 |             3
           50 |     5 |             6
           50 |     6 |             4
           50 |     7 |             3
           50 |     8 |             1
           50 |     9 |             3
           50 |    10 |             1
           50 |    11 |             2
           50 |    12 |             3
           50 |    13 |             1
           50 |    14 |             0
           50 |    15 |             1
           50 |    16 |             0
           50 |    17 |             2
           50 |    18 |             0
           50 |    19 |             1
----------------------------------
----------------------------------
----------------------------------
           53 |     1 |            47
           53 |     2 |            27
           53 |     3 |            17
           53 |     4 |            15
           53 |     5 |            16
           53 |     6 |            11
           53 |     7 |            12
           53 |     8 |            10
           53 |     9 |            12
           53 |    10 |             6
           53 |    11 |             8
           53 |    12 |             3
           53 |    13 |             8
           53 |    14 |             7
           53 |    15 |             4
           53 |    16 |             1
           53 |    17 |             4
           53 |    18 |             2
           53 |    19 |             2
----------------------------------
           54 |     1 |            38
           54 |     2 |            15
           54 |     3 |            16
           54 |     4 |            12
           54 |     5 |             8
           54 |     6 |            17
           54 |     7 |            11
           54 |     8 |             6
           54 |     9 |             4
           54 |    10 |             4
           54 |    11 |             4
           54 |    12 |             4
           54 |    13 |             6
           54 |    14 |             4
           54 |    15 |             6
           54 |    16 |             3
           54 |    17 |             1
           54 |    18 |             3
           54 |    19 |             0
----------------------------------
           55 |     1 |           125
           55 |     2 |            67
           55 |     3 |            52
           55 |     4 |            35
           55 |     5 |            38
           55 |     6 |            22
           55 |     7 |            24
           55 |     8 |            17
           55 |     9 |            21
           55 |    10 |            20
           55 |    11 |            13
           55 |    12 |            16
           55 |    13 |            10
           55 |    14 |            12
           55 |    15 |             4
           55 |    16 |             8
           55 |    17 |             2
           55 |    18 |             3
           55 |    19 |             6
----------------------------------
           56 |     1 |           120
           56 |     2 |            68
           56 |     3 |            42
           56 |     4 |            41
           56 |     5 |            30
           56 |     6 |            28
           56 |     7 |            23
           56 |     8 |            24
           56 |     9 |            20
           56 |    10 |            15
           56 |    11 |            10
           56 |    12 |            14
           56 |    13 |            18
           56 |    14 |            12
           56 |    15 |            11
           56 |    16 |            10
           56 |    17 |             6
           56 |    18 |             7
           56 |    19 |             5
----------------------------------
           57 |     1 |           228
           57 |     2 |           122
           57 |     3 |            85
           57 |     4 |            77
           57 |     5 |            55
           57 |     6 |            47
           57 |     7 |            43
           57 |     8 |            30
           57 |     9 |            36
           57 |    10 |            25
           57 |    11 |            29
           57 |    12 |            31
           57 |    13 |            26
           57 |    14 |            21
           57 |    15 |            15
           57 |    16 |             9
           57 |    17 |            11
           57 |    18 |            13
           57 |    19 |             9
----------------------------------
           58 |     1 |           306
           58 |     2 |           167
           58 |     3 |           133
           58 |     4 |            96
           58 |     5 |            86
           58 |     6 |            78
           58 |     7 |            56
           58 |     8 |            62
           58 |     9 |            46
           58 |    10 |            43
           58 |    11 |            29
           58 |    12 |            27
           58 |    13 |            32
           58 |    14 |            31
           58 |    15 |            19
           58 |    16 |            24
           58 |    17 |            13
           58 |    18 |            13
           58 |    19 |            15
----------------------------------
           59 |     1 |           436
           59 |     2 |           255
           59 |     3 |           176
           59 |     4 |           147
           59 |     5 |           115
           59 |     6 |           101
           59 |     7 |           101
           59 |     8 |            70
           59 |     9 |            75
           59 |    10 |            58
           59 |    11 |            58
           59 |    12 |            52
           59 |    13 |            49
           59 |    14 |            46
           59 |    15 |            43
           59 |    16 |            37
           59 |    17 |            26
           59 |    18 |            23
           59 |    19 |            20
----------------------------------
           60 |     1 |           535
           60 |     2 |           337
           60 |     3 |           233
           60 |     4 |           190
           60 |     5 |           148
           60 |     6 |           139
           60 |     7 |           113
           60 |     8 |            91
           60 |     9 |            88
           60 |    10 |            93
           60 |    11 |            75
           60 |    12 |            72
           60 |    13 |            59
           60 |    14 |            51
           60 |    15 |            44
           60 |    16 |            38
           60 |    17 |            41
           60 |    18 |            24
           60 |    19 |            29
----------------------------------
           61 |     1 |           648
           61 |     2 |           394
           61 |     3 |           289
           61 |     4 |           203
           61 |     5 |           185
           61 |     6 |           170
           61 |     7 |           144
           61 |     8 |           127
           61 |     9 |           109
           61 |    10 |            96
           61 |    11 |            88
           61 |    12 |            87
           61 |    13 |            62
           61 |    14 |            66
           61 |    15 |            60
           61 |    16 |            48
           61 |    17 |            33
           61 |    18 |            25
           61 |    19 |            33
----------------------------------
           62 |     1 |           707
           62 |     2 |           431
           62 |     3 |           315
           62 |     4 |           255
           62 |     5 |           198
           62 |     6 |           184
           62 |     7 |           145
           62 |     8 |           147
           62 |     9 |           126
           62 |    10 |           120
           62 |    11 |           105
           62 |    12 |            87
           62 |    13 |            76
           62 |    14 |            95
           62 |    15 |            57
           62 |    16 |            50
           62 |    17 |            57
           62 |    18 |            33
           62 |    19 |            36
----------------------------------
           63 |     1 |           687
           63 |     2 |           412
           63 |     3 |           295
           63 |     4 |           231
           63 |     5 |           210
           63 |     6 |           159
           63 |     7 |           149
           63 |     8 |           144
           63 |     9 |           125
           63 |    10 |           115
           63 |    11 |           113
           63 |    12 |           101
           63 |    13 |            85
           63 |    14 |            64
           63 |    15 |            79
           63 |    16 |            59
           63 |    17 |            47
           63 |    18 |            41
           63 |    19 |            34
----------------------------------
           64 |     1 |           775
           64 |     2 |           429
           64 |     3 |           316
           64 |     4 |           260
           64 |     5 |           223
           64 |     6 |           180
           64 |     7 |           169
           64 |     8 |           141
           64 |     9 |           125
           64 |    10 |           120
           64 |    11 |           107
           64 |    12 |           115
           64 |    13 |            88
           64 |    14 |            82
           64 |    15 |            75
           64 |    16 |            58
           64 |    17 |            47
           64 |    18 |            35
           64 |    19 |            47
----------------------------------
           65 |     1 |           782
           65 |     2 |           456
           65 |     3 |           361
           65 |     4 |           268
           65 |     5 |           216
           65 |     6 |           169
           65 |     7 |           163
           65 |     8 |           147
           65 |     9 |           143
           65 |    10 |           131
           65 |    11 |           120
           65 |    12 |           109
           65 |    13 |            85
           65 |    14 |            90
           65 |    15 |            78
           65 |    16 |            60
           65 |    17 |            58
           65 |    18 |            37
           65 |    19 |            37
----------------------------------
           66 |     1 |           842
           66 |     2 |           513
           66 |     3 |           384
           66 |     4 |           306
           66 |     5 |           270
           66 |     6 |           231
           66 |     7 |           206
           66 |     8 |           187
           66 |     9 |           157
           66 |    10 |           145
           66 |    11 |           137
           66 |    12 |           128
           66 |    13 |           103
           66 |    14 |            94
           66 |    15 |            95
           66 |    16 |            80
           66 |    17 |            57
           66 |    18 |            37
           66 |    19 |            54
----------------------------------
           67 |     1 |          1026
           67 |     2 |           627
           67 |     3 |           487
           67 |     4 |           380
           67 |     5 |           343
           67 |     6 |           297
           67 |     7 |           252
           67 |     8 |           213
           67 |     9 |           207
           67 |    10 |           194
           67 |    11 |           154
           67 |    12 |           141
           67 |    13 |           146
           67 |    14 |           101
           67 |    15 |           103
           67 |    16 |            88
           67 |    17 |            88
           67 |    18 |            54
           67 |    19 |            57
----------------------------------
           68 |     1 |           761
           68 |     2 |           449
           68 |     3 |           341
           68 |     4 |           292
           68 |     5 |           222
           68 |     6 |           196
           68 |     7 |           180
           68 |     8 |           175
           68 |     9 |           154
           68 |    10 |           157
           68 |    11 |           139
           68 |    12 |           140
           68 |    13 |           108
           68 |    14 |            85
           68 |    15 |            75
           68 |    16 |            58
           68 |    17 |            55
           68 |    18 |            48
           68 |    19 |            37
----------------------------------
           69 |     1 |           728
           69 |     2 |           422
           69 |     3 |           339
           69 |     4 |           254
           69 |     5 |           238
           69 |     6 |           178
           69 |     7 |           183
           69 |     8 |           178
           69 |     9 |           143
           69 |    10 |           113
           69 |    11 |           105
           69 |    12 |           103
           69 |    13 |            85
           69 |    14 |            97
           69 |    15 |            71
           69 |    16 |            76
           69 |    17 |            59
           69 |    18 |            39
           69 |    19 |            39
----------------------------------
           70 |     1 |           583
           70 |     2 |           350
           70 |     3 |           263
           70 |     4 |           228
           70 |     5 |           175
           70 |     6 |           160
           70 |     7 |           168
           70 |     8 |           138
           70 |     9 |           136
           70 |    10 |           120
           70 |    11 |           109
           70 |    12 |            99
           70 |    13 |            83
           70 |    14 |            91
           70 |    15 |            73
           70 |    16 |            63
           70 |    17 |            46
           70 |    18 |            22
           70 |    19 |            33
----------------------------------
           71 |     1 |           651
           71 |     2 |           383
           71 |     3 |           298
           71 |     4 |           249
           71 |     5 |           201
           71 |     6 |           183
           71 |     7 |           178
           71 |     8 |           164
           71 |     9 |           137
           71 |    10 |           136
           71 |    11 |           131
           71 |    12 |           101
           71 |    13 |           101
           71 |    14 |            92
           71 |    15 |            71
           71 |    16 |            72
           71 |    17 |            49
           71 |    18 |            38
           71 |    19 |            31
----------------------------------
           72 |     1 |           715
           72 |     2 |           447
           72 |     3 |           335
           72 |     4 |           272
           72 |     5 |           221
           72 |     6 |           215
           72 |     7 |           190
           72 |     8 |           161
           72 |     9 |           149
           72 |    10 |           144
           72 |    11 |           126
           72 |    12 |           110
           72 |    13 |           104
           72 |    14 |            93
           72 |    15 |            71
           72 |    16 |            65
           72 |    17 |            46
           72 |    18 |            34
           72 |    19 |            30
----------------------------------
           73 |     1 |           494
           73 |     2 |           300
           73 |     3 |           242
           73 |     4 |           182
           73 |     5 |           156
           73 |     6 |           141
           73 |     7 |           122
           73 |     8 |           109
           73 |     9 |           111
           73 |    10 |            95
           73 |    11 |            92
           73 |    12 |            85
           73 |    13 |            76
           73 |    14 |            64
           73 |    15 |            67
           73 |    16 |            50
           73 |    17 |            45
           73 |    18 |            27
           73 |    19 |            24
----------------------------------
           74 |     1 |           382
           74 |     2 |           226
           74 |     3 |           178
           74 |     4 |           150
           74 |     5 |           121
           74 |     6 |           126
           74 |     7 |           100
           74 |     8 |           102
           74 |     9 |            98
           74 |    10 |            79
           74 |    11 |            59
           74 |    12 |            74
           74 |    13 |            58
           74 |    14 |            55
           74 |    15 |            48
           74 |    16 |            52
           74 |    17 |            35
           74 |    18 |            33
           74 |    19 |            22
----------------------------------
           75 |     1 |           309
           75 |     2 |           205
           75 |     3 |           156
           75 |     4 |           141
           75 |     5 |           108
           75 |     6 |            87
           75 |     7 |            89
           75 |     8 |            73
           75 |     9 |            66
           75 |    10 |            55
           75 |    11 |            61
           75 |    12 |            60
           75 |    13 |            52
           75 |    14 |            53
           75 |    15 |            36
           75 |    16 |            31
           75 |    17 |            30
           75 |    18 |            20
           75 |    19 |            18
----------------------------------
           76 |     1 |           347
           76 |     2 |           210
           76 |     3 |           172
           76 |     4 |           132
           76 |     5 |           123
           76 |     6 |           114
           76 |     7 |            97
           76 |     8 |            98
           76 |     9 |            89
           76 |    10 |            92
           76 |    11 |            71
           76 |    12 |            65
           76 |    13 |            60
           76 |    14 |            57
           76 |    15 |            58
           76 |    16 |            39
           76 |    17 |            32
           76 |    18 |            20
           76 |    19 |            24
----------------------------------
           77 |     1 |           360
           77 |     2 |           229
           77 |     3 |           152
           77 |     4 |           143
           77 |     5 |           121
           77 |     6 |           114
           77 |     7 |           110
           77 |     8 |            87
           77 |     9 |            83
           77 |    10 |            86
           77 |    11 |            88
           77 |    12 |            80
           77 |    13 |            58
           77 |    14 |            66
           77 |    15 |            46
           77 |    16 |            34
           77 |    17 |            32
           77 |    18 |            20
           77 |    19 |            16
----------------------------------
           78 |     1 |           248
           78 |     2 |           164
           78 |     3 |           123
           78 |     4 |            96
           78 |     5 |            74
           78 |     6 |            91
           78 |     7 |            77
           78 |     8 |            75
           78 |     9 |            71
           78 |    10 |            62
           78 |    11 |            61
           78 |    12 |            47
           78 |    13 |            58
           78 |    14 |            47
           78 |    15 |            31
           78 |    16 |            27
           78 |    17 |            23
           78 |    18 |            18
           78 |    19 |            11
----------------------------------
           79 |     1 |           207
           79 |     2 |           119
           79 |     3 |            97
           79 |     4 |            82
           79 |     5 |            69
           79 |     6 |            66
           79 |     7 |            70
           79 |     8 |            63
           79 |     9 |            56
           79 |    10 |            51
           79 |    11 |            54
           79 |    12 |            46
           79 |    13 |            50
           79 |    14 |            35
           79 |    15 |            34
           79 |    16 |            33
           79 |    17 |            23
           79 |    18 |            16
           79 |    19 |            14
----------------------------------
           80 |     1 |           204
           80 |     2 |           114
           80 |     3 |            91
           80 |     4 |            73
           80 |     5 |            60
           80 |     6 |            59
           80 |     7 |            68
           80 |     8 |            48
           80 |     9 |            47
           80 |    10 |            47
           80 |    11 |            29
           80 |    12 |            42
           80 |    13 |            35
           80 |    14 |            25
           80 |    15 |            30
           80 |    16 |            23
           80 |    17 |            24
           80 |    18 |            11
           80 |    19 |            10
----------------------------------
           81 |     1 |           132
           81 |     2 |            82
           81 |     3 |            65
           81 |     4 |            60
           81 |     5 |            50
           81 |     6 |            50
           81 |     7 |            34
           81 |     8 |            40
           81 |     9 |            38
           81 |    10 |            29
           81 |    11 |            24
           81 |    12 |            27
           81 |    13 |            20
           81 |    14 |            19
           81 |    15 |            15
           81 |    16 |            17
           81 |    17 |            14
           81 |    18 |             8
           81 |    19 |             5
----------------------------------
           82 |     1 |           166
           82 |     2 |           116
           82 |     3 |            92
           82 |     4 |            71
           82 |     5 |            60
           82 |     6 |            60
           82 |     7 |            61
           82 |     8 |            49
           82 |     9 |            47
           82 |    10 |            44
           82 |    11 |            45
           82 |    12 |            41
           82 |    13 |            26
           82 |    14 |            29
           82 |    15 |            27
           82 |    16 |            21
           82 |    17 |            12
           82 |    18 |            10
           82 |    19 |             7
----------------------------------
           83 |     1 |            86
           83 |     2 |            55
           83 |     3 |            42
           83 |     4 |            42
           83 |     5 |            27
           83 |     6 |            29
           83 |     7 |            21
           83 |     8 |            24
           83 |     9 |            27
           83 |    10 |            22
           83 |    11 |            18
           83 |    12 |            25
           83 |    13 |            21
           83 |    14 |            13
           83 |    15 |            16
           83 |    16 |            13
           83 |    17 |             7
           83 |    18 |             7
           83 |    19 |             3
----------------------------------
           84 |     1 |            37
           84 |     2 |            26
           84 |     3 |            17
           84 |     4 |            16
           84 |     5 |            11
           84 |     6 |            15
           84 |     7 |            15
           84 |     8 |            15
           84 |     9 |            16
           84 |    10 |            12
           84 |    11 |            13
           84 |    12 |            13
           84 |    13 |            14
           84 |    14 |            10
           84 |    15 |             4
           84 |    16 |             7
           84 |    17 |             3
           84 |    18 |             4
           84 |    19 |             4
----------------------------------
           85 |     1 |            75
           85 |     2 |            48
           85 |     3 |            33
           85 |     4 |            28
           85 |     5 |            32
           85 |     6 |            28
           85 |     7 |            23
           85 |     8 |            28
           85 |     9 |            24
           85 |    10 |            20
           85 |    11 |            17
           85 |    12 |            17
           85 |    13 |            11
           85 |    14 |            10
           85 |    15 |            10
           85 |    16 |             8
           85 |    17 |             5
           85 |    18 |             5
           85 |    19 |             3
----------------------------------
           86 |     1 |            28
           86 |     2 |            22
           86 |     3 |            15
           86 |     4 |            10
           86 |     5 |             9
           86 |     6 |            10
           86 |     7 |            12
           86 |     8 |             9
           86 |     9 |             7
           86 |    10 |            10
           86 |    11 |             9
           86 |    12 |             7
           86 |    13 |             6
           86 |    14 |             3
           86 |    15 |             4
           86 |    16 |             3
           86 |    17 |             4
           86 |    18 |             2
           86 |    19 |             2
----------------------------------
           87 |     1 |            16
           87 |     2 |             9
           87 |     3 |             7
           87 |     4 |             2
           87 |     5 |             4
           87 |     6 |             2
           87 |     7 |             5
           87 |     8 |             7
           87 |     9 |             6
           87 |    10 |             3
           87 |    11 |             5
           87 |    12 |             7
           87 |    13 |             3
           87 |    14 |             3
           87 |    15 |             2
           87 |    16 |             2
           87 |    17 |             1
           87 |    18 |             1
           87 |    19 |             2
----------------------------------
           88 |     1 |            28
           88 |     2 |            18
           88 |     3 |            15
           88 |     4 |            11
           88 |     5 |             6
           88 |     6 |            10
           88 |     7 |            11
           88 |     8 |             7
           88 |     9 |             8
           88 |    10 |             9
           88 |    11 |            10
           88 |    12 |            10
           88 |    13 |             8
           88 |    14 |             6
           88 |    15 |             7
           88 |    16 |             5
           88 |    17 |             4
           88 |    18 |             3
           88 |    19 |             0
----------------------------------
           89 |     1 |            27
           89 |     2 |            15
           89 |     3 |            15
           89 |     4 |            15
           89 |     5 |             8
           89 |     6 |             8
           89 |     7 |            13
           89 |     8 |            11
           89 |     9 |            11
           89 |    10 |             9
           89 |    11 |             6
           89 |    12 |             9
           89 |    13 |             9
           89 |    14 |             6
           89 |    15 |             3
           89 |    16 |             6
           89 |    17 |             4
           89 |    18 |             1
           89 |    19 |             2
----------------------------------
           90 |     1 |            47
           90 |     2 |            31
           90 |     3 |            19
           90 |     4 |            21
           90 |     5 |            15
           90 |     6 |            14
           90 |     7 |            17
           90 |     8 |            12
           90 |     9 |            10
           90 |    10 |            12
           90 |    11 |            13
           90 |    12 |            12
           90 |    13 |             9
           90 |    14 |            10
           90 |    15 |             9
           90 |    16 |             3
           90 |    17 |             8
           90 |    18 |             5
           90 |    19 |             3
----------------------------------
           91 |     1 |            45
           91 |     2 |            31
           91 |     3 |            13
           91 |     4 |            18
           91 |     5 |            18
           91 |     6 |            17
           91 |     7 |            15
           91 |     8 |            18
           91 |     9 |            18
           91 |    10 |            12
           91 |    11 |            15
           91 |    12 |            10
           91 |    13 |            11
           91 |    14 |            10
           91 |    15 |             4
           91 |    16 |             8
           91 |    17 |             6
           91 |    18 |             3
           91 |    19 |             1
----------------------------------
----------------------------------
----------------------------------
----------------------------------
----------------------------------
           96 |     1 |            33
           96 |     2 |            22
           96 |     3 |            18
           96 |     4 |            15
           96 |     5 |            11
           96 |     6 |             8
           96 |     7 |            12
           96 |     8 |             9
           96 |     9 |            12
           96 |    10 |             3
           96 |    11 |             8
           96 |    12 |             8
           96 |    13 |             9
           96 |    14 |             6
           96 |    15 |             6
           96 |    16 |             5
           96 |    17 |             4
           96 |    18 |             2
           96 |    19 |             1
----------------------------------
----------------------------------
           98 |     1 |            18
           98 |     2 |             4
           98 |     3 |            10
           98 |     4 |            10
           98 |     5 |             9
           98 |     6 |             7
           98 |     7 |             1
           98 |     8 |             2
           98 |     9 |             8
           98 |    10 |             4
           98 |    11 |             5
           98 |    12 |             4
           98 |    13 |             3
           98 |    14 |             0
           98 |    15 |             2
           98 |    16 |             3
           98 |    17 |             4
           98 |    18 |             3
           98 |    19 |             1
----------------------------------
           99 |     1 |            12
           99 |     2 |            13
           99 |     3 |            10
           99 |     4 |             7
           99 |     5 |             9
           99 |     6 |             8
           99 |     7 |             5
           99 |     8 |             3
           99 |     9 |             5
           99 |    10 |             4
           99 |    11 |             3
           99 |    12 |             4
           99 |    13 |             2
           99 |    14 |             2
           99 |    15 |             2
           99 |    16 |             4
           99 |    17 |             3
           99 |    18 |             1
           99 |    19 |             2
----------------------------------
----------------------------------
----------------------------------
----------------------------------
          103 |     1 |            14
          103 |     2 |             8
          103 |     3 |             7
          103 |     4 |            10
          103 |     5 |             7
          103 |     6 |             6
          103 |     7 |             6
          103 |     8 |             4
          103 |     9 |             7
          103 |    10 |             6
          103 |    11 |             1
          103 |    12 |             6
          103 |    13 |             7
          103 |    14 |             3
          103 |    15 |             6
          103 |    16 |             3
          103 |    17 |             0
          103 |    18 |             2
          103 |    19 |             0
----------------------------------
----------------------------------
----------------------------------
----------------------------------
----------------------------------
----------------------------------
----------------------------------
----------------------------------
----------------------------------
----------------------------------
----------------------------------
----------------------------------
----------------------------------
----------------------------------
----------------------------------
----------------------------------
----------------------------------
----------------------------------
----------------------------------
----------------------------------
----------------------------------
----------------------------------
----------------------------------
----------------------------------
----------------------------------
----------------------------------
----------------------------------
----------------------------------
----------------------------------
----------------------------------
----------------------------------
----------------------------------
----------------------------------
----------------------------------
----------------------------------
----------------------------------
----------------------------------
----------------------------------
----------------------------------
----------------------------------
----------------------------------
----------------------------------
----------------------------------
----------------------------------
----------------------------------
----------------------------------
----------------------------------
----------------------------------
----------------------------------
----------------------------------
----------------------------------
----------------------------------
----------------------------------
----------------------------------
----------------------------------
----------------------------------
----------------------------------
----------------------------------
----------------------------------
----------------------------------
----------------------------------
----------------------------------
----------------------------------
----------------------------------
----------------------------------
----------------------------------
----------------------------------
----------------------------------
----------------------------------
----------------------------------
----------------------------------
----------------------------------
----------------------------------
----------------------------------
----------------------------------
----------------------------------
----------------------------------
----------------------------------
----------------------------------
----------------------------------
----------------------------------
----------------------------------
----------------------------------
----------------------------------
----------------------------------
----------------------------------
----------------------------------
----------------------------------
