MinCut number | RSize | Number of cuts
----------------------------------
----------------------------------
----------------------------------
----------------------------------
----------------------------------
----------------------------------
----------------------------------
----------------------------------
----------------------------------
----------------------------------
----------------------------------
----------------------------------
----------------------------------
----------------------------------
----------------------------------
----------------------------------
----------------------------------
----------------------------------
----------------------------------
----------------------------------
----------------------------------
----------------------------------
----------------------------------
----------------------------------
----------------------------------
----------------------------------
----------------------------------
----------------------------------
----------------------------------
----------------------------------
----------------------------------
           50 |     0 |            15
           50 |     1 |             8
           50 |     2 |             4
           50 |     3 |             5
           50 |     4 |             5
           50 |     5 |             4
           50 |     6 |             1
           50 |     7 |             0
           50 |     8 |             1
           50 |     9 |             0
           50 |    10 |             1
           50 |    11 |             2
           50 |    12 |             0
           50 |    13 |             0
           50 |    14 |             2
           50 |    15 |             0
           50 |    16 |             1
           50 |    17 |             0
           50 |    18 |             1
           50 |    19 |             0
           50 |    20 |             0
----------------------------------
----------------------------------
----------------------------------
           53 |     0 |            56
           53 |     1 |            27
           53 |     2 |            23
           53 |     3 |            20
           53 |     4 |            10
           53 |     5 |             8
           53 |     6 |             5
           53 |     7 |             8
           53 |     8 |             8
           53 |     9 |             5
           53 |    10 |             8
           53 |    11 |             8
           53 |    12 |             8
           53 |    13 |             3
           53 |    14 |             4
           53 |    15 |             4
           53 |    16 |             4
           53 |    17 |             2
           53 |    18 |             1
           53 |    19 |             0
           53 |    20 |             0
----------------------------------
           54 |     0 |            42
           54 |     1 |            17
           54 |     2 |            17
           54 |     3 |            12
           54 |     4 |             9
           54 |     5 |             7
           54 |     6 |             7
           54 |     7 |             7
           54 |     8 |            11
           54 |     9 |            12
           54 |    10 |             8
           54 |    11 |             3
           54 |    12 |             2
           54 |    13 |             0
           54 |    14 |             3
           54 |    15 |             1
           54 |    16 |             1
           54 |    17 |             2
           54 |    18 |             1
           54 |    19 |             0
           54 |    20 |             0
----------------------------------
           55 |     0 |           120
           55 |     1 |            70
           55 |     2 |            46
           55 |     3 |            40
           55 |     4 |            28
           55 |     5 |            28
           55 |     6 |            22
           55 |     7 |            22
           55 |     8 |            16
           55 |     9 |            16
           55 |    10 |            15
           55 |    11 |            15
           55 |    12 |            12
           55 |    13 |            15
           55 |    14 |             8
           55 |    15 |            12
           55 |    16 |             4
           55 |    17 |             5
           55 |    18 |             1
           55 |    19 |             0
           55 |    20 |             0
----------------------------------
           56 |     0 |           111
           56 |     1 |            73
           56 |     2 |            48
           56 |     3 |            41
           56 |     4 |            35
           56 |     5 |            25
           56 |     6 |            21
           56 |     7 |            20
           56 |     8 |            21
           56 |     9 |            17
           56 |    10 |            20
           56 |    11 |            17
           56 |    12 |            14
           56 |    13 |            10
           56 |    14 |             6
           56 |    15 |             8
           56 |    16 |             7
           56 |    17 |             3
           56 |    18 |             7
           56 |    19 |             0
           56 |    20 |             0
----------------------------------
           57 |     0 |           201
           57 |     1 |           110
           57 |     2 |            95
           57 |     3 |            72
           57 |     4 |            63
           57 |     5 |            50
           57 |     6 |            54
           57 |     7 |            46
           57 |     8 |            34
           57 |     9 |            27
           57 |    10 |            24
           57 |    11 |            28
           57 |    12 |            24
           57 |    13 |            23
           57 |    14 |            15
           57 |    15 |            16
           57 |    16 |            15
           57 |    17 |            12
           57 |    18 |             3
           57 |    19 |             0
           57 |    20 |             0
----------------------------------
           58 |     0 |           283
           58 |     1 |           165
           58 |     2 |           127
           58 |     3 |            91
           58 |     4 |            80
           58 |     5 |            70
           58 |     6 |            73
           58 |     7 |            57
           58 |     8 |            46
           58 |     9 |            42
           58 |    10 |            50
           58 |    11 |            38
           58 |    12 |            32
           58 |    13 |            25
           58 |    14 |            28
           58 |    15 |            24
           58 |    16 |            12
           58 |    17 |            23
           58 |    18 |            10
           58 |    19 |             0
           58 |    20 |             0
----------------------------------
           59 |     0 |           415
           59 |     1 |           246
           59 |     2 |           172
           59 |     3 |           148
           59 |     4 |           138
           59 |     5 |           112
           59 |     6 |            97
           59 |     7 |            90
           59 |     8 |            79
           59 |     9 |            65
           59 |    10 |            47
           59 |    11 |            50
           59 |    12 |            42
           59 |    13 |            47
           59 |    14 |            37
           59 |    15 |            32
           59 |    16 |            34
           59 |    17 |            22
           59 |    18 |            15
           59 |    19 |             0
           59 |    20 |             0
----------------------------------
           60 |     0 |           526
           60 |     1 |           309
           60 |     2 |           220
           60 |     3 |           190
           60 |     4 |           156
           60 |     5 |           133
           60 |     6 |           119
           60 |     7 |           136
           60 |     8 |           100
           60 |     9 |            81
           60 |    10 |            72
           60 |    11 |            62
           60 |    12 |            64
           60 |    13 |            56
           60 |    14 |            56
           60 |    15 |            40
           60 |    16 |            33
           60 |    17 |            30
           60 |    18 |            17
           60 |    19 |             0
           60 |    20 |             0
----------------------------------
           61 |     0 |           621
           61 |     1 |           361
           61 |     2 |           281
           61 |     3 |           231
           61 |     4 |           173
           61 |     5 |           156
           61 |     6 |           149
           61 |     7 |           132
           61 |     8 |           118
           61 |     9 |           101
           61 |    10 |            86
           61 |    11 |            76
           61 |    12 |            79
           61 |    13 |            77
           61 |    14 |            58
           61 |    15 |            64
           61 |    16 |            43
           61 |    17 |            32
           61 |    18 |            29
           61 |    19 |             0
           61 |    20 |             0
----------------------------------
           62 |     0 |           686
           62 |     1 |           422
           62 |     2 |           292
           62 |     3 |           247
           62 |     4 |           210
           62 |     5 |           184
           62 |     6 |           177
           62 |     7 |           138
           62 |     8 |           112
           62 |     9 |           132
           62 |    10 |           110
           62 |    11 |            90
           62 |    12 |            86
           62 |    13 |            77
           62 |    14 |            76
           62 |    15 |            60
           62 |    16 |            50
           62 |    17 |            46
           62 |    18 |            29
           62 |    19 |             0
           62 |    20 |             0
----------------------------------
           63 |     0 |           677
           63 |     1 |           414
           63 |     2 |           318
           63 |     3 |           244
           63 |     4 |           219
           63 |     5 |           193
           63 |     6 |           166
           63 |     7 |           132
           63 |     8 |           112
           63 |     9 |           111
           63 |    10 |            96
           63 |    11 |            92
           63 |    12 |            76
           63 |    13 |            78
           63 |    14 |            57
           63 |    15 |            58
           63 |    16 |            40
           63 |    17 |            44
           63 |    18 |            23
           63 |    19 |             0
           63 |    20 |             0
----------------------------------
           64 |     0 |           687
           64 |     1 |           444
           64 |     2 |           324
           64 |     3 |           249
           64 |     4 |           232
           64 |     5 |           217
           64 |     6 |           182
           64 |     7 |           141
           64 |     8 |           142
           64 |     9 |           135
           64 |    10 |           117
           64 |    11 |            92
           64 |    12 |            86
           64 |    13 |            81
           64 |    14 |            69
           64 |    15 |            67
           64 |    16 |            57
           64 |    17 |            41
           64 |    18 |            29
           64 |    19 |             0
           64 |    20 |             0
----------------------------------
           65 |     0 |           691
           65 |     1 |           441
           65 |     2 |           342
           65 |     3 |           277
           65 |     4 |           238
           65 |     5 |           207
           65 |     6 |           181
           65 |     7 |           153
           65 |     8 |           154
           65 |     9 |           138
           65 |    10 |           118
           65 |    11 |           102
           65 |    12 |            93
           65 |    13 |            81
           65 |    14 |            79
           65 |    15 |            72
           65 |    16 |            60
           65 |    17 |            51
           65 |    18 |            32
           65 |    19 |             0
           65 |    20 |             0
----------------------------------
           66 |     0 |           793
           66 |     1 |           533
           66 |     2 |           373
           66 |     3 |           305
           66 |     4 |           252
           66 |     5 |           224
           66 |     6 |           215
           66 |     7 |           186
           66 |     8 |           170
           66 |     9 |           150
           66 |    10 |           149
           66 |    11 |           119
           66 |    12 |           120
           66 |    13 |           113
           66 |    14 |           105
           66 |    15 |            81
           66 |    16 |            60
           66 |    17 |            48
           66 |    18 |            30
           66 |    19 |             0
           66 |    20 |             0
----------------------------------
           67 |     0 |           943
           67 |     1 |           621
           67 |     2 |           462
           67 |     3 |           378
           67 |     4 |           304
           67 |     5 |           292
           67 |     6 |           263
           67 |     7 |           224
           67 |     8 |           206
           67 |     9 |           194
           67 |    10 |           185
           67 |    11 |           179
           67 |    12 |           148
           67 |    13 |           153
           67 |    14 |           128
           67 |    15 |            92
           67 |    16 |            85
           67 |    17 |            65
           67 |    18 |            36
           67 |    19 |             0
           67 |    20 |             0
----------------------------------
           68 |     0 |           731
           68 |     1 |           451
           68 |     2 |           355
           68 |     3 |           281
           68 |     4 |           245
           68 |     5 |           218
           68 |     6 |           180
           68 |     7 |           169
           68 |     8 |           160
           68 |     9 |           132
           68 |    10 |           124
           68 |    11 |           124
           68 |    12 |           115
           68 |    13 |            90
           68 |    14 |            86
           68 |    15 |            77
           68 |    16 |            69
           68 |    17 |            41
           68 |    18 |            24
           68 |    19 |             0
           68 |    20 |             0
----------------------------------
           69 |     0 |           646
           69 |     1 |           431
           69 |     2 |           327
           69 |     3 |           259
           69 |     4 |           227
           69 |     5 |           180
           69 |     6 |           178
           69 |     7 |           155
           69 |     8 |           160
           69 |     9 |           138
           69 |    10 |           132
           69 |    11 |           112
           69 |    12 |           114
           69 |    13 |           101
           69 |    14 |            71
           69 |    15 |            77
           69 |    16 |            57
           69 |    17 |            57
           69 |    18 |            28
           69 |    19 |             0
           69 |    20 |             0
----------------------------------
           70 |     0 |           539
           70 |     1 |           355
           70 |     2 |           273
           70 |     3 |           221
           70 |     4 |           197
           70 |     5 |           177
           70 |     6 |           149
           70 |     7 |           134
           70 |     8 |           135
           70 |     9 |           123
           70 |    10 |           112
           70 |    11 |           113
           70 |    12 |            76
           70 |    13 |            74
           70 |    14 |            71
           70 |    15 |            63
           70 |    16 |            64
           70 |    17 |            35
           70 |    18 |            29
           70 |    19 |             0
           70 |    20 |             0
----------------------------------
           71 |     0 |           614
           71 |     1 |           378
           71 |     2 |           295
           71 |     3 |           241
           71 |     4 |           223
           71 |     5 |           202
           71 |     6 |           171
           71 |     7 |           158
           71 |     8 |           144
           71 |     9 |           142
           71 |    10 |           109
           71 |    11 |           104
           71 |    12 |            94
           71 |    13 |            97
           71 |    14 |            82
           71 |    15 |            75
           71 |    16 |            61
           71 |    17 |            48
           71 |    18 |            28
           71 |    19 |             0
           71 |    20 |             0
----------------------------------
           72 |     0 |           617
           72 |     1 |           408
           72 |     2 |           335
           72 |     3 |           295
           72 |     4 |           237
           72 |     5 |           209
           72 |     6 |           185
           72 |     7 |           183
           72 |     8 |           162
           72 |     9 |           134
           72 |    10 |           126
           72 |    11 |           114
           72 |    12 |           111
           72 |    13 |           102
           72 |    14 |            93
           72 |    15 |            64
           72 |    16 |            70
           72 |    17 |            50
           72 |    18 |            33
           72 |    19 |             0
           72 |    20 |             0
----------------------------------
           73 |     0 |           441
           73 |     1 |           290
           73 |     2 |           230
           73 |     3 |           202
           73 |     4 |           182
           73 |     5 |           156
           73 |     6 |           132
           73 |     7 |           123
           73 |     8 |           109
           73 |     9 |            92
           73 |    10 |            81
           73 |    11 |            77
           73 |    12 |            77
           73 |    13 |            70
           73 |    14 |            70
           73 |    15 |            48
           73 |    16 |            39
           73 |    17 |            39
           73 |    18 |            24
           73 |    19 |             0
           73 |    20 |             0
----------------------------------
           74 |     0 |           363
           74 |     1 |           232
           74 |     2 |           167
           74 |     3 |           146
           74 |     4 |           134
           74 |     5 |           124
           74 |     6 |           107
           74 |     7 |            96
           74 |     8 |            97
           74 |     9 |            74
           74 |    10 |            79
           74 |    11 |            72
           74 |    12 |            64
           74 |    13 |            57
           74 |    14 |            59
           74 |    15 |            43
           74 |    16 |            39
           74 |    17 |            28
           74 |    18 |            17
           74 |    19 |             0
           74 |    20 |             0
----------------------------------
           75 |     0 |           269
           75 |     1 |           197
           75 |     2 |           145
           75 |     3 |           116
           75 |     4 |           110
           75 |     5 |            92
           75 |     6 |            91
           75 |     7 |            90
           75 |     8 |            82
           75 |     9 |            76
           75 |    10 |            62
           75 |    11 |            60
           75 |    12 |            64
           75 |    13 |            48
           75 |    14 |            42
           75 |    15 |            32
           75 |    16 |            29
           75 |    17 |            25
           75 |    18 |            20
           75 |    19 |             0
           75 |    20 |             0
----------------------------------
           76 |     0 |           318
           76 |     1 |           226
           76 |     2 |           159
           76 |     3 |           149
           76 |     4 |           121
           76 |     5 |           122
           76 |     6 |            99
           76 |     7 |            84
           76 |     8 |            76
           76 |     9 |            73
           76 |    10 |            82
           76 |    11 |            72
           76 |    12 |            71
           76 |    13 |            68
           76 |    14 |            52
           76 |    15 |            50
           76 |    16 |            38
           76 |    17 |            23
           76 |    18 |            17
           76 |    19 |             0
           76 |    20 |             0
----------------------------------
           77 |     0 |           305
           77 |     1 |           197
           77 |     2 |           180
           77 |     3 |           145
           77 |     4 |           132
           77 |     5 |           118
           77 |     6 |           107
           77 |     7 |            97
           77 |     8 |            91
           77 |     9 |            87
           77 |    10 |            86
           77 |    11 |            76
           77 |    12 |            66
           77 |    13 |            68
           77 |    14 |            51
           77 |    15 |            48
           77 |    16 |            35
           77 |    17 |            23
           77 |    18 |            13
           77 |    19 |             0
           77 |    20 |             0
----------------------------------
           78 |     0 |           222
           78 |     1 |           164
           78 |     2 |           141
           78 |     3 |           102
           78 |     4 |            91
           78 |     5 |            73
           78 |     6 |            72
           78 |     7 |            83
           78 |     8 |            77
           78 |     9 |            69
           78 |    10 |            51
           78 |    11 |            46
           78 |    12 |            44
           78 |    13 |            43
           78 |    14 |            36
           78 |    15 |            29
           78 |    16 |            27
           78 |    17 |            20
           78 |    18 |            14
           78 |    19 |             0
           78 |    20 |             0
----------------------------------
           79 |     0 |           181
           79 |     1 |           151
           79 |     2 |           115
           79 |     3 |            96
           79 |     4 |            73
           79 |     5 |            79
           79 |     6 |            58
           79 |     7 |            62
           79 |     8 |            51
           79 |     9 |            41
           79 |    10 |            48
           79 |    11 |            49
           79 |    12 |            39
           79 |    13 |            37
           79 |    14 |            28
           79 |    15 |            30
           79 |    16 |            18
           79 |    17 |            18
           79 |    18 |            11
           79 |    19 |             0
           79 |    20 |             0
----------------------------------
           80 |     0 |           157
           80 |     1 |           102
           80 |     2 |            82
           80 |     3 |            76
           80 |     4 |            61
           80 |     5 |            68
           80 |     6 |            52
           80 |     7 |            57
           80 |     8 |            50
           80 |     9 |            49
           80 |    10 |            49
           80 |    11 |            45
           80 |    12 |            33
           80 |    13 |            40
           80 |    14 |            30
           80 |    15 |            31
           80 |    16 |            24
           80 |    17 |            20
           80 |    18 |            14
           80 |    19 |             0
           80 |    20 |             0
----------------------------------
           81 |     0 |            75
           81 |     1 |            90
           81 |     2 |            69
           81 |     3 |            62
           81 |     4 |            45
           81 |     5 |            34
           81 |     6 |            45
           81 |     7 |            41
           81 |     8 |            42
           81 |     9 |            29
           81 |    10 |            33
           81 |    11 |            36
           81 |    12 |            31
           81 |    13 |            20
           81 |    14 |            26
           81 |    15 |            16
           81 |    16 |            16
           81 |    17 |            13
           81 |    18 |             6
           81 |    19 |             0
           81 |    20 |             0
----------------------------------
           82 |     0 |           147
           82 |     1 |           112
           82 |     2 |            92
           82 |     3 |            69
           82 |     4 |            65
           82 |     5 |            52
           82 |     6 |            57
           82 |     7 |            51
           82 |     8 |            57
           82 |     9 |            47
           82 |    10 |            37
           82 |    11 |            35
           82 |    12 |            34
           82 |    13 |            32
           82 |    14 |            26
           82 |    15 |            24
           82 |    16 |            21
           82 |    17 |            18
           82 |    18 |             8
           82 |    19 |             0
           82 |    20 |             0
----------------------------------
           83 |     0 |            75
           83 |     1 |            63
           83 |     2 |            52
           83 |     3 |            43
           83 |     4 |            33
           83 |     5 |            29
           83 |     6 |            22
           83 |     7 |            27
           83 |     8 |            28
           83 |     9 |            18
           83 |    10 |            17
           83 |    11 |            19
           83 |    12 |            19
           83 |    13 |             9
           83 |    14 |            15
           83 |    15 |            11
           83 |    16 |             7
           83 |    17 |             7
           83 |    18 |             4
           83 |    19 |             0
           83 |    20 |             0
----------------------------------
           84 |     0 |            37
           84 |     1 |            29
           84 |     2 |            32
           84 |     3 |            13
           84 |     4 |            17
           84 |     5 |            11
           84 |     6 |            14
           84 |     7 |            18
           84 |     8 |            12
           84 |     9 |            13
           84 |    10 |            11
           84 |    11 |            11
           84 |    12 |            11
           84 |    13 |             3
           84 |    14 |             6
           84 |    15 |             5
           84 |    16 |             4
           84 |    17 |             3
           84 |    18 |             2
           84 |    19 |             0
           84 |    20 |             0
----------------------------------
           85 |     0 |            58
           85 |     1 |            45
           85 |     2 |            31
           85 |     3 |            28
           85 |     4 |            27
           85 |     5 |            23
           85 |     6 |            23
           85 |     7 |            24
           85 |     8 |            25
           85 |     9 |            21
           85 |    10 |            24
           85 |    11 |            19
           85 |    12 |            20
           85 |    13 |            13
           85 |    14 |            15
           85 |    15 |            11
           85 |    16 |            10
           85 |    17 |             5
           85 |    18 |             3
           85 |    19 |             0
           85 |    20 |             0
----------------------------------
           86 |     0 |            17
           86 |     1 |            21
           86 |     2 |            14
           86 |     3 |            15
           86 |     4 |            15
           86 |     5 |            13
           86 |     6 |            10
           86 |     7 |             9
           86 |     8 |             8
           86 |     9 |             9
           86 |    10 |             7
           86 |    11 |             5
           86 |    12 |             5
           86 |    13 |             5
           86 |    14 |             4
           86 |    15 |             4
           86 |    16 |             5
           86 |    17 |             4
           86 |    18 |             2
           86 |    19 |             0
           86 |    20 |             0
----------------------------------
           87 |     0 |            11
           87 |     1 |             9
           87 |     2 |             9
           87 |     3 |             7
           87 |     4 |             5
           87 |     5 |             5
           87 |     6 |             6
           87 |     7 |             5
           87 |     8 |             7
           87 |     9 |             4
           87 |    10 |             2
           87 |    11 |             4
           87 |    12 |             3
           87 |    13 |             2
           87 |    14 |             0
           87 |    15 |             2
           87 |    16 |             2
           87 |    17 |             2
           87 |    18 |             2
           87 |    19 |             0
           87 |    20 |             0
----------------------------------
           88 |     0 |            18
           88 |     1 |            22
           88 |     2 |            24
           88 |     3 |            14
           88 |     4 |            11
           88 |     5 |            12
           88 |     6 |             7
           88 |     7 |            10
           88 |     8 |            10
           88 |     9 |             9
           88 |    10 |             8
           88 |    11 |             7
           88 |    12 |             1
           88 |    13 |             3
           88 |    14 |             7
           88 |    15 |             2
           88 |    16 |             4
           88 |    17 |             4
           88 |    18 |             3
           88 |    19 |             0
           88 |    20 |             0
----------------------------------
           89 |     0 |            26
           89 |     1 |            17
           89 |     2 |            12
           89 |     3 |            10
           89 |     4 |            14
           89 |     5 |            10
           89 |     6 |            12
           89 |     7 |            14
           89 |     8 |            11
           89 |     9 |             9
           89 |    10 |             9
           89 |    11 |             8
           89 |    12 |             7
           89 |    13 |             7
           89 |    14 |             3
           89 |    15 |             2
           89 |    16 |             3
           89 |    17 |             2
           89 |    18 |             2
           89 |    19 |             0
           89 |    20 |             0
----------------------------------
           90 |     0 |            39
           90 |     1 |            27
           90 |     2 |            20
           90 |     3 |            21
           90 |     4 |            17
           90 |     5 |            17
           90 |     6 |            18
           90 |     7 |            11
           90 |     8 |            16
           90 |     9 |            12
           90 |    10 |            16
           90 |    11 |            12
           90 |    12 |            11
           90 |    13 |            10
           90 |    14 |             7
           90 |    15 |             4
           90 |    16 |             4
           90 |    17 |             4
           90 |    18 |             4
           90 |    19 |             0
           90 |    20 |             0
----------------------------------
           91 |     0 |            34
           91 |     1 |            35
           91 |     2 |            23
           91 |     3 |            25
           91 |     4 |            23
           91 |     5 |            13
           91 |     6 |            16
           91 |     7 |            14
           91 |     8 |            11
           91 |     9 |             9
           91 |    10 |            15
           91 |    11 |            13
           91 |    12 |            10
           91 |    13 |            11
           91 |    14 |             7
           91 |    15 |             5
           91 |    16 |             5
           91 |    17 |             2
           91 |    18 |             2
           91 |    19 |             0
           91 |    20 |             0
----------------------------------
----------------------------------
----------------------------------
----------------------------------
----------------------------------
           96 |     0 |            16
           96 |     1 |            20
           96 |     2 |            13
           96 |     3 |            13
           96 |     4 |            11
           96 |     5 |            14
           96 |     6 |            12
           96 |     7 |            14
           96 |     8 |            12
           96 |     9 |            10
           96 |    10 |             6
           96 |    11 |             8
           96 |    12 |             9
           96 |    13 |            10
           96 |    14 |             7
           96 |    15 |             5
           96 |    16 |             7
           96 |    17 |             3
           96 |    18 |             2
           96 |    19 |             0
           96 |    20 |             0
----------------------------------
----------------------------------
           98 |     0 |            11
           98 |     1 |             9
           98 |     2 |            11
           98 |     3 |            10
           98 |     4 |             7
           98 |     5 |             5
           98 |     6 |             3
           98 |     7 |             5
           98 |     8 |             4
           98 |     9 |             5
           98 |    10 |             4
           98 |    11 |             4
           98 |    12 |             2
           98 |    13 |             3
           98 |    14 |             5
           98 |    15 |             4
           98 |    16 |             3
           98 |    17 |             2
           98 |    18 |             1
           98 |    19 |             0
           98 |    20 |             0
----------------------------------
           99 |     0 |            17
           99 |     1 |            15
           99 |     2 |             6
           99 |     3 |             6
           99 |     4 |             7
           99 |     5 |             6
           99 |     6 |             2
           99 |     7 |             3
           99 |     8 |             3
           99 |     9 |             2
           99 |    10 |             2
           99 |    11 |             2
           99 |    12 |             3
           99 |    13 |             4
           99 |    14 |             4
           99 |    15 |             4
           99 |    16 |             3
           99 |    17 |             5
           99 |    18 |             5
           99 |    19 |             0
           99 |    20 |             0
----------------------------------
----------------------------------
----------------------------------
----------------------------------
          103 |     0 |            13
          103 |     1 |             9
          103 |     2 |             9
          103 |     3 |             5
          103 |     4 |             8
          103 |     5 |             7
          103 |     6 |             7
          103 |     7 |             6
          103 |     8 |             5
          103 |     9 |             3
          103 |    10 |             8
          103 |    11 |             6
          103 |    12 |             2
          103 |    13 |             2
          103 |    14 |             3
          103 |    15 |             5
          103 |    16 |             3
          103 |    17 |             1
          103 |    18 |             1
          103 |    19 |             0
          103 |    20 |             0
----------------------------------
----------------------------------
----------------------------------
----------------------------------
----------------------------------
----------------------------------
----------------------------------
----------------------------------
----------------------------------
----------------------------------
----------------------------------
----------------------------------
----------------------------------
----------------------------------
----------------------------------
----------------------------------
----------------------------------
----------------------------------
----------------------------------
----------------------------------
----------------------------------
----------------------------------
----------------------------------
----------------------------------
----------------------------------
----------------------------------
----------------------------------
----------------------------------
----------------------------------
----------------------------------
----------------------------------
----------------------------------
----------------------------------
----------------------------------
----------------------------------
----------------------------------
----------------------------------
----------------------------------
----------------------------------
----------------------------------
----------------------------------
----------------------------------
----------------------------------
----------------------------------
----------------------------------
----------------------------------
----------------------------------
----------------------------------
----------------------------------
----------------------------------
----------------------------------
----------------------------------
----------------------------------
----------------------------------
----------------------------------
----------------------------------
----------------------------------
----------------------------------
----------------------------------
----------------------------------
----------------------------------
----------------------------------
----------------------------------
----------------------------------
----------------------------------
----------------------------------
----------------------------------
----------------------------------
----------------------------------
----------------------------------
----------------------------------
----------------------------------
----------------------------------
----------------------------------
----------------------------------
----------------------------------
----------------------------------
----------------------------------
----------------------------------
----------------------------------
----------------------------------
----------------------------------
----------------------------------
----------------------------------
----------------------------------
----------------------------------
----------------------------------
----------------------------------
