MinCut number | RSize | Number of cuts
----------------------------------
----------------------------------
----------------------------------
----------------------------------
----------------------------------
----------------------------------
----------------------------------
----------------------------------
----------------------------------
----------------------------------
----------------------------------
----------------------------------
----------------------------------
           32 |     0 |            27
           32 |     1 |             9
           32 |     2 |             2
           32 |     3 |             1
           32 |     4 |             1
           32 |     5 |             0
           32 |     6 |             0
           32 |     7 |             0
           32 |     8 |             0
           32 |     9 |             0
           32 |    10 |             0
           32 |    11 |             0
           32 |    12 |             0
           32 |    13 |             0
           32 |    14 |             0
           32 |    15 |             0
           32 |    16 |             0
           32 |    17 |             3
           32 |    18 |            21
           32 |    19 |             0
           32 |    20 |             0
----------------------------------
           33 |     0 |            11
           33 |     1 |             1
           33 |     2 |             2
           33 |     3 |             3
           33 |     4 |             0
           33 |     5 |             0
           33 |     6 |             1
           33 |     7 |             0
           33 |     8 |             0
           33 |     9 |             0
           33 |    10 |             0
           33 |    11 |             2
           33 |    12 |             0
           33 |    13 |             2
           33 |    14 |             6
           33 |    15 |             0
           33 |    16 |             1
           33 |    17 |             0
           33 |    18 |             4
           33 |    19 |             0
           33 |    20 |             0
----------------------------------
           34 |     0 |            12
           34 |     1 |             5
           34 |     2 |             0
           34 |     3 |             0
           34 |     4 |             1
           34 |     5 |             0
           34 |     6 |             0
           34 |     7 |             0
           34 |     8 |             0
           34 |     9 |             0
           34 |    10 |             0
           34 |    11 |             0
           34 |    12 |             0
           34 |    13 |             0
           34 |    14 |             0
           34 |    15 |             0
           34 |    16 |             0
           34 |    17 |             2
           34 |    18 |            14
           34 |    19 |             0
           34 |    20 |             0
----------------------------------
           35 |     0 |            13
           35 |     1 |             3
           35 |     2 |             2
           35 |     3 |             0
           35 |     4 |             0
           35 |     5 |             0
           35 |     6 |             0
           35 |     7 |             1
           35 |     8 |             0
           35 |     9 |             1
           35 |    10 |             0
           35 |    11 |             0
           35 |    12 |             0
           35 |    13 |             0
           35 |    14 |             0
           35 |    15 |             0
           35 |    16 |             0
           35 |    17 |             7
           35 |    18 |             8
           35 |    19 |             0
           35 |    20 |             0
----------------------------------
           36 |     0 |            11
           36 |     1 |             4
           36 |     2 |             4
           36 |     3 |             1
           36 |     4 |             0
           36 |     5 |             0
           36 |     6 |             0
           36 |     7 |             0
           36 |     8 |             0
           36 |     9 |             0
           36 |    10 |             0
           36 |    11 |             0
           36 |    12 |             1
           36 |    13 |             0
           36 |    14 |             1
           36 |    15 |             2
           36 |    16 |             5
           36 |    17 |             2
           36 |    18 |             5
           36 |    19 |             0
           36 |    20 |             0
----------------------------------
           37 |     0 |            14
           37 |     1 |             3
           37 |     2 |             1
           37 |     3 |             0
           37 |     4 |             0
           37 |     5 |             0
           37 |     6 |             0
           37 |     7 |             0
           37 |     8 |             0
           37 |     9 |             0
           37 |    10 |             0
           37 |    11 |             0
           37 |    12 |             0
           37 |    13 |             0
           37 |    14 |             0
           37 |    15 |             0
           37 |    16 |             1
           37 |    17 |             1
           37 |    18 |            17
           37 |    19 |             0
           37 |    20 |             0
----------------------------------
           38 |     0 |            11
           38 |     1 |             4
           38 |     2 |             1
           38 |     3 |             0
           38 |     4 |             1
           38 |     5 |             1
           38 |     6 |             0
           38 |     7 |             1
           38 |     8 |             1
           38 |     9 |             0
           38 |    10 |             0
           38 |    11 |             0
           38 |    12 |             0
           38 |    13 |             0
           38 |    14 |             0
           38 |    15 |             0
           38 |    16 |             9
           38 |    17 |             3
           38 |    18 |             6
           38 |    19 |             0
           38 |    20 |             0
----------------------------------
           39 |     0 |            26
           39 |     1 |             6
           39 |     2 |             6
           39 |     3 |             2
           39 |     4 |             0
           39 |     5 |             0
           39 |     6 |             0
           39 |     7 |             1
           39 |     8 |             0
           39 |     9 |             0
           39 |    10 |             0
           39 |    11 |             0
           39 |    12 |             0
           39 |    13 |             0
           39 |    14 |             0
           39 |    15 |             1
           39 |    16 |             1
           39 |    17 |             5
           39 |    18 |            30
           39 |    19 |             0
           39 |    20 |             0
----------------------------------
           40 |     0 |            55
           40 |     1 |            27
           40 |     2 |            12
           40 |     3 |             2
           40 |     4 |             4
           40 |     5 |             0
           40 |     6 |             0
           40 |     7 |             0
           40 |     8 |             1
           40 |     9 |             0
           40 |    10 |             0
           40 |    11 |             1
           40 |    12 |             0
           40 |    13 |             0
           40 |    14 |             5
           40 |    15 |             6
           40 |    16 |            11
           40 |    17 |            31
           40 |    18 |            45
           40 |    19 |             0
           40 |    20 |             0
----------------------------------
           41 |     0 |           131
           41 |     1 |            37
           41 |     2 |            11
           41 |     3 |             8
           41 |     4 |             3
           41 |     5 |             2
           41 |     6 |             1
           41 |     7 |             0
           41 |     8 |             0
           41 |     9 |             0
           41 |    10 |             0
           41 |    11 |             1
           41 |    12 |             1
           41 |    13 |             6
           41 |    14 |             2
           41 |    15 |            10
           41 |    16 |            23
           41 |    17 |            34
           41 |    18 |           140
           41 |    19 |             0
           41 |    20 |             0
----------------------------------
           42 |     0 |            44
           42 |     1 |             8
           42 |     2 |             3
           42 |     3 |             0
           42 |     4 |             0
           42 |     5 |             0
           42 |     6 |             1
           42 |     7 |             0
           42 |     8 |             0
           42 |     9 |             0
           42 |    10 |             0
           42 |    11 |             0
           42 |    12 |             0
           42 |    13 |             0
           42 |    14 |             0
           42 |    15 |             0
           42 |    16 |             3
           42 |    17 |            10
           42 |    18 |            57
           42 |    19 |             0
           42 |    20 |             0
----------------------------------
           43 |     0 |            63
           43 |     1 |            26
           43 |     2 |             4
           43 |     3 |             2
           43 |     4 |             1
           43 |     5 |             1
           43 |     6 |             0
           43 |     7 |             0
           43 |     8 |             0
           43 |     9 |             0
           43 |    10 |             1
           43 |    11 |             0
           43 |    12 |             0
           43 |    13 |             0
           43 |    14 |             0
           43 |    15 |             0
           43 |    16 |             5
           43 |    17 |            27
           43 |    18 |            85
           43 |    19 |             0
           43 |    20 |             0
----------------------------------
           44 |     0 |            63
           44 |     1 |            24
           44 |     2 |             9
           44 |     3 |             5
           44 |     4 |             2
           44 |     5 |             1
           44 |     6 |             0
           44 |     7 |             0
           44 |     8 |             0
           44 |     9 |             0
           44 |    10 |             0
           44 |    11 |             0
           44 |    12 |             0
           44 |    13 |             0
           44 |    14 |             1
           44 |    15 |             3
           44 |    16 |             1
           44 |    17 |            22
           44 |    18 |            89
           44 |    19 |             0
           44 |    20 |             0
----------------------------------
           45 |     0 |           106
           45 |     1 |            38
           45 |     2 |            13
           45 |     3 |             5
           45 |     4 |             2
           45 |     5 |             0
           45 |     6 |             0
           45 |     7 |             0
           45 |     8 |             0
           45 |     9 |             0
           45 |    10 |             0
           45 |    11 |             1
           45 |    12 |             0
           45 |    13 |             1
           45 |    14 |             2
           45 |    15 |             7
           45 |    16 |            18
           45 |    17 |            41
           45 |    18 |           126
           45 |    19 |             0
           45 |    20 |             0
----------------------------------
           46 |     0 |           137
           46 |     1 |            30
           46 |     2 |            15
           46 |     3 |             5
           46 |     4 |             3
           46 |     5 |             2
           46 |     6 |             2
           46 |     7 |             0
           46 |     8 |             3
           46 |     9 |             0
           46 |    10 |             0
           46 |    11 |             0
           46 |    12 |             0
           46 |    13 |             2
           46 |    14 |             4
           46 |    15 |             8
           46 |    16 |            27
           46 |    17 |            61
           46 |    18 |           161
           46 |    19 |             0
           46 |    20 |             0
----------------------------------
           47 |     0 |           155
           47 |     1 |            60
           47 |     2 |            24
           47 |     3 |            13
           47 |     4 |             5
           47 |     5 |             1
           47 |     6 |             2
           47 |     7 |             1
           47 |     8 |             1
           47 |     9 |             1
           47 |    10 |             1
           47 |    11 |             2
           47 |    12 |             6
           47 |    13 |             4
           47 |    14 |            10
           47 |    15 |            12
           47 |    16 |            33
           47 |    17 |            98
           47 |    18 |           182
           47 |    19 |             0
           47 |    20 |             0
----------------------------------
           48 |     0 |            82
           48 |     1 |            31
           48 |     2 |            15
           48 |     3 |             5
           48 |     4 |             4
           48 |     5 |             4
           48 |     6 |             2
           48 |     7 |             0
           48 |     8 |             0
           48 |     9 |             1
           48 |    10 |             0
           48 |    11 |             0
           48 |    12 |             0
           48 |    13 |             0
           48 |    14 |             3
           48 |    15 |             4
           48 |    16 |            12
           48 |    17 |            32
           48 |    18 |           141
           48 |    19 |             0
           48 |    20 |             0
----------------------------------
           49 |     0 |           123
           49 |     1 |            32
           49 |     2 |            18
           49 |     3 |             8
           49 |     4 |             8
           49 |     5 |             1
           49 |     6 |             2
           49 |     7 |             3
           49 |     8 |             5
           49 |     9 |             6
           49 |    10 |             3
           49 |    11 |             3
           49 |    12 |             1
           49 |    13 |             1
           49 |    14 |             4
           49 |    15 |             2
           49 |    16 |            22
           49 |    17 |            68
           49 |    18 |           180
           49 |    19 |             0
           49 |    20 |             0
----------------------------------
           50 |     0 |           144
           50 |     1 |            42
           50 |     2 |            10
           50 |     3 |             9
           50 |     4 |             8
           50 |     5 |             8
           50 |     6 |             3
           50 |     7 |             5
           50 |     8 |             2
           50 |     9 |             3
           50 |    10 |             2
           50 |    11 |             0
           50 |    12 |             3
           50 |    13 |             3
           50 |    14 |             3
           50 |    15 |             6
           50 |    16 |            37
           50 |    17 |            78
           50 |    18 |           184
           50 |    19 |             0
           50 |    20 |             0
----------------------------------
           51 |     0 |           168
           51 |     1 |            49
           51 |     2 |            27
           51 |     3 |            14
           51 |     4 |             9
           51 |     5 |             7
           51 |     6 |             4
           51 |     7 |             1
           51 |     8 |             1
           51 |     9 |             1
           51 |    10 |             0
           51 |    11 |             1
           51 |    12 |             0
           51 |    13 |             7
           51 |    14 |             1
           51 |    15 |             9
           51 |    16 |            25
           51 |    17 |           123
           51 |    18 |           216
           51 |    19 |             0
           51 |    20 |             0
----------------------------------
           52 |     0 |           192
           52 |     1 |            74
           52 |     2 |            26
           52 |     3 |            13
           52 |     4 |             4
           52 |     5 |             5
           52 |     6 |             4
           52 |     7 |             0
           52 |     8 |             0
           52 |     9 |             1
           52 |    10 |             1
           52 |    11 |             2
           52 |    12 |             0
           52 |    13 |             0
           52 |    14 |             3
           52 |    15 |            14
           52 |    16 |            22
           52 |    17 |           112
           52 |    18 |           307
           52 |    19 |             0
           52 |    20 |             0
----------------------------------
           53 |     0 |           219
           53 |     1 |            58
           53 |     2 |            26
           53 |     3 |             7
           53 |     4 |             8
           53 |     5 |             3
           53 |     6 |             4
           53 |     7 |             3
           53 |     8 |             2
           53 |     9 |             0
           53 |    10 |             1
           53 |    11 |             1
           53 |    12 |             3
           53 |    13 |             6
           53 |    14 |            14
           53 |    15 |            22
           53 |    16 |            54
           53 |    17 |           115
           53 |    18 |           302
           53 |    19 |             0
           53 |    20 |             0
----------------------------------
           54 |     0 |           352
           54 |     1 |            84
           54 |     2 |            42
           54 |     3 |            12
           54 |     4 |             9
           54 |     5 |             5
           54 |     6 |             2
           54 |     7 |             2
           54 |     8 |             2
           54 |     9 |             1
           54 |    10 |             1
           54 |    11 |             0
           54 |    12 |             0
           54 |    13 |            14
           54 |    14 |            16
           54 |    15 |            31
           54 |    16 |            58
           54 |    17 |           198
           54 |    18 |           521
           54 |    19 |             0
           54 |    20 |             0
----------------------------------
           55 |     0 |           287
           55 |     1 |            88
           55 |     2 |            41
           55 |     3 |            11
           55 |     4 |             4
           55 |     5 |             8
           55 |     6 |             6
           55 |     7 |             4
           55 |     8 |             0
           55 |     9 |             3
           55 |    10 |             3
           55 |    11 |             2
           55 |    12 |             2
           55 |    13 |             4
           55 |    14 |            13
           55 |    15 |            15
           55 |    16 |            41
           55 |    17 |           184
           55 |    18 |           439
           55 |    19 |             0
           55 |    20 |             0
----------------------------------
           56 |     0 |           341
           56 |     1 |            96
           56 |     2 |            39
           56 |     3 |            22
           56 |     4 |            18
           56 |     5 |             6
           56 |     6 |             9
           56 |     7 |             7
           56 |     8 |             5
           56 |     9 |             1
           56 |    10 |             2
           56 |    11 |             2
           56 |    12 |             7
           56 |    13 |             8
           56 |    14 |            14
           56 |    15 |            24
           56 |    16 |            76
           56 |    17 |           204
           56 |    18 |           519
           56 |    19 |             0
           56 |    20 |             0
----------------------------------
           57 |     0 |           251
           57 |     1 |            66
           57 |     2 |            22
           57 |     3 |             9
           57 |     4 |             4
           57 |     5 |             6
           57 |     6 |             2
           57 |     7 |             1
           57 |     8 |             0
           57 |     9 |             0
           57 |    10 |             0
           57 |    11 |             1
           57 |    12 |             1
           57 |    13 |             2
           57 |    14 |             3
           57 |    15 |            15
           57 |    16 |            53
           57 |    17 |           175
           57 |    18 |           415
           57 |    19 |             0
           57 |    20 |             0
----------------------------------
           58 |     0 |           491
           58 |     1 |           133
           58 |     2 |            37
           58 |     3 |            13
           58 |     4 |             5
           58 |     5 |             5
           58 |     6 |             1
           58 |     7 |             6
           58 |     8 |             0
           58 |     9 |             2
           58 |    10 |             0
           58 |    11 |             5
           58 |    12 |             8
           58 |    13 |             4
           58 |    14 |            12
           58 |    15 |            21
           58 |    16 |            69
           58 |    17 |           330
           58 |    18 |           830
           58 |    19 |             0
           58 |    20 |             0
----------------------------------
           59 |     0 |           345
           59 |     1 |           110
           59 |     2 |            41
           59 |     3 |            16
           59 |     4 |            12
           59 |     5 |             2
           59 |     6 |             3
           59 |     7 |             2
           59 |     8 |             2
           59 |     9 |             3
           59 |    10 |             4
           59 |    11 |             9
           59 |    12 |            15
           59 |    13 |            17
           59 |    14 |            21
           59 |    15 |            34
           59 |    16 |            85
           59 |    17 |           230
           59 |    18 |           583
           59 |    19 |             0
           59 |    20 |             0
----------------------------------
           60 |     0 |           285
           60 |     1 |           100
           60 |     2 |            24
           60 |     3 |            12
           60 |     4 |             7
           60 |     5 |             3
           60 |     6 |             2
           60 |     7 |             2
           60 |     8 |             0
           60 |     9 |             2
           60 |    10 |             6
           60 |    11 |             1
           60 |    12 |             3
           60 |    13 |             7
           60 |    14 |            16
           60 |    15 |            37
           60 |    16 |            84
           60 |    17 |           224
           60 |    18 |           445
           60 |    19 |             0
           60 |    20 |             0
----------------------------------
           61 |     0 |           325
           61 |     1 |           136
           61 |     2 |            39
           61 |     3 |            16
           61 |     4 |             5
           61 |     5 |             4
           61 |     6 |             4
           61 |     7 |             2
           61 |     8 |             1
           61 |     9 |             1
           61 |    10 |             3
           61 |    11 |             1
           61 |    12 |             3
           61 |    13 |             4
           61 |    14 |            11
           61 |    15 |            31
           61 |    16 |            96
           61 |    17 |           274
           61 |    18 |           569
           61 |    19 |             0
           61 |    20 |             0
----------------------------------
           62 |     0 |           357
           62 |     1 |           116
           62 |     2 |            35
           62 |     3 |            22
           62 |     4 |            12
           62 |     5 |             4
           62 |     6 |             2
           62 |     7 |             1
           62 |     8 |             2
           62 |     9 |             2
           62 |    10 |             7
           62 |    11 |             3
           62 |    12 |            16
           62 |    13 |            11
           62 |    14 |            17
           62 |    15 |            69
           62 |    16 |           118
           62 |    17 |           289
           62 |    18 |           529
           62 |    19 |             0
           62 |    20 |             0
----------------------------------
           63 |     0 |           406
           63 |     1 |           116
           63 |     2 |            54
           63 |     3 |            21
           63 |     4 |             8
           63 |     5 |             8
           63 |     6 |             2
           63 |     7 |             3
           63 |     8 |             4
           63 |     9 |             4
           63 |    10 |             3
           63 |    11 |             3
           63 |    12 |             5
           63 |    13 |             9
           63 |    14 |            20
           63 |    15 |            70
           63 |    16 |           126
           63 |    17 |           277
           63 |    18 |           688
           63 |    19 |             0
           63 |    20 |             0
----------------------------------
           64 |     0 |           417
           64 |     1 |           129
           64 |     2 |            39
           64 |     3 |            11
           64 |     4 |             7
           64 |     5 |             3
           64 |     6 |             2
           64 |     7 |             6
           64 |     8 |             2
           64 |     9 |             4
           64 |    10 |             1
           64 |    11 |             3
           64 |    12 |             3
           64 |    13 |            12
           64 |    14 |            37
           64 |    15 |            71
           64 |    16 |           128
           64 |    17 |           358
           64 |    18 |           687
           64 |    19 |             0
           64 |    20 |             0
----------------------------------
           65 |     0 |           331
           65 |     1 |            92
           65 |     2 |            31
           65 |     3 |            14
           65 |     4 |            11
           65 |     5 |             5
           65 |     6 |             1
           65 |     7 |             1
           65 |     8 |             0
           65 |     9 |             0
           65 |    10 |             1
           65 |    11 |             4
           65 |    12 |             4
           65 |    13 |            10
           65 |    14 |            21
           65 |    15 |            61
           65 |    16 |           134
           65 |    17 |           305
           65 |    18 |           534
           65 |    19 |             0
           65 |    20 |             0
----------------------------------
           66 |     0 |           300
           66 |     1 |           102
           66 |     2 |            31
           66 |     3 |            15
           66 |     4 |            11
           66 |     5 |             2
           66 |     6 |             1
           66 |     7 |             2
           66 |     8 |             1
           66 |     9 |             4
           66 |    10 |             5
           66 |    11 |             2
           66 |    12 |             7
           66 |    13 |             9
           66 |    14 |            18
           66 |    15 |            34
           66 |    16 |            98
           66 |    17 |           321
           66 |    18 |           555
           66 |    19 |             0
           66 |    20 |             0
----------------------------------
           67 |     0 |           384
           67 |     1 |           113
           67 |     2 |            38
           67 |     3 |            24
           67 |     4 |            12
           67 |     5 |             8
           67 |     6 |             3
           67 |     7 |             2
           67 |     8 |             1
           67 |     9 |             1
           67 |    10 |             1
           67 |    11 |             1
           67 |    12 |             6
           67 |    13 |            15
           67 |    14 |            23
           67 |    15 |            63
           67 |    16 |           132
           67 |    17 |           365
           67 |    18 |           684
           67 |    19 |             0
           67 |    20 |             0
----------------------------------
           68 |     0 |           362
           68 |     1 |           135
           68 |     2 |            48
           68 |     3 |            17
           68 |     4 |            19
           68 |     5 |             9
           68 |     6 |             4
           68 |     7 |             3
           68 |     8 |             2
           68 |     9 |             0
           68 |    10 |             3
           68 |    11 |             3
           68 |    12 |            15
           68 |    13 |            18
           68 |    14 |            25
           68 |    15 |            71
           68 |    16 |           176
           68 |    17 |           357
           68 |    18 |           637
           68 |    19 |             0
           68 |    20 |             0
----------------------------------
           69 |     0 |           456
           69 |     1 |           132
           69 |     2 |            53
           69 |     3 |            22
           69 |     4 |            13
           69 |     5 |             6
           69 |     6 |             6
           69 |     7 |             7
           69 |     8 |             4
           69 |     9 |             5
           69 |    10 |             6
           69 |    11 |             3
           69 |    12 |            11
           69 |    13 |            18
           69 |    14 |            40
           69 |    15 |            85
           69 |    16 |           205
           69 |    17 |           432
           69 |    18 |           842
           69 |    19 |             0
           69 |    20 |             0
----------------------------------
           70 |     0 |           463
           70 |     1 |           110
           70 |     2 |            47
           70 |     3 |            20
           70 |     4 |            14
           70 |     5 |            10
           70 |     6 |            11
           70 |     7 |            15
           70 |     8 |             6
           70 |     9 |            16
           70 |    10 |            13
           70 |    11 |            21
           70 |    12 |            10
           70 |    13 |            11
           70 |    14 |            46
           70 |    15 |           105
           70 |    16 |           211
           70 |    17 |           451
           70 |    18 |           730
           70 |    19 |             0
           70 |    20 |             0
----------------------------------
           71 |     0 |           301
           71 |     1 |           104
           71 |     2 |            39
           71 |     3 |            19
           71 |     4 |             9
           71 |     5 |             6
           71 |     6 |             3
           71 |     7 |             0
           71 |     8 |             2
           71 |     9 |             4
           71 |    10 |             7
           71 |    11 |             5
           71 |    12 |             7
           71 |    13 |            13
           71 |    14 |            15
           71 |    15 |            35
           71 |    16 |           113
           71 |    17 |           293
           71 |    18 |           587
           71 |    19 |             0
           71 |    20 |             0
----------------------------------
           72 |     0 |           425
           72 |     1 |           115
           72 |     2 |            40
           72 |     3 |            18
           72 |     4 |            14
           72 |     5 |             6
           72 |     6 |             1
           72 |     7 |             5
           72 |     8 |             3
           72 |     9 |             6
           72 |    10 |             2
           72 |    11 |             2
           72 |    12 |             6
           72 |    13 |            12
           72 |    14 |            38
           72 |    15 |            78
           72 |    16 |           218
           72 |    17 |           393
           72 |    18 |           778
           72 |    19 |             0
           72 |    20 |             0
----------------------------------
           73 |     0 |           291
           73 |     1 |            96
           73 |     2 |            33
           73 |     3 |            22
           73 |     4 |            14
           73 |     5 |             8
           73 |     6 |             3
           73 |     7 |             3
           73 |     8 |             2
           73 |     9 |             3
           73 |    10 |             2
           73 |    11 |             7
           73 |    12 |             6
           73 |    13 |             8
           73 |    14 |            28
           73 |    15 |            64
           73 |    16 |           127
           73 |    17 |           276
           73 |    18 |           540
           73 |    19 |             0
           73 |    20 |             0
----------------------------------
           74 |     0 |           402
           74 |     1 |           117
           74 |     2 |            43
           74 |     3 |            14
           74 |     4 |             6
           74 |     5 |             2
           74 |     6 |             4
           74 |     7 |             3
           74 |     8 |             2
           74 |     9 |             1
           74 |    10 |             5
           74 |    11 |             6
           74 |    12 |            10
           74 |    13 |             9
           74 |    14 |            56
           74 |    15 |            83
           74 |    16 |           170
           74 |    17 |           440
           74 |    18 |           699
           74 |    19 |             0
           74 |    20 |             0
----------------------------------
           75 |     0 |           318
           75 |     1 |           110
           75 |     2 |            27
           75 |     3 |            19
           75 |     4 |            10
           75 |     5 |             4
           75 |     6 |             3
           75 |     7 |             1
           75 |     8 |             3
           75 |     9 |             1
           75 |    10 |             7
           75 |    11 |             7
           75 |    12 |             9
           75 |    13 |            20
           75 |    14 |            44
           75 |    15 |            86
           75 |    16 |           133
           75 |    17 |           338
           75 |    18 |           585
           75 |    19 |             0
           75 |    20 |             0
----------------------------------
           76 |     0 |           234
           76 |     1 |            71
           76 |     2 |            24
           76 |     3 |            15
           76 |     4 |            10
           76 |     5 |             6
           76 |     6 |             3
           76 |     7 |             2
           76 |     8 |             4
           76 |     9 |             4
           76 |    10 |             4
           76 |    11 |             7
           76 |    12 |            13
           76 |    13 |            12
           76 |    14 |            31
           76 |    15 |            73
           76 |    16 |           163
           76 |    17 |           282
           76 |    18 |           334
           76 |    19 |             0
           76 |    20 |             0
----------------------------------
           77 |     0 |           211
           77 |     1 |            55
           77 |     2 |            24
           77 |     3 |             4
           77 |     4 |             1
           77 |     5 |             2
           77 |     6 |             3
           77 |     7 |             4
           77 |     8 |             6
           77 |     9 |             2
           77 |    10 |             2
           77 |    11 |             5
           77 |    12 |             5
           77 |    13 |             9
           77 |    14 |            11
           77 |    15 |            44
           77 |    16 |           139
           77 |    17 |           225
           77 |    18 |           403
           77 |    19 |             0
           77 |    20 |             0
----------------------------------
           78 |     0 |           341
           78 |     1 |           107
           78 |     2 |            54
           78 |     3 |            23
           78 |     4 |             9
           78 |     5 |            14
           78 |     6 |             7
           78 |     7 |             4
           78 |     8 |             6
           78 |     9 |             4
           78 |    10 |             8
           78 |    11 |            14
           78 |    12 |            14
           78 |    13 |            28
           78 |    14 |            39
           78 |    15 |            74
           78 |    16 |           173
           78 |    17 |           387
           78 |    18 |           566
           78 |    19 |             0
           78 |    20 |             0
----------------------------------
           79 |     0 |           181
           79 |     1 |            56
           79 |     2 |            25
           79 |     3 |            13
           79 |     4 |            11
           79 |     5 |            10
           79 |     6 |             9
           79 |     7 |             3
           79 |     8 |             3
           79 |     9 |             4
           79 |    10 |             3
           79 |    11 |             1
           79 |    12 |             5
           79 |    13 |            16
           79 |    14 |            30
           79 |    15 |            40
           79 |    16 |            88
           79 |    17 |           215
           79 |    18 |           314
           79 |    19 |             0
           79 |    20 |             0
----------------------------------
           80 |     0 |           218
           80 |     1 |            70
           80 |     2 |            35
           80 |     3 |            19
           80 |     4 |             5
           80 |     5 |             7
           80 |     6 |             1
           80 |     7 |             2
           80 |     8 |             1
           80 |     9 |             2
           80 |    10 |             1
           80 |    11 |             1
           80 |    12 |             9
           80 |    13 |            21
           80 |    14 |            34
           80 |    15 |            75
           80 |    16 |           137
           80 |    17 |           264
           80 |    18 |           378
           80 |    19 |             0
           80 |    20 |             0
----------------------------------
           81 |     0 |           287
           81 |     1 |            85
           81 |     2 |            23
           81 |     3 |            13
           81 |     4 |             3
           81 |     5 |             3
           81 |     6 |             3
           81 |     7 |             3
           81 |     8 |             4
           81 |     9 |             1
           81 |    10 |             7
           81 |    11 |             8
           81 |    12 |             9
           81 |    13 |            13
           81 |    14 |            38
           81 |    15 |            58
           81 |    16 |           153
           81 |    17 |           353
           81 |    18 |           475
           81 |    19 |             0
           81 |    20 |             0
----------------------------------
           82 |     0 |           139
           82 |     1 |            38
           82 |     2 |            16
           82 |     3 |             9
           82 |     4 |             4
           82 |     5 |             3
           82 |     6 |             5
           82 |     7 |             5
           82 |     8 |             4
           82 |     9 |             4
           82 |    10 |             5
           82 |    11 |             8
           82 |    12 |            16
           82 |    13 |            21
           82 |    14 |            19
           82 |    15 |            48
           82 |    16 |            94
           82 |    17 |           186
           82 |    18 |           196
           82 |    19 |             0
           82 |    20 |             0
----------------------------------
           83 |     0 |           221
           83 |     1 |            56
           83 |     2 |            20
           83 |     3 |            12
           83 |     4 |             7
           83 |     5 |             1
           83 |     6 |             1
           83 |     7 |             0
           83 |     8 |             2
           83 |     9 |             3
           83 |    10 |             8
           83 |    11 |             1
           83 |    12 |             3
           83 |    13 |             5
           83 |    14 |            21
           83 |    15 |            53
           83 |    16 |           120
           83 |    17 |           306
           83 |    18 |           405
           83 |    19 |             0
           83 |    20 |             0
----------------------------------
           84 |     0 |           177
           84 |     1 |            59
           84 |     2 |            21
           84 |     3 |            13
           84 |     4 |             3
           84 |     5 |             2
           84 |     6 |             3
           84 |     7 |             2
           84 |     8 |             1
           84 |     9 |             2
           84 |    10 |             0
           84 |    11 |             1
           84 |    12 |             1
           84 |    13 |             3
           84 |    14 |            25
           84 |    15 |            41
           84 |    16 |           127
           84 |    17 |           230
           84 |    18 |           297
           84 |    19 |             0
           84 |    20 |             0
----------------------------------
           85 |     0 |           211
           85 |     1 |            71
           85 |     2 |            26
           85 |     3 |            15
           85 |     4 |             7
           85 |     5 |             3
           85 |     6 |             4
           85 |     7 |             1
           85 |     8 |             1
           85 |     9 |             1
           85 |    10 |             3
           85 |    11 |             5
           85 |    12 |             8
           85 |    13 |            13
           85 |    14 |            30
           85 |    15 |            81
           85 |    16 |           145
           85 |    17 |           272
           85 |    18 |           378
           85 |    19 |             0
           85 |    20 |             0
----------------------------------
           86 |     0 |           278
           86 |     1 |            75
           86 |     2 |            36
           86 |     3 |            16
           86 |     4 |            10
           86 |     5 |             2
           86 |     6 |             7
           86 |     7 |             5
           86 |     8 |             3
           86 |     9 |             1
           86 |    10 |             5
           86 |    11 |             3
           86 |    12 |             4
           86 |    13 |            19
           86 |    14 |            47
           86 |    15 |            89
           86 |    16 |           227
           86 |    17 |           320
           86 |    18 |           487
           86 |    19 |             0
           86 |    20 |             0
----------------------------------
           87 |     0 |            70
           87 |     1 |            21
           87 |     2 |             6
           87 |     3 |             3
           87 |     4 |             1
           87 |     5 |             0
           87 |     6 |             1
           87 |     7 |             2
           87 |     8 |             1
           87 |     9 |             0
           87 |    10 |             0
           87 |    11 |             1
           87 |    12 |             0
           87 |    13 |             5
           87 |    14 |            11
           87 |    15 |            20
           87 |    16 |            47
           87 |    17 |            89
           87 |    18 |           157
           87 |    19 |             0
           87 |    20 |             0
----------------------------------
           88 |     0 |           217
           88 |     1 |            71
           88 |     2 |            34
           88 |     3 |            17
           88 |     4 |             7
           88 |     5 |             8
           88 |     6 |             7
           88 |     7 |             4
           88 |     8 |             2
           88 |     9 |             6
           88 |    10 |            10
           88 |    11 |            17
           88 |    12 |            18
           88 |    13 |            33
           88 |    14 |            57
           88 |    15 |           106
           88 |    16 |           223
           88 |    17 |           284
           88 |    18 |           375
           88 |    19 |             0
           88 |    20 |             0
----------------------------------
           89 |     0 |           148
           89 |     1 |            46
           89 |     2 |            20
           89 |     3 |            14
           89 |     4 |            11
           89 |     5 |             4
           89 |     6 |             4
           89 |     7 |             4
           89 |     8 |             8
           89 |     9 |            13
           89 |    10 |             7
           89 |    11 |            11
           89 |    12 |            16
           89 |    13 |            19
           89 |    14 |            32
           89 |    15 |            44
           89 |    16 |            93
           89 |    17 |           151
           89 |    18 |           245
           89 |    19 |             0
           89 |    20 |             0
----------------------------------
           90 |     0 |            57
           90 |     1 |            19
           90 |     2 |            11
           90 |     3 |             3
           90 |     4 |             4
           90 |     5 |             4
           90 |     6 |             2
           90 |     7 |             0
           90 |     8 |             1
           90 |     9 |             3
           90 |    10 |             5
           90 |    11 |             7
           90 |    12 |            11
           90 |    13 |             6
           90 |    14 |             8
           90 |    15 |            30
           90 |    16 |            48
           90 |    17 |            61
           90 |    18 |            80
           90 |    19 |             0
           90 |    20 |             0
----------------------------------
           91 |     0 |            95
           91 |     1 |            26
           91 |     2 |            11
           91 |     3 |             1
           91 |     4 |             1
           91 |     5 |             0
           91 |     6 |             0
           91 |     7 |             0
           91 |     8 |             1
           91 |     9 |             0
           91 |    10 |             1
           91 |    11 |             3
           91 |    12 |             5
           91 |    13 |             3
           91 |    14 |            14
           91 |    15 |            32
           91 |    16 |            78
           91 |    17 |           128
           91 |    18 |           147
           91 |    19 |             0
           91 |    20 |             0
----------------------------------
           92 |     0 |           113
           92 |     1 |            43
           92 |     2 |             8
           92 |     3 |             7
           92 |     4 |             4
           92 |     5 |             0
           92 |     6 |             3
           92 |     7 |             2
           92 |     8 |             0
           92 |     9 |             1
           92 |    10 |             1
           92 |    11 |             4
           92 |    12 |            10
           92 |    13 |            13
           92 |    14 |            28
           92 |    15 |            33
           92 |    16 |            82
           92 |    17 |           159
           92 |    18 |           225
           92 |    19 |             0
           92 |    20 |             0
----------------------------------
           93 |     0 |           134
           93 |     1 |            41
           93 |     2 |            16
           93 |     3 |             7
           93 |     4 |             3
           93 |     5 |             1
           93 |     6 |             2
           93 |     7 |             0
           93 |     8 |             4
           93 |     9 |             6
           93 |    10 |            13
           93 |    11 |            20
           93 |    12 |            17
           93 |    13 |            23
           93 |    14 |            37
           93 |    15 |            74
           93 |    16 |           128
           93 |    17 |           190
           93 |    18 |           214
           93 |    19 |             0
           93 |    20 |             0
----------------------------------
----------------------------------
           95 |     0 |           119
           95 |     1 |            30
           95 |     2 |            15
           95 |     3 |             6
           95 |     4 |             3
           95 |     5 |             2
           95 |     6 |             0
           95 |     7 |             1
           95 |     8 |             1
           95 |     9 |             0
           95 |    10 |             3
           95 |    11 |             6
           95 |    12 |             6
           95 |    13 |            15
           95 |    14 |            45
           95 |    15 |            61
           95 |    16 |            98
           95 |    17 |           180
           95 |    18 |           169
           95 |    19 |             0
           95 |    20 |             0
----------------------------------
           96 |     0 |            69
           96 |     1 |            20
           96 |     2 |            12
           96 |     3 |             5
           96 |     4 |             4
           96 |     5 |             0
           96 |     6 |             5
           96 |     7 |             3
           96 |     8 |             5
           96 |     9 |             4
           96 |    10 |             2
           96 |    11 |             3
           96 |    12 |             7
           96 |    13 |            20
           96 |    14 |            23
           96 |    15 |            39
           96 |    16 |            63
           96 |    17 |            81
           96 |    18 |           115
           96 |    19 |             0
           96 |    20 |             0
----------------------------------
           97 |     0 |            18
           97 |     1 |             0
           97 |     2 |             0
           97 |     3 |             0
           97 |     4 |             0
           97 |     5 |             0
           97 |     6 |             0
           97 |     7 |             1
           97 |     8 |             0
           97 |     9 |             0
           97 |    10 |             0
           97 |    11 |             0
           97 |    12 |             0
           97 |    13 |             1
           97 |    14 |             3
           97 |    15 |             5
           97 |    16 |            15
           97 |    17 |            25
           97 |    18 |            29
           97 |    19 |             0
           97 |    20 |             0
----------------------------------
           98 |     0 |            91
           98 |     1 |            30
           98 |     2 |            16
           98 |     3 |             8
           98 |     4 |             9
           98 |     5 |             6
           98 |     6 |             7
           98 |     7 |             5
           98 |     8 |             5
           98 |     9 |             8
           98 |    10 |             5
           98 |    11 |            10
           98 |    12 |             7
           98 |    13 |            13
           98 |    14 |            30
           98 |    15 |            51
           98 |    16 |            86
           98 |    17 |           155
           98 |    18 |           144
           98 |    19 |             0
           98 |    20 |             0
----------------------------------
           99 |     0 |            39
           99 |     1 |            17
           99 |     2 |             4
           99 |     3 |             2
           99 |     4 |             0
           99 |     5 |             1
           99 |     6 |             0
           99 |     7 |             0
           99 |     8 |             0
           99 |     9 |             0
           99 |    10 |             0
           99 |    11 |             1
           99 |    12 |             3
           99 |    13 |             4
           99 |    14 |            11
           99 |    15 |            18
           99 |    16 |            44
           99 |    17 |            66
           99 |    18 |            87
           99 |    19 |             0
           99 |    20 |             0
----------------------------------
          100 |     0 |            13
          100 |     1 |             7
          100 |     2 |             4
          100 |     3 |             2
          100 |     4 |             0
          100 |     5 |             1
          100 |     6 |             1
          100 |     7 |             0
          100 |     8 |             0
          100 |     9 |             0
          100 |    10 |             0
          100 |    11 |             0
          100 |    12 |             0
          100 |    13 |             0
          100 |    14 |             0
          100 |    15 |             2
          100 |    16 |             5
          100 |    17 |            32
          100 |    18 |            33
          100 |    19 |             0
          100 |    20 |             0
----------------------------------
          101 |     0 |            44
          101 |     1 |            14
          101 |     2 |             7
          101 |     3 |             1
          101 |     4 |             3
          101 |     5 |             0
          101 |     6 |             0
          101 |     7 |             0
          101 |     8 |             0
          101 |     9 |             0
          101 |    10 |             1
          101 |    11 |             0
          101 |    12 |             3
          101 |    13 |            11
          101 |    14 |             9
          101 |    15 |            22
          101 |    16 |            53
          101 |    17 |            60
          101 |    18 |            75
          101 |    19 |             0
          101 |    20 |             0
----------------------------------
          102 |     0 |            19
          102 |     1 |             1
          102 |     2 |             0
          102 |     3 |             0
          102 |     4 |             1
          102 |     5 |             0
          102 |     6 |             1
          102 |     7 |             0
          102 |     8 |             1
          102 |     9 |             1
          102 |    10 |             2
          102 |    11 |             0
          102 |    12 |             0
          102 |    13 |             0
          102 |    14 |             1
          102 |    15 |            11
          102 |    16 |            10
          102 |    17 |            23
          102 |    18 |            31
          102 |    19 |             0
          102 |    20 |             0
----------------------------------
----------------------------------
          104 |     0 |            29
          104 |     1 |             7
          104 |     2 |             2
          104 |     3 |             2
          104 |     4 |             0
          104 |     5 |             0
          104 |     6 |             1
          104 |     7 |             1
          104 |     8 |             0
          104 |     9 |             0
          104 |    10 |             0
          104 |    11 |             1
          104 |    12 |             1
          104 |    13 |             7
          104 |    14 |             8
          104 |    15 |            13
          104 |    16 |            35
          104 |    17 |            38
          104 |    18 |            63
          104 |    19 |             0
          104 |    20 |             0
----------------------------------
          105 |     0 |            35
          105 |     1 |            15
          105 |     2 |             6
          105 |     3 |             2
          105 |     4 |             0
          105 |     5 |             5
          105 |     6 |             2
          105 |     7 |             0
          105 |     8 |             1
          105 |     9 |             2
          105 |    10 |             2
          105 |    11 |            10
          105 |    12 |            12
          105 |    13 |            17
          105 |    14 |            23
          105 |    15 |            40
          105 |    16 |            46
          105 |    17 |            42
          105 |    18 |            55
          105 |    19 |             0
          105 |    20 |             0
----------------------------------
----------------------------------
          107 |     0 |            26
          107 |     1 |            10
          107 |     2 |             5
          107 |     3 |             1
          107 |     4 |             0
          107 |     5 |             0
          107 |     6 |             1
          107 |     7 |             0
          107 |     8 |             2
          107 |     9 |             0
          107 |    10 |             0
          107 |    11 |             0
          107 |    12 |             5
          107 |    13 |            10
          107 |    14 |            10
          107 |    15 |            15
          107 |    16 |            39
          107 |    17 |            45
          107 |    18 |            45
          107 |    19 |             0
          107 |    20 |             0
----------------------------------
          108 |     0 |            44
          108 |     1 |            13
          108 |     2 |             2
          108 |     3 |             1
          108 |     4 |             3
          108 |     5 |             1
          108 |     6 |             4
          108 |     7 |            10
          108 |     8 |            10
          108 |     9 |             7
          108 |    10 |            14
          108 |    11 |            11
          108 |    12 |             9
          108 |    13 |            19
          108 |    14 |            27
          108 |    15 |            34
          108 |    16 |            44
          108 |    17 |            32
          108 |    18 |            39
          108 |    19 |             0
          108 |    20 |             0
----------------------------------
          109 |     0 |            26
          109 |     1 |            14
          109 |     2 |             4
          109 |     3 |             0
          109 |     4 |             0
          109 |     5 |             0
          109 |     6 |             1
          109 |     7 |             0
          109 |     8 |             0
          109 |     9 |             2
          109 |    10 |             3
          109 |    11 |             5
          109 |    12 |             8
          109 |    13 |            11
          109 |    14 |            20
          109 |    15 |            14
          109 |    16 |            30
          109 |    17 |            45
          109 |    18 |            35
          109 |    19 |             0
          109 |    20 |             0
----------------------------------
          110 |     0 |            25
          110 |     1 |             9
          110 |     2 |             6
          110 |     3 |             2
          110 |     4 |             3
          110 |     5 |             2
          110 |     6 |             2
          110 |     7 |             1
          110 |     8 |             1
          110 |     9 |             1
          110 |    10 |             1
          110 |    11 |             1
          110 |    12 |            11
          110 |    13 |             9
          110 |    14 |            13
          110 |    15 |            13
          110 |    16 |            35
          110 |    17 |            47
          110 |    18 |            38
          110 |    19 |             0
          110 |    20 |             0
----------------------------------
----------------------------------
----------------------------------
          113 |     0 |            30
          113 |     1 |            13
          113 |     2 |             2
          113 |     3 |             2
          113 |     4 |             4
          113 |     5 |             3
          113 |     6 |             2
          113 |     7 |             3
          113 |     8 |             1
          113 |     9 |             1
          113 |    10 |             5
          113 |    11 |             3
          113 |    12 |             7
          113 |    13 |             8
          113 |    14 |            11
          113 |    15 |            25
          113 |    16 |            36
          113 |    17 |            38
          113 |    18 |            32
          113 |    19 |             0
          113 |    20 |             0
----------------------------------
          114 |     0 |            26
          114 |     1 |             7
          114 |     2 |             2
          114 |     3 |             4
          114 |     4 |             0
          114 |     5 |             2
          114 |     6 |             5
          114 |     7 |             4
          114 |     8 |             2
          114 |     9 |             7
          114 |    10 |             5
          114 |    11 |             4
          114 |    12 |             6
          114 |    13 |             8
          114 |    14 |            16
          114 |    15 |            23
          114 |    16 |            25
          114 |    17 |            39
          114 |    18 |            43
          114 |    19 |             0
          114 |    20 |             0
----------------------------------
          115 |     0 |            14
          115 |     1 |             7
          115 |     2 |             3
          115 |     3 |             0
          115 |     4 |             0
          115 |     5 |             0
          115 |     6 |             0
          115 |     7 |             0
          115 |     8 |             0
          115 |     9 |             0
          115 |    10 |             0
          115 |    11 |             0
          115 |    12 |             2
          115 |    13 |             1
          115 |    14 |             5
          115 |    15 |            12
          115 |    16 |            26
          115 |    17 |            27
          115 |    18 |            18
          115 |    19 |             0
          115 |    20 |             0
----------------------------------
          116 |     0 |            13
          116 |     1 |             7
          116 |     2 |             1
          116 |     3 |             2
          116 |     4 |             1
          116 |     5 |             2
          116 |     6 |             0
          116 |     7 |             1
          116 |     8 |             2
          116 |     9 |             3
          116 |    10 |             1
          116 |    11 |             4
          116 |    12 |             9
          116 |    13 |             6
          116 |    14 |             3
          116 |    15 |             5
          116 |    16 |             9
          116 |    17 |            17
          116 |    18 |            30
          116 |    19 |             0
          116 |    20 |             0
----------------------------------
----------------------------------
----------------------------------
----------------------------------
----------------------------------
----------------------------------
----------------------------------
----------------------------------
----------------------------------
----------------------------------
----------------------------------
----------------------------------
----------------------------------
          129 |     0 |            12
          129 |     1 |             7
          129 |     2 |             0
          129 |     3 |             3
          129 |     4 |             0
          129 |     5 |             0
          129 |     6 |             0
          129 |     7 |             0
          129 |     8 |             0
          129 |     9 |             0
          129 |    10 |             0
          129 |    11 |             1
          129 |    12 |             5
          129 |    13 |            10
          129 |    14 |            14
          129 |    15 |            17
          129 |    16 |            21
          129 |    17 |            25
          129 |    18 |            14
          129 |    19 |             0
          129 |    20 |             0
----------------------------------
----------------------------------
----------------------------------
----------------------------------
----------------------------------
----------------------------------
----------------------------------
----------------------------------
----------------------------------
----------------------------------
----------------------------------
----------------------------------
----------------------------------
----------------------------------
----------------------------------
----------------------------------
----------------------------------
----------------------------------
----------------------------------
----------------------------------
----------------------------------
----------------------------------
----------------------------------
----------------------------------
----------------------------------
----------------------------------
----------------------------------
----------------------------------
----------------------------------
----------------------------------
----------------------------------
----------------------------------
----------------------------------
----------------------------------
----------------------------------
----------------------------------
----------------------------------
----------------------------------
----------------------------------
----------------------------------
----------------------------------
----------------------------------
----------------------------------
----------------------------------
----------------------------------
----------------------------------
----------------------------------
----------------------------------
----------------------------------
----------------------------------
----------------------------------
----------------------------------
----------------------------------
----------------------------------
----------------------------------
----------------------------------
----------------------------------
----------------------------------
----------------------------------
----------------------------------
----------------------------------
----------------------------------
