MinCut number | Number of graphs
            4 |               0
            5 |               0
            6 |             443
            7 |            1488
            8 |            3197
            9 |            2738
           10 |            2102
           11 |              32
           12 |               0
           13 |               0
           14 |               0
           15 |               0
           16 |               0
           17 |               0
           18 |               0
           19 |               0
           20 |               0
