MinCut number | Number of graphs
            4 |               0
            5 |               0
            6 |             106
            7 |            1549
            8 |            4592
            9 |            3650
           10 |             103
           11 |               0
           12 |               0
           13 |               0
           14 |               0
           15 |               0
           16 |               0
           17 |               0
           18 |               0
           19 |               0
           20 |               0
