MinCut number | Number of graphs
            4 |               0
            5 |              50
            6 |             453
            7 |             653
            8 |            5051
            9 |            2667
           10 |             823
           11 |             303
           12 |               0
           13 |               0
           14 |               0
           15 |               0
           16 |               0
           17 |               0
           18 |               0
           19 |               0
           20 |               0
