MinCut number | SSize | Number of cuts
----------------------------------
----------------------------------
----------------------------------
----------------------------------
----------------------------------
----------------------------------
----------------------------------
----------------------------------
----------------------------------
----------------------------------
           29 |     1 |            12
           29 |     2 |             7
           29 |     3 |             6
           29 |     4 |             2
           29 |     5 |             2
           29 |     6 |             1
           29 |     7 |             0
           29 |     8 |             1
           29 |     9 |             2
           29 |    10 |             0
           29 |    11 |             0
           29 |    12 |             1
           29 |    13 |             2
           29 |    14 |             2
           29 |    15 |             0
           29 |    16 |             3
           29 |    17 |             4
           29 |    18 |             5
           29 |    19 |             8
----------------------------------
           30 |     1 |            26
           30 |     2 |             9
           30 |     3 |             7
           30 |     4 |             4
           30 |     5 |             4
           30 |     6 |             2
           30 |     7 |             2
           30 |     8 |             0
           30 |     9 |             1
           30 |    10 |             2
           30 |    11 |             2
           30 |    12 |             1
           30 |    13 |             2
           30 |    14 |             1
           30 |    15 |             1
           30 |    16 |             3
           30 |    17 |             7
           30 |    18 |             8
           30 |    19 |             8
----------------------------------
           31 |     1 |            29
           31 |     2 |             8
           31 |     3 |             5
           31 |     4 |             2
           31 |     5 |             1
           31 |     6 |             2
           31 |     7 |             1
           31 |     8 |             2
           31 |     9 |             1
           31 |    10 |             1
           31 |    11 |             2
           31 |    12 |             0
           31 |    13 |             1
           31 |    14 |             3
           31 |    15 |             5
           31 |    16 |             8
           31 |    17 |             5
           31 |    18 |             6
           31 |    19 |            11
----------------------------------
           32 |     1 |            79
           32 |     2 |            29
           32 |     3 |            15
           32 |     4 |             7
           32 |     5 |             3
           32 |     6 |             4
           32 |     7 |             5
           32 |     8 |             2
           32 |     9 |             5
           32 |    10 |             3
           32 |    11 |             0
           32 |    12 |             2
           32 |    13 |             5
           32 |    14 |             7
           32 |    15 |             9
           32 |    16 |            12
           32 |    17 |            20
           32 |    18 |            25
           32 |    19 |            24
----------------------------------
           33 |     1 |            51
           33 |     2 |            22
           33 |     3 |            13
           33 |     4 |             6
           33 |     5 |             9
           33 |     6 |             4
           33 |     7 |             3
           33 |     8 |             2
           33 |     9 |             3
           33 |    10 |             7
           33 |    11 |             6
           33 |    12 |             4
           33 |    13 |             6
           33 |    14 |             6
           33 |    15 |             7
           33 |    16 |             8
           33 |    17 |            11
           33 |    18 |            15
           33 |    19 |            15
----------------------------------
           34 |     1 |           131
           34 |     2 |            45
           34 |     3 |            21
           34 |     4 |            16
           34 |     5 |             8
           34 |     6 |            10
           34 |     7 |             6
           34 |     8 |             3
           34 |     9 |             3
           34 |    10 |             6
           34 |    11 |            11
           34 |    12 |             5
           34 |    13 |            11
           34 |    14 |             7
           34 |    15 |            16
           34 |    16 |            23
           34 |    17 |            24
           34 |    18 |            42
           34 |    19 |            54
----------------------------------
           35 |     1 |           174
           35 |     2 |            80
           35 |     3 |            36
           35 |     4 |            21
           35 |     5 |            16
           35 |     6 |             5
           35 |     7 |             2
           35 |     8 |             1
           35 |     9 |             5
           35 |    10 |             9
           35 |    11 |            10
           35 |    12 |            10
           35 |    13 |            17
           35 |    14 |            18
           35 |    15 |            18
           35 |    16 |            16
           35 |    17 |            41
           35 |    18 |            51
           35 |    19 |            65
----------------------------------
           36 |     1 |           204
           36 |     2 |            83
           36 |     3 |            50
           36 |     4 |            33
           36 |     5 |            27
           36 |     6 |            13
           36 |     7 |            20
           36 |     8 |            11
           36 |     9 |            13
           36 |    10 |            10
           36 |    11 |             9
           36 |    12 |            12
           36 |    13 |            18
           36 |    14 |            16
           36 |    15 |            25
           36 |    16 |            30
           36 |    17 |            43
           36 |    18 |            54
           36 |    19 |            85
----------------------------------
           37 |     1 |           353
           37 |     2 |           149
           37 |     3 |            75
           37 |     4 |            57
           37 |     5 |            44
           37 |     6 |            24
           37 |     7 |            20
           37 |     8 |            17
           37 |     9 |            21
           37 |    10 |            16
           37 |    11 |            19
           37 |    12 |            25
           37 |    13 |            26
           37 |    14 |            42
           37 |    15 |            55
           37 |    16 |            58
           37 |    17 |            78
           37 |    18 |           109
           37 |    19 |           144
----------------------------------
           38 |     1 |           467
           38 |     2 |           188
           38 |     3 |           117
           38 |     4 |            73
           38 |     5 |            55
           38 |     6 |            43
           38 |     7 |            36
           38 |     8 |            37
           38 |     9 |            36
           38 |    10 |            27
           38 |    11 |            27
           38 |    12 |            34
           38 |    13 |            41
           38 |    14 |            46
           38 |    15 |            54
           38 |    16 |            90
           38 |    17 |           107
           38 |    18 |           152
           38 |    19 |           194
----------------------------------
           39 |     1 |           438
           39 |     2 |           184
           39 |     3 |           117
           39 |     4 |            65
           39 |     5 |            43
           39 |     6 |            39
           39 |     7 |            42
           39 |     8 |            32
           39 |     9 |            30
           39 |    10 |            23
           39 |    11 |            33
           39 |    12 |            36
           39 |    13 |            47
           39 |    14 |            50
           39 |    15 |            59
           39 |    16 |            82
           39 |    17 |           105
           39 |    18 |           131
           39 |    19 |           160
----------------------------------
           40 |     1 |           538
           40 |     2 |           247
           40 |     3 |           135
           40 |     4 |           108
           40 |     5 |            65
           40 |     6 |            60
           40 |     7 |            41
           40 |     8 |            39
           40 |     9 |            32
           40 |    10 |            40
           40 |    11 |            35
           40 |    12 |            43
           40 |    13 |            43
           40 |    14 |            55
           40 |    15 |            81
           40 |    16 |           105
           40 |    17 |           126
           40 |    18 |           178
           40 |    19 |           229
----------------------------------
           41 |     1 |           600
           41 |     2 |           273
           41 |     3 |           163
           41 |     4 |           114
           41 |     5 |            71
           41 |     6 |            62
           41 |     7 |            57
           41 |     8 |            50
           41 |     9 |            49
           41 |    10 |            39
           41 |    11 |            31
           41 |    12 |            46
           41 |    13 |            52
           41 |    14 |            58
           41 |    15 |            85
           41 |    16 |            95
           41 |    17 |           149
           41 |    18 |           210
           41 |    19 |           256
----------------------------------
           42 |     1 |           604
           42 |     2 |           266
           42 |     3 |           160
           42 |     4 |           103
           42 |     5 |            73
           42 |     6 |            58
           42 |     7 |            52
           42 |     8 |            40
           42 |     9 |            39
           42 |    10 |            44
           42 |    11 |            46
           42 |    12 |            66
           42 |    13 |            70
           42 |    14 |            74
           42 |    15 |            84
           42 |    16 |           105
           42 |    17 |           144
           42 |    18 |           201
           42 |    19 |           249
----------------------------------
           43 |     1 |           657
           43 |     2 |           291
           43 |     3 |           165
           43 |     4 |           102
           43 |     5 |            83
           43 |     6 |            65
           43 |     7 |            53
           43 |     8 |            67
           43 |     9 |            48
           43 |    10 |            52
           43 |    11 |            59
           43 |    12 |            53
           43 |    13 |            73
           43 |    14 |            83
           43 |    15 |            93
           43 |    16 |           126
           43 |    17 |           176
           43 |    18 |           228
           43 |    19 |           278
----------------------------------
           44 |     1 |           581
           44 |     2 |           259
           44 |     3 |           152
           44 |     4 |            97
           44 |     5 |            83
           44 |     6 |            76
           44 |     7 |            51
           44 |     8 |            47
           44 |     9 |            46
           44 |    10 |            44
           44 |    11 |            40
           44 |    12 |            58
           44 |    13 |            74
           44 |    14 |            75
           44 |    15 |            71
           44 |    16 |           111
           44 |    17 |           125
           44 |    18 |           184
           44 |    19 |           246
----------------------------------
           45 |     1 |           627
           45 |     2 |           281
           45 |     3 |           174
           45 |     4 |           105
           45 |     5 |            88
           45 |     6 |            72
           45 |     7 |            75
           45 |     8 |            71
           45 |     9 |            55
           45 |    10 |            61
           45 |    11 |            69
           45 |    12 |            65
           45 |    13 |            82
           45 |    14 |            75
           45 |    15 |            91
           45 |    16 |           114
           45 |    17 |           154
           45 |    18 |           217
           45 |    19 |           269
----------------------------------
           46 |     1 |           562
           46 |     2 |           275
           46 |     3 |           168
           46 |     4 |           126
           46 |     5 |            93
           46 |     6 |            75
           46 |     7 |            58
           46 |     8 |            62
           46 |     9 |            53
           46 |    10 |            63
           46 |    11 |            51
           46 |    12 |            55
           46 |    13 |            63
           46 |    14 |            74
           46 |    15 |            90
           46 |    16 |           100
           46 |    17 |           133
           46 |    18 |           199
           46 |    19 |           230
----------------------------------
           47 |     1 |           591
           47 |     2 |           280
           47 |     3 |           187
           47 |     4 |           124
           47 |     5 |            98
           47 |     6 |            76
           47 |     7 |            75
           47 |     8 |            65
           47 |     9 |            54
           47 |    10 |            69
           47 |    11 |            59
           47 |    12 |            68
           47 |    13 |            76
           47 |    14 |            82
           47 |    15 |           103
           47 |    16 |           128
           47 |    17 |           153
           47 |    18 |           194
           47 |    19 |           244
----------------------------------
           48 |     1 |           502
           48 |     2 |           234
           48 |     3 |           135
           48 |     4 |           105
           48 |     5 |            94
           48 |     6 |            69
           48 |     7 |            66
           48 |     8 |            55
           48 |     9 |            58
           48 |    10 |            51
           48 |    11 |            47
           48 |    12 |            60
           48 |    13 |            59
           48 |    14 |            67
           48 |    15 |            88
           48 |    16 |           105
           48 |    17 |           129
           48 |    18 |           164
           48 |    19 |           216
----------------------------------
           49 |     1 |           569
           49 |     2 |           271
           49 |     3 |           184
           49 |     4 |           147
           49 |     5 |           103
           49 |     6 |            89
           49 |     7 |            67
           49 |     8 |            70
           49 |     9 |            56
           49 |    10 |            54
           49 |    11 |            56
           49 |    12 |            67
           49 |    13 |            77
           49 |    14 |            82
           49 |    15 |            98
           49 |    16 |           118
           49 |    17 |           159
           49 |    18 |           180
           49 |    19 |           248
----------------------------------
           50 |     1 |           474
           50 |     2 |           224
           50 |     3 |           152
           50 |     4 |           104
           50 |     5 |            83
           50 |     6 |            72
           50 |     7 |            62
           50 |     8 |            69
           50 |     9 |            52
           50 |    10 |            57
           50 |    11 |            45
           50 |    12 |            63
           50 |    13 |            69
           50 |    14 |            83
           50 |    15 |            85
           50 |    16 |           110
           50 |    17 |           114
           50 |    18 |           130
           50 |    19 |           202
----------------------------------
           51 |     1 |           460
           51 |     2 |           217
           51 |     3 |           134
           51 |     4 |           105
           51 |     5 |            96
           51 |     6 |            85
           51 |     7 |            63
           51 |     8 |            49
           51 |     9 |            52
           51 |    10 |            50
           51 |    11 |            54
           51 |    12 |            56
           51 |    13 |            71
           51 |    14 |            57
           51 |    15 |            87
           51 |    16 |           103
           51 |    17 |           128
           51 |    18 |           145
           51 |    19 |           181
----------------------------------
           52 |     1 |           307
           52 |     2 |           152
           52 |     3 |            99
           52 |     4 |            74
           52 |     5 |            58
           52 |     6 |            48
           52 |     7 |            36
           52 |     8 |            33
           52 |     9 |            38
           52 |    10 |            43
           52 |    11 |            38
           52 |    12 |            48
           52 |    13 |            40
           52 |    14 |            48
           52 |    15 |            58
           52 |    16 |            72
           52 |    17 |            85
           52 |    18 |           111
           52 |    19 |           120
----------------------------------
           53 |     1 |           281
           53 |     2 |           143
           53 |     3 |            87
           53 |     4 |            65
           53 |     5 |            56
           53 |     6 |            40
           53 |     7 |            26
           53 |     8 |            26
           53 |     9 |            41
           53 |    10 |            38
           53 |    11 |            40
           53 |    12 |            41
           53 |    13 |            34
           53 |    14 |            44
           53 |    15 |            57
           53 |    16 |            69
           53 |    17 |            84
           53 |    18 |            92
           53 |    19 |           114
----------------------------------
           54 |     1 |           156
           54 |     2 |            66
           54 |     3 |            49
           54 |     4 |            44
           54 |     5 |            35
           54 |     6 |            29
           54 |     7 |            24
           54 |     8 |            28
           54 |     9 |            25
           54 |    10 |            19
           54 |    11 |            24
           54 |    12 |            24
           54 |    13 |            22
           54 |    14 |            25
           54 |    15 |            41
           54 |    16 |            34
           54 |    17 |            45
           54 |    18 |            57
           54 |    19 |            63
----------------------------------
           55 |     1 |           161
           55 |     2 |            65
           55 |     3 |            38
           55 |     4 |            35
           55 |     5 |            32
           55 |     6 |            31
           55 |     7 |            24
           55 |     8 |            30
           55 |     9 |            28
           55 |    10 |            27
           55 |    11 |            21
           55 |    12 |            22
           55 |    13 |            30
           55 |    14 |            26
           55 |    15 |            29
           55 |    16 |            33
           55 |    17 |            42
           55 |    18 |            40
           55 |    19 |            56
----------------------------------
           56 |     1 |           164
           56 |     2 |            85
           56 |     3 |            61
           56 |     4 |            43
           56 |     5 |            40
           56 |     6 |            35
           56 |     7 |            40
           56 |     8 |            34
           56 |     9 |            23
           56 |    10 |            21
           56 |    11 |            25
           56 |    12 |            26
           56 |    13 |            26
           56 |    14 |            31
           56 |    15 |            32
           56 |    16 |            34
           56 |    17 |            50
           56 |    18 |            55
           56 |    19 |            71
----------------------------------
           57 |     1 |            90
           57 |     2 |            50
           57 |     3 |            38
           57 |     4 |            27
           57 |     5 |            25
           57 |     6 |            19
           57 |     7 |            20
           57 |     8 |            15
           57 |     9 |            18
           57 |    10 |            14
           57 |    11 |            16
           57 |    12 |            14
           57 |    13 |            17
           57 |    14 |            14
           57 |    15 |            17
           57 |    16 |            23
           57 |    17 |            27
           57 |    18 |            30
           57 |    19 |            39
----------------------------------
           58 |     1 |            64
           58 |     2 |            26
           58 |     3 |            20
           58 |     4 |            25
           58 |     5 |            16
           58 |     6 |            15
           58 |     7 |            12
           58 |     8 |            14
           58 |     9 |            11
           58 |    10 |             9
           58 |    11 |            13
           58 |    12 |            11
           58 |    13 |            12
           58 |    14 |             9
           58 |    15 |            16
           58 |    16 |            15
           58 |    17 |            16
           58 |    18 |            21
           58 |    19 |            23
----------------------------------
           59 |     1 |            64
           59 |     2 |            34
           59 |     3 |            19
           59 |     4 |            17
           59 |     5 |            18
           59 |     6 |            14
           59 |     7 |            11
           59 |     8 |            10
           59 |     9 |            13
           59 |    10 |            12
           59 |    11 |            12
           59 |    12 |            14
           59 |    13 |             6
           59 |    14 |            15
           59 |    15 |            11
           59 |    16 |            16
           59 |    17 |            21
           59 |    18 |            18
           59 |    19 |            29
----------------------------------
           60 |     1 |            43
           60 |     2 |            20
           60 |     3 |            11
           60 |     4 |            10
           60 |     5 |             8
           60 |     6 |            11
           60 |     7 |             8
           60 |     8 |            13
           60 |     9 |            12
           60 |    10 |            11
           60 |    11 |             5
           60 |    12 |             9
           60 |    13 |             9
           60 |    14 |             8
           60 |    15 |            10
           60 |    16 |             7
           60 |    17 |            10
           60 |    18 |            18
           60 |    19 |            17
----------------------------------
           61 |     1 |            11
           61 |     2 |             7
           61 |     3 |             3
           61 |     4 |             2
           61 |     5 |             2
           61 |     6 |             3
           61 |     7 |             2
           61 |     8 |             3
           61 |     9 |             1
           61 |    10 |             3
           61 |    11 |             3
           61 |    12 |             1
           61 |    13 |             3
           61 |    14 |             1
           61 |    15 |             3
           61 |    16 |             2
           61 |    17 |             1
           61 |    18 |             4
           61 |    19 |             6
----------------------------------
           62 |     1 |            41
           62 |     2 |            19
           62 |     3 |            14
           62 |     4 |            14
           62 |     5 |            11
           62 |     6 |            11
           62 |     7 |             9
           62 |     8 |             4
           62 |     9 |             9
           62 |    10 |             9
           62 |    11 |            11
           62 |    12 |            12
           62 |    13 |            14
           62 |    14 |            11
           62 |    15 |            11
           62 |    16 |            12
           62 |    17 |             9
           62 |    18 |             9
           62 |    19 |            18
----------------------------------
           63 |     1 |            30
           63 |     2 |            18
           63 |     3 |            11
           63 |     4 |             8
           63 |     5 |             4
           63 |     6 |             9
           63 |     7 |             5
           63 |     8 |             8
           63 |     9 |             9
           63 |    10 |             9
           63 |    11 |            10
           63 |    12 |             4
           63 |    13 |             6
           63 |    14 |             4
           63 |    15 |             5
           63 |    16 |             9
           63 |    17 |             8
           63 |    18 |            15
           63 |    19 |            17
----------------------------------
           64 |     1 |            23
           64 |     2 |            11
           64 |     3 |             7
           64 |     4 |             5
           64 |     5 |             8
           64 |     6 |             7
           64 |     7 |             6
           64 |     8 |             4
           64 |     9 |             4
           64 |    10 |             7
           64 |    11 |             5
           64 |    12 |             2
           64 |    13 |             3
           64 |    14 |             2
           64 |    15 |             6
           64 |    16 |             7
           64 |    17 |             6
           64 |    18 |             6
           64 |    19 |             9
----------------------------------
           65 |     1 |            22
           65 |     2 |            15
           65 |     3 |            11
           65 |     4 |             7
           65 |     5 |             7
           65 |     6 |             5
           65 |     7 |             3
           65 |     8 |             6
           65 |     9 |             2
           65 |    10 |             3
           65 |    11 |             3
           65 |    12 |             4
           65 |    13 |             3
           65 |    14 |             3
           65 |    15 |             4
           65 |    16 |             3
           65 |    17 |             6
           65 |    18 |            10
           65 |    19 |            13
----------------------------------
----------------------------------
           67 |     1 |            25
           67 |     2 |             9
           67 |     3 |             8
           67 |     4 |             6
           67 |     5 |             7
           67 |     6 |             5
           67 |     7 |             3
           67 |     8 |             5
           67 |     9 |             7
           67 |    10 |             4
           67 |    11 |             5
           67 |    12 |             7
           67 |    13 |             6
           67 |    14 |             2
           67 |    15 |             6
           67 |    16 |             5
           67 |    17 |             7
           67 |    18 |             7
           67 |    19 |            10
----------------------------------
----------------------------------
----------------------------------
           70 |     1 |             9
           70 |     2 |             5
           70 |     3 |             4
           70 |     4 |             1
           70 |     5 |             3
           70 |     6 |             4
           70 |     7 |             1
           70 |     8 |             2
           70 |     9 |             3
           70 |    10 |             6
           70 |    11 |             3
           70 |    12 |             3
           70 |    13 |             5
           70 |    14 |             3
           70 |    15 |             2
           70 |    16 |             5
           70 |    17 |             2
           70 |    18 |             3
           70 |    19 |             6
----------------------------------
           71 |     1 |             9
           71 |     2 |             7
           71 |     3 |             2
           71 |     4 |             2
           71 |     5 |             2
           71 |     6 |             5
           71 |     7 |             2
           71 |     8 |             2
           71 |     9 |             5
           71 |    10 |             4
           71 |    11 |             5
           71 |    12 |             4
           71 |    13 |             4
           71 |    14 |             3
           71 |    15 |             2
           71 |    16 |             2
           71 |    17 |             3
           71 |    18 |             3
           71 |    19 |             5
----------------------------------
----------------------------------
----------------------------------
----------------------------------
----------------------------------
----------------------------------
----------------------------------
----------------------------------
----------------------------------
----------------------------------
----------------------------------
----------------------------------
----------------------------------
----------------------------------
----------------------------------
----------------------------------
----------------------------------
----------------------------------
----------------------------------
----------------------------------
----------------------------------
----------------------------------
----------------------------------
----------------------------------
----------------------------------
----------------------------------
----------------------------------
----------------------------------
----------------------------------
----------------------------------
----------------------------------
----------------------------------
----------------------------------
----------------------------------
----------------------------------
----------------------------------
----------------------------------
----------------------------------
----------------------------------
----------------------------------
----------------------------------
----------------------------------
----------------------------------
----------------------------------
----------------------------------
----------------------------------
----------------------------------
----------------------------------
----------------------------------
----------------------------------
----------------------------------
----------------------------------
----------------------------------
----------------------------------
----------------------------------
----------------------------------
----------------------------------
----------------------------------
----------------------------------
----------------------------------
----------------------------------
----------------------------------
----------------------------------
----------------------------------
----------------------------------
----------------------------------
----------------------------------
----------------------------------
----------------------------------
----------------------------------
----------------------------------
----------------------------------
----------------------------------
----------------------------------
----------------------------------
----------------------------------
----------------------------------
----------------------------------
----------------------------------
----------------------------------
----------------------------------
----------------------------------
----------------------------------
----------------------------------
----------------------------------
----------------------------------
----------------------------------
----------------------------------
----------------------------------
----------------------------------
----------------------------------
----------------------------------
----------------------------------
----------------------------------
----------------------------------
----------------------------------
----------------------------------
----------------------------------
----------------------------------
----------------------------------
----------------------------------
----------------------------------
----------------------------------
----------------------------------
----------------------------------
----------------------------------
----------------------------------
----------------------------------
----------------------------------
----------------------------------
----------------------------------
----------------------------------
----------------------------------
----------------------------------
----------------------------------
----------------------------------
----------------------------------
----------------------------------
----------------------------------
----------------------------------
