MinCut number | SSize | Number of cuts
----------------------------------
----------------------------------
----------------------------------
----------------------------------
----------------------------------
----------------------------------
----------------------------------
----------------------------------
----------------------------------
----------------------------------
----------------------------------
----------------------------------
----------------------------------
----------------------------------
----------------------------------
----------------------------------
----------------------------------
----------------------------------
----------------------------------
----------------------------------
----------------------------------
           40 |     1 |            28
           40 |     2 |             8
           40 |     3 |             2
           40 |     4 |             1
           40 |     5 |             0
           40 |     6 |             0
           40 |     7 |             0
           40 |     8 |             0
           40 |     9 |             0
           40 |    10 |             0
           40 |    11 |             0
           40 |    12 |             0
           40 |    13 |             0
           40 |    14 |             1
           40 |    15 |             0
           40 |    16 |             0
           40 |    17 |             2
           40 |    18 |             8
           40 |    19 |            30
----------------------------------
           41 |     1 |            67
           41 |     2 |            14
           41 |     3 |             4
           41 |     4 |             2
           41 |     5 |             1
           41 |     6 |             0
           41 |     7 |             0
           41 |     8 |             0
           41 |     9 |             0
           41 |    10 |             0
           41 |    11 |             0
           41 |    12 |             0
           41 |    13 |             0
           41 |    14 |             0
           41 |    15 |             0
           41 |    16 |             3
           41 |    17 |             4
           41 |    18 |            18
           41 |    19 |            51
----------------------------------
           42 |     1 |            30
           42 |     2 |             6
           42 |     3 |             0
           42 |     4 |             1
           42 |     5 |             0
           42 |     6 |             0
           42 |     7 |             0
           42 |     8 |             0
           42 |     9 |             0
           42 |    10 |             0
           42 |    11 |             0
           42 |    12 |             0
           42 |    13 |             1
           42 |    14 |             0
           42 |    15 |             1
           42 |    16 |             2
           42 |    17 |             3
           42 |    18 |             8
           42 |    19 |            32
----------------------------------
           43 |     1 |            65
           43 |     2 |            12
           43 |     3 |             5
           43 |     4 |             4
           43 |     5 |             1
           43 |     6 |             0
           43 |     7 |             1
           43 |     8 |             0
           43 |     9 |             1
           43 |    10 |             0
           43 |    11 |             0
           43 |    12 |             0
           43 |    13 |             0
           43 |    14 |             1
           43 |    15 |             3
           43 |    16 |             4
           43 |    17 |             6
           43 |    18 |            19
           43 |    19 |            50
----------------------------------
           44 |     1 |           164
           44 |     2 |            44
           44 |     3 |            13
           44 |     4 |             6
           44 |     5 |             3
           44 |     6 |             3
           44 |     7 |             1
           44 |     8 |             2
           44 |     9 |             1
           44 |    10 |             3
           44 |    11 |             2
           44 |    12 |             3
           44 |    13 |             3
           44 |    14 |             2
           44 |    15 |             4
           44 |    16 |             9
           44 |    17 |            26
           44 |    18 |            50
           44 |    19 |           145
----------------------------------
           45 |     1 |           284
           45 |     2 |            81
           45 |     3 |            32
           45 |     4 |            10
           45 |     5 |             2
           45 |     6 |             4
           45 |     7 |             5
           45 |     8 |             1
           45 |     9 |             0
           45 |    10 |             4
           45 |    11 |             1
           45 |    12 |             1
           45 |    13 |             7
           45 |    14 |             7
           45 |    15 |            11
           45 |    16 |            17
           45 |    17 |            47
           45 |    18 |            99
           45 |    19 |           242
----------------------------------
           46 |     1 |           377
           46 |     2 |           128
           46 |     3 |            40
           46 |     4 |            25
           46 |     5 |             8
           46 |     6 |             4
           46 |     7 |             3
           46 |     8 |             2
           46 |     9 |             1
           46 |    10 |             1
           46 |    11 |             3
           46 |    12 |             4
           46 |    13 |             1
           46 |    14 |             5
           46 |    15 |            11
           46 |    16 |            20
           46 |    17 |            71
           46 |    18 |           143
           46 |    19 |           349
----------------------------------
           47 |     1 |           365
           47 |     2 |           107
           47 |     3 |            38
           47 |     4 |            13
           47 |     5 |             5
           47 |     6 |             5
           47 |     7 |             2
           47 |     8 |             2
           47 |     9 |             3
           47 |    10 |             1
           47 |    11 |             3
           47 |    12 |             1
           47 |    13 |             5
           47 |    14 |             9
           47 |    15 |            11
           47 |    16 |            26
           47 |    17 |            58
           47 |    18 |           129
           47 |    19 |           298
----------------------------------
           48 |     1 |           410
           48 |     2 |           138
           48 |     3 |            63
           48 |     4 |            21
           48 |     5 |            13
           48 |     6 |             8
           48 |     7 |             7
           48 |     8 |             2
           48 |     9 |             3
           48 |    10 |             5
           48 |    11 |             5
           48 |    12 |             4
           48 |    13 |             6
           48 |    14 |            12
           48 |    15 |            12
           48 |    16 |            37
           48 |    17 |            80
           48 |    18 |           160
           48 |    19 |           358
----------------------------------
           49 |     1 |           492
           49 |     2 |           159
           49 |     3 |            76
           49 |     4 |            30
           49 |     5 |            21
           49 |     6 |             9
           49 |     7 |             7
           49 |     8 |             3
           49 |     9 |             4
           49 |    10 |             6
           49 |    11 |             4
           49 |    12 |             7
           49 |    13 |             9
           49 |    14 |            16
           49 |    15 |            22
           49 |    16 |            43
           49 |    17 |            83
           49 |    18 |           183
           49 |    19 |           443
----------------------------------
           50 |     1 |           359
           50 |     2 |           132
           50 |     3 |            51
           50 |     4 |            29
           50 |     5 |            16
           50 |     6 |            14
           50 |     7 |             7
           50 |     8 |             9
           50 |     9 |             6
           50 |    10 |             5
           50 |    11 |             4
           50 |    12 |            11
           50 |    13 |             8
           50 |    14 |             8
           50 |    15 |            14
           50 |    16 |            35
           50 |    17 |            62
           50 |    18 |           151
           50 |    19 |           329
----------------------------------
           51 |     1 |           492
           51 |     2 |           176
           51 |     3 |            76
           51 |     4 |            32
           51 |     5 |            30
           51 |     6 |            16
           51 |     7 |             9
           51 |     8 |             7
           51 |     9 |             5
           51 |    10 |            11
           51 |    11 |             7
           51 |    12 |            11
           51 |    13 |             7
           51 |    14 |            10
           51 |    15 |            25
           51 |    16 |            41
           51 |    17 |            84
           51 |    18 |           195
           51 |    19 |           449
----------------------------------
           52 |     1 |           526
           52 |     2 |           196
           52 |     3 |            93
           52 |     4 |            38
           52 |     5 |            29
           52 |     6 |            13
           52 |     7 |             8
           52 |     8 |             9
           52 |     9 |             8
           52 |    10 |             4
           52 |    11 |             7
           52 |    12 |            12
           52 |    13 |            17
           52 |    14 |            12
           52 |    15 |            17
           52 |    16 |            50
           52 |    17 |            97
           52 |    18 |           204
           52 |    19 |           480
----------------------------------
           53 |     1 |           609
           53 |     2 |           247
           53 |     3 |           109
           53 |     4 |            63
           53 |     5 |            25
           53 |     6 |            23
           53 |     7 |            14
           53 |     8 |            20
           53 |     9 |            13
           53 |    10 |            10
           53 |    11 |            13
           53 |    12 |            12
           53 |    13 |            16
           53 |    14 |            23
           53 |    15 |            42
           53 |    16 |            62
           53 |    17 |           123
           53 |    18 |           265
           53 |    19 |           537
----------------------------------
           54 |     1 |           605
           54 |     2 |           224
           54 |     3 |           116
           54 |     4 |            69
           54 |     5 |            24
           54 |     6 |            27
           54 |     7 |            15
           54 |     8 |            14
           54 |     9 |            12
           54 |    10 |            13
           54 |    11 |            13
           54 |    12 |            16
           54 |    13 |            21
           54 |    14 |            25
           54 |    15 |            46
           54 |    16 |            67
           54 |    17 |           145
           54 |    18 |           281
           54 |    19 |           535
----------------------------------
           55 |     1 |           723
           55 |     2 |           265
           55 |     3 |           131
           55 |     4 |            76
           55 |     5 |            48
           55 |     6 |            17
           55 |     7 |            19
           55 |     8 |            15
           55 |     9 |            18
           55 |    10 |            19
           55 |    11 |            20
           55 |    12 |            25
           55 |    13 |            19
           55 |    14 |            35
           55 |    15 |            55
           55 |    16 |            99
           55 |    17 |           175
           55 |    18 |           311
           55 |    19 |           625
----------------------------------
           56 |     1 |           688
           56 |     2 |           227
           56 |     3 |           134
           56 |     4 |            60
           56 |     5 |            44
           56 |     6 |            35
           56 |     7 |            17
           56 |     8 |            26
           56 |     9 |            22
           56 |    10 |            19
           56 |    11 |            16
           56 |    12 |            17
           56 |    13 |            21
           56 |    14 |            30
           56 |    15 |            61
           56 |    16 |            83
           56 |    17 |           173
           56 |    18 |           308
           56 |    19 |           595
----------------------------------
           57 |     1 |           524
           57 |     2 |           213
           57 |     3 |           101
           57 |     4 |            59
           57 |     5 |            41
           57 |     6 |            26
           57 |     7 |            22
           57 |     8 |            18
           57 |     9 |            20
           57 |    10 |            14
           57 |    11 |            15
           57 |    12 |            26
           57 |    13 |            29
           57 |    14 |            28
           57 |    15 |            44
           57 |    16 |            81
           57 |    17 |           133
           57 |    18 |           244
           57 |    19 |           471
----------------------------------
           58 |     1 |           543
           58 |     2 |           228
           58 |     3 |           108
           58 |     4 |            54
           58 |     5 |            38
           58 |     6 |            16
           58 |     7 |            27
           58 |     8 |            13
           58 |     9 |            20
           58 |    10 |            13
           58 |    11 |            21
           58 |    12 |            22
           58 |    13 |            24
           58 |    14 |            43
           58 |    15 |            60
           58 |    16 |            65
           58 |    17 |           126
           58 |    18 |           249
           58 |    19 |           476
----------------------------------
           59 |     1 |           591
           59 |     2 |           215
           59 |     3 |           125
           59 |     4 |            68
           59 |     5 |            42
           59 |     6 |            32
           59 |     7 |            29
           59 |     8 |            14
           59 |     9 |            18
           59 |    10 |            25
           59 |    11 |            26
           59 |    12 |            31
           59 |    13 |            36
           59 |    14 |            32
           59 |    15 |            71
           59 |    16 |           100
           59 |    17 |           151
           59 |    18 |           248
           59 |    19 |           506
----------------------------------
           60 |     1 |           517
           60 |     2 |           204
           60 |     3 |           106
           60 |     4 |            77
           60 |     5 |            39
           60 |     6 |            27
           60 |     7 |            33
           60 |     8 |            26
           60 |     9 |            25
           60 |    10 |            19
           60 |    11 |            26
           60 |    12 |            27
           60 |    13 |            25
           60 |    14 |            46
           60 |    15 |            61
           60 |    16 |            99
           60 |    17 |           128
           60 |    18 |           226
           60 |    19 |           449
----------------------------------
           61 |     1 |           588
           61 |     2 |           249
           61 |     3 |           134
           61 |     4 |            74
           61 |     5 |            46
           61 |     6 |            27
           61 |     7 |            28
           61 |     8 |            23
           61 |     9 |            20
           61 |    10 |            15
           61 |    11 |            22
           61 |    12 |            37
           61 |    13 |            30
           61 |    14 |            44
           61 |    15 |            75
           61 |    16 |           100
           61 |    17 |           159
           61 |    18 |           260
           61 |    19 |           509
----------------------------------
           62 |     1 |           438
           62 |     2 |           198
           62 |     3 |            89
           62 |     4 |            51
           62 |     5 |            35
           62 |     6 |            23
           62 |     7 |            28
           62 |     8 |            19
           62 |     9 |            18
           62 |    10 |            23
           62 |    11 |            18
           62 |    12 |            15
           62 |    13 |            24
           62 |    14 |            44
           62 |    15 |            45
           62 |    16 |            84
           62 |    17 |           117
           62 |    18 |           227
           62 |    19 |           364
----------------------------------
           63 |     1 |           502
           63 |     2 |           223
           63 |     3 |           129
           63 |     4 |            79
           63 |     5 |            63
           63 |     6 |            40
           63 |     7 |            38
           63 |     8 |            28
           63 |     9 |            23
           63 |    10 |            17
           63 |    11 |            33
           63 |    12 |            28
           63 |    13 |            35
           63 |    14 |            39
           63 |    15 |            68
           63 |    16 |           105
           63 |    17 |           135
           63 |    18 |           243
           63 |    19 |           440
----------------------------------
           64 |     1 |           477
           64 |     2 |           199
           64 |     3 |            98
           64 |     4 |            84
           64 |     5 |            47
           64 |     6 |            26
           64 |     7 |            27
           64 |     8 |            32
           64 |     9 |            26
           64 |    10 |            22
           64 |    11 |            28
           64 |    12 |            22
           64 |    13 |            32
           64 |    14 |            47
           64 |    15 |            74
           64 |    16 |           107
           64 |    17 |           138
           64 |    18 |           225
           64 |    19 |           401
----------------------------------
           65 |     1 |           443
           65 |     2 |           180
           65 |     3 |            98
           65 |     4 |            71
           65 |     5 |            52
           65 |     6 |            36
           65 |     7 |            29
           65 |     8 |            20
           65 |     9 |            26
           65 |    10 |            18
           65 |    11 |            19
           65 |    12 |            29
           65 |    13 |            36
           65 |    14 |            52
           65 |    15 |            74
           65 |    16 |            94
           65 |    17 |           135
           65 |    18 |           213
           65 |    19 |           390
----------------------------------
           66 |     1 |           383
           66 |     2 |           178
           66 |     3 |            98
           66 |     4 |            57
           66 |     5 |            42
           66 |     6 |            36
           66 |     7 |            21
           66 |     8 |            30
           66 |     9 |            24
           66 |    10 |            32
           66 |    11 |            41
           66 |    12 |            30
           66 |    13 |            41
           66 |    14 |            35
           66 |    15 |            49
           66 |    16 |            89
           66 |    17 |           126
           66 |    18 |           189
           66 |    19 |           347
----------------------------------
           67 |     1 |           349
           67 |     2 |           145
           67 |     3 |            96
           67 |     4 |            65
           67 |     5 |            39
           67 |     6 |            34
           67 |     7 |            31
           67 |     8 |            32
           67 |     9 |            23
           67 |    10 |            34
           67 |    11 |            24
           67 |    12 |            31
           67 |    13 |            33
           67 |    14 |            42
           67 |    15 |            62
           67 |    16 |            67
           67 |    17 |            99
           67 |    18 |           174
           67 |    19 |           295
----------------------------------
           68 |     1 |           311
           68 |     2 |           132
           68 |     3 |            82
           68 |     4 |            56
           68 |     5 |            48
           68 |     6 |            28
           68 |     7 |            40
           68 |     8 |            30
           68 |     9 |            27
           68 |    10 |            21
           68 |    11 |            20
           68 |    12 |            29
           68 |    13 |            36
           68 |    14 |            35
           68 |    15 |            42
           68 |    16 |            66
           68 |    17 |            96
           68 |    18 |           137
           68 |    19 |           260
----------------------------------
           69 |     1 |           361
           69 |     2 |           172
           69 |     3 |            82
           69 |     4 |            57
           69 |     5 |            47
           69 |     6 |            33
           69 |     7 |            35
           69 |     8 |            26
           69 |     9 |            20
           69 |    10 |            23
           69 |    11 |            31
           69 |    12 |            30
           69 |    13 |            50
           69 |    14 |            61
           69 |    15 |            69
           69 |    16 |            87
           69 |    17 |           111
           69 |    18 |           188
           69 |    19 |           311
----------------------------------
           70 |     1 |           207
           70 |     2 |            81
           70 |     3 |            48
           70 |     4 |            45
           70 |     5 |            31
           70 |     6 |            22
           70 |     7 |            27
           70 |     8 |            15
           70 |     9 |            14
           70 |    10 |            11
           70 |    11 |            12
           70 |    12 |            19
           70 |    13 |            25
           70 |    14 |            30
           70 |    15 |            36
           70 |    16 |            54
           70 |    17 |            67
           70 |    18 |           121
           70 |    19 |           185
----------------------------------
           71 |     1 |           231
           71 |     2 |           105
           71 |     3 |            64
           71 |     4 |            59
           71 |     5 |            38
           71 |     6 |            32
           71 |     7 |            33
           71 |     8 |            27
           71 |     9 |            25
           71 |    10 |            19
           71 |    11 |            21
           71 |    12 |            29
           71 |    13 |            27
           71 |    14 |            22
           71 |    15 |            28
           71 |    16 |            49
           71 |    17 |            64
           71 |    18 |           118
           71 |    19 |           216
----------------------------------
           72 |     1 |           239
           72 |     2 |           106
           72 |     3 |            65
           72 |     4 |            43
           72 |     5 |            34
           72 |     6 |            26
           72 |     7 |            29
           72 |     8 |            35
           72 |     9 |            28
           72 |    10 |            25
           72 |    11 |            31
           72 |    12 |            34
           72 |    13 |            33
           72 |    14 |            39
           72 |    15 |            52
           72 |    16 |            41
           72 |    17 |            71
           72 |    18 |            93
           72 |    19 |           200
----------------------------------
           73 |     1 |           137
           73 |     2 |            65
           73 |     3 |            43
           73 |     4 |            28
           73 |     5 |            17
           73 |     6 |            12
           73 |     7 |            10
           73 |     8 |            14
           73 |     9 |            17
           73 |    10 |             8
           73 |    11 |            14
           73 |    12 |            17
           73 |    13 |            18
           73 |    14 |            23
           73 |    15 |            29
           73 |    16 |            33
           73 |    17 |            46
           73 |    18 |            78
           73 |    19 |           121
----------------------------------
           74 |     1 |           136
           74 |     2 |            60
           74 |     3 |            32
           74 |     4 |            29
           74 |     5 |            28
           74 |     6 |            18
           74 |     7 |            11
           74 |     8 |            15
           74 |     9 |            13
           74 |    10 |            22
           74 |    11 |            12
           74 |    12 |            18
           74 |    13 |            17
           74 |    14 |            23
           74 |    15 |            27
           74 |    16 |            49
           74 |    17 |            45
           74 |    18 |            69
           74 |    19 |           116
----------------------------------
           75 |     1 |           165
           75 |     2 |            81
           75 |     3 |            48
           75 |     4 |            40
           75 |     5 |            28
           75 |     6 |            27
           75 |     7 |            16
           75 |     8 |            29
           75 |     9 |            20
           75 |    10 |            18
           75 |    11 |            22
           75 |    12 |            12
           75 |    13 |            17
           75 |    14 |            24
           75 |    15 |            27
           75 |    16 |            30
           75 |    17 |            63
           75 |    18 |            85
           75 |    19 |           148
----------------------------------
           76 |     1 |           103
           76 |     2 |            56
           76 |     3 |            41
           76 |     4 |            29
           76 |     5 |            17
           76 |     6 |            10
           76 |     7 |            20
           76 |     8 |             8
           76 |     9 |             9
           76 |    10 |             7
           76 |    11 |            11
           76 |    12 |            16
           76 |    13 |            14
           76 |    14 |            24
           76 |    15 |            27
           76 |    16 |            32
           76 |    17 |            42
           76 |    18 |            47
           76 |    19 |            95
----------------------------------
           77 |     1 |           130
           77 |     2 |            65
           77 |     3 |            43
           77 |     4 |            30
           77 |     5 |            25
           77 |     6 |            22
           77 |     7 |            19
           77 |     8 |            12
           77 |     9 |            16
           77 |    10 |            13
           77 |    11 |            14
           77 |    12 |            22
           77 |    13 |            19
           77 |    14 |            29
           77 |    15 |            37
           77 |    16 |            35
           77 |    17 |            53
           77 |    18 |            68
           77 |    19 |           118
----------------------------------
           78 |     1 |            85
           78 |     2 |            52
           78 |     3 |            29
           78 |     4 |            21
           78 |     5 |            20
           78 |     6 |            11
           78 |     7 |             6
           78 |     8 |             9
           78 |     9 |            12
           78 |    10 |            14
           78 |    11 |            13
           78 |    12 |            18
           78 |    13 |            16
           78 |    14 |            25
           78 |    15 |            23
           78 |    16 |            29
           78 |    17 |            32
           78 |    18 |            43
           78 |    19 |            88
----------------------------------
           79 |     1 |            77
           79 |     2 |            39
           79 |     3 |            28
           79 |     4 |            24
           79 |     5 |            14
           79 |     6 |            14
           79 |     7 |            12
           79 |     8 |            14
           79 |     9 |             6
           79 |    10 |            15
           79 |    11 |            13
           79 |    12 |            13
           79 |    13 |            12
           79 |    14 |            20
           79 |    15 |            17
           79 |    16 |            21
           79 |    17 |            30
           79 |    18 |            39
           79 |    19 |            66
----------------------------------
           80 |     1 |            22
           80 |     2 |            14
           80 |     3 |             8
           80 |     4 |             7
           80 |     5 |             3
           80 |     6 |             6
           80 |     7 |             3
           80 |     8 |             3
           80 |     9 |             2
           80 |    10 |             4
           80 |    11 |             5
           80 |    12 |             3
           80 |    13 |             8
           80 |    14 |             9
           80 |    15 |             5
           80 |    16 |            13
           80 |    17 |             7
           80 |    18 |            10
           80 |    19 |            28
----------------------------------
           81 |     1 |            60
           81 |     2 |            34
           81 |     3 |            25
           81 |     4 |            21
           81 |     5 |            12
           81 |     6 |            10
           81 |     7 |             9
           81 |     8 |            10
           81 |     9 |            11
           81 |    10 |            14
           81 |    11 |             7
           81 |    12 |            13
           81 |    13 |            13
           81 |    14 |            16
           81 |    15 |            16
           81 |    16 |            20
           81 |    17 |            19
           81 |    18 |            40
           81 |    19 |            55
----------------------------------
           82 |     1 |            94
           82 |     2 |            39
           82 |     3 |            26
           82 |     4 |            26
           82 |     5 |            14
           82 |     6 |            17
           82 |     7 |            23
           82 |     8 |             8
           82 |     9 |            15
           82 |    10 |            19
           82 |    11 |            19
           82 |    12 |            15
           82 |    13 |            22
           82 |    14 |            26
           82 |    15 |            21
           82 |    16 |            38
           82 |    17 |            33
           82 |    18 |            49
           82 |    19 |            70
----------------------------------
           83 |     1 |            15
           83 |     2 |             3
           83 |     3 |             3
           83 |     4 |             0
           83 |     5 |             0
           83 |     6 |             2
           83 |     7 |             1
           83 |     8 |             1
           83 |     9 |             0
           83 |    10 |             2
           83 |    11 |             0
           83 |    12 |             4
           83 |    13 |             7
           83 |    14 |             6
           83 |    15 |             5
           83 |    16 |             6
           83 |    17 |             7
           83 |    18 |             9
           83 |    19 |            12
----------------------------------
           84 |     1 |            57
           84 |     2 |            24
           84 |     3 |            24
           84 |     4 |            10
           84 |     5 |            10
           84 |     6 |            10
           84 |     7 |             7
           84 |     8 |             8
           84 |     9 |             7
           84 |    10 |             7
           84 |    11 |             7
           84 |    12 |             9
           84 |    13 |            10
           84 |    14 |            14
           84 |    15 |             9
           84 |    16 |            19
           84 |    17 |            22
           84 |    18 |            29
           84 |    19 |            53
----------------------------------
           85 |     1 |            30
           85 |     2 |            15
           85 |     3 |            14
           85 |     4 |             6
           85 |     5 |             4
           85 |     6 |             5
           85 |     7 |             4
           85 |     8 |             7
           85 |     9 |             4
           85 |    10 |             4
           85 |    11 |             8
           85 |    12 |             4
           85 |    13 |             6
           85 |    14 |             3
           85 |    15 |             1
           85 |    16 |             6
           85 |    17 |             8
           85 |    18 |            17
           85 |    19 |            24
----------------------------------
           86 |     1 |            93
           86 |     2 |            43
           86 |     3 |            36
           86 |     4 |            20
           86 |     5 |            29
           86 |     6 |            23
           86 |     7 |            21
           86 |     8 |            21
           86 |     9 |            13
           86 |    10 |            17
           86 |    11 |            13
           86 |    12 |            16
           86 |    13 |            15
           86 |    14 |            19
           86 |    15 |            24
           86 |    16 |            33
           86 |    17 |            45
           86 |    18 |            40
           86 |    19 |            81
----------------------------------
           87 |     1 |             9
           87 |     2 |             8
           87 |     3 |             6
           87 |     4 |             2
           87 |     5 |             2
           87 |     6 |             2
           87 |     7 |             4
           87 |     8 |             5
           87 |     9 |             5
           87 |    10 |             5
           87 |    11 |             6
           87 |    12 |             4
           87 |    13 |             3
           87 |    14 |             2
           87 |    15 |             2
           87 |    16 |             2
           87 |    17 |             2
           87 |    18 |             4
           87 |    19 |            14
----------------------------------
           88 |     1 |            42
           88 |     2 |            23
           88 |     3 |            14
           88 |     4 |            15
           88 |     5 |            12
           88 |     6 |             9
           88 |     7 |             6
           88 |     8 |             7
           88 |     9 |             6
           88 |    10 |             9
           88 |    11 |            12
           88 |    12 |             8
           88 |    13 |             9
           88 |    14 |             7
           88 |    15 |            10
           88 |    16 |            10
           88 |    17 |            15
           88 |    18 |            19
           88 |    19 |            31
----------------------------------
           89 |     1 |            52
           89 |     2 |            24
           89 |     3 |            19
           89 |     4 |            12
           89 |     5 |            10
           89 |     6 |            12
           89 |     7 |             8
           89 |     8 |            11
           89 |     9 |            11
           89 |    10 |            10
           89 |    11 |            16
           89 |    12 |            11
           89 |    13 |            20
           89 |    14 |            18
           89 |    15 |            16
           89 |    16 |            14
           89 |    17 |            23
           89 |    18 |            24
           89 |    19 |            45
----------------------------------
           90 |     1 |            25
           90 |     2 |            15
           90 |     3 |            10
           90 |     4 |             9
           90 |     5 |             8
           90 |     6 |             8
           90 |     7 |             9
           90 |     8 |             5
           90 |     9 |             6
           90 |    10 |             6
           90 |    11 |             6
           90 |    12 |             7
           90 |    13 |             9
           90 |    14 |             1
           90 |    15 |             5
           90 |    16 |            10
           90 |    17 |             8
           90 |    18 |            14
           90 |    19 |            19
----------------------------------
           91 |     1 |            13
           91 |     2 |             8
           91 |     3 |             4
           91 |     4 |             4
           91 |     5 |             1
           91 |     6 |             7
           91 |     7 |             5
           91 |     8 |             4
           91 |     9 |             2
           91 |    10 |             2
           91 |    11 |             1
           91 |    12 |             2
           91 |    13 |             1
           91 |    14 |             2
           91 |    15 |             4
           91 |    16 |             8
           91 |    17 |             9
           91 |    18 |             6
           91 |    19 |             8
----------------------------------
           92 |     1 |            12
           92 |     2 |             8
           92 |     3 |             3
           92 |     4 |             2
           92 |     5 |             1
           92 |     6 |             0
           92 |     7 |             5
           92 |     8 |             2
           92 |     9 |             2
           92 |    10 |             4
           92 |    11 |             5
           92 |    12 |             6
           92 |    13 |             6
           92 |    14 |             4
           92 |    15 |             6
           92 |    16 |             6
           92 |    17 |             4
           92 |    18 |             5
           92 |    19 |            11
----------------------------------
----------------------------------
----------------------------------
----------------------------------
           96 |     1 |            13
           96 |     2 |             8
           96 |     3 |             3
           96 |     4 |             5
           96 |     5 |             2
           96 |     6 |             4
           96 |     7 |             4
           96 |     8 |             2
           96 |     9 |             3
           96 |    10 |             4
           96 |    11 |             3
           96 |    12 |             8
           96 |    13 |             7
           96 |    14 |             5
           96 |    15 |             2
           96 |    16 |             2
           96 |    17 |             5
           96 |    18 |             6
           96 |    19 |            10
----------------------------------
----------------------------------
----------------------------------
----------------------------------
----------------------------------
----------------------------------
----------------------------------
----------------------------------
----------------------------------
----------------------------------
----------------------------------
----------------------------------
----------------------------------
----------------------------------
----------------------------------
----------------------------------
          112 |     1 |            14
          112 |     2 |             7
          112 |     3 |             5
          112 |     4 |             5
          112 |     5 |             5
          112 |     6 |             7
          112 |     7 |             6
          112 |     8 |             3
          112 |     9 |             6
          112 |    10 |             4
          112 |    11 |             5
          112 |    12 |             7
          112 |    13 |             3
          112 |    14 |             5
          112 |    15 |             4
          112 |    16 |             6
          112 |    17 |             4
          112 |    18 |             6
          112 |    19 |            10
----------------------------------
----------------------------------
----------------------------------
          115 |     1 |            10
          115 |     2 |             5
          115 |     3 |             6
          115 |     4 |             3
          115 |     5 |             5
          115 |     6 |             4
          115 |     7 |             0
          115 |     8 |             3
          115 |     9 |             6
          115 |    10 |             3
          115 |    11 |             6
          115 |    12 |             7
          115 |    13 |             8
          115 |    14 |             8
          115 |    15 |             7
          115 |    16 |             9
          115 |    17 |             7
          115 |    18 |             8
          115 |    19 |            10
----------------------------------
----------------------------------
----------------------------------
----------------------------------
----------------------------------
----------------------------------
----------------------------------
----------------------------------
----------------------------------
----------------------------------
----------------------------------
----------------------------------
----------------------------------
----------------------------------
----------------------------------
----------------------------------
----------------------------------
----------------------------------
----------------------------------
----------------------------------
----------------------------------
----------------------------------
----------------------------------
----------------------------------
----------------------------------
----------------------------------
----------------------------------
----------------------------------
----------------------------------
----------------------------------
----------------------------------
----------------------------------
----------------------------------
----------------------------------
----------------------------------
----------------------------------
----------------------------------
----------------------------------
----------------------------------
----------------------------------
----------------------------------
----------------------------------
----------------------------------
----------------------------------
----------------------------------
----------------------------------
----------------------------------
----------------------------------
----------------------------------
----------------------------------
----------------------------------
----------------------------------
----------------------------------
----------------------------------
----------------------------------
----------------------------------
----------------------------------
----------------------------------
----------------------------------
----------------------------------
----------------------------------
----------------------------------
----------------------------------
----------------------------------
----------------------------------
----------------------------------
----------------------------------
----------------------------------
----------------------------------
----------------------------------
----------------------------------
----------------------------------
----------------------------------
----------------------------------
----------------------------------
----------------------------------
----------------------------------
----------------------------------
----------------------------------
----------------------------------
----------------------------------
----------------------------------
----------------------------------
----------------------------------
----------------------------------
----------------------------------
----------------------------------
----------------------------------
----------------------------------
----------------------------------
----------------------------------
----------------------------------
----------------------------------
----------------------------------
----------------------------------
----------------------------------
----------------------------------
----------------------------------
----------------------------------
----------------------------------
----------------------------------
----------------------------------
----------------------------------
----------------------------------
----------------------------------
----------------------------------
----------------------------------
----------------------------------
----------------------------------
----------------------------------
----------------------------------
----------------------------------
----------------------------------
----------------------------------
----------------------------------
----------------------------------
----------------------------------
----------------------------------
----------------------------------
----------------------------------
----------------------------------
----------------------------------
----------------------------------
----------------------------------
----------------------------------
----------------------------------
----------------------------------
----------------------------------
----------------------------------
----------------------------------
----------------------------------
----------------------------------
----------------------------------
----------------------------------
----------------------------------
----------------------------------
----------------------------------
----------------------------------
----------------------------------
----------------------------------
----------------------------------
----------------------------------
----------------------------------
----------------------------------
----------------------------------
----------------------------------
----------------------------------
----------------------------------
----------------------------------
----------------------------------
----------------------------------
----------------------------------
----------------------------------
----------------------------------
----------------------------------
----------------------------------
----------------------------------
----------------------------------
----------------------------------
----------------------------------
----------------------------------
----------------------------------
----------------------------------
----------------------------------
----------------------------------
----------------------------------
----------------------------------
----------------------------------
----------------------------------
----------------------------------
----------------------------------
----------------------------------
----------------------------------
----------------------------------
----------------------------------
----------------------------------
----------------------------------
----------------------------------
----------------------------------
----------------------------------
----------------------------------
----------------------------------
----------------------------------
----------------------------------
----------------------------------
----------------------------------
----------------------------------
----------------------------------
----------------------------------
----------------------------------
----------------------------------
----------------------------------
----------------------------------
----------------------------------
----------------------------------
----------------------------------
----------------------------------
----------------------------------
----------------------------------
----------------------------------
----------------------------------
----------------------------------
----------------------------------
----------------------------------
----------------------------------
----------------------------------
----------------------------------
----------------------------------
----------------------------------
----------------------------------
----------------------------------
----------------------------------
----------------------------------
----------------------------------
----------------------------------
----------------------------------
----------------------------------
----------------------------------
----------------------------------
----------------------------------
----------------------------------
----------------------------------
----------------------------------
----------------------------------
----------------------------------
----------------------------------
----------------------------------
----------------------------------
----------------------------------
----------------------------------
----------------------------------
----------------------------------
----------------------------------
----------------------------------
----------------------------------
----------------------------------
----------------------------------
----------------------------------
----------------------------------
----------------------------------
----------------------------------
----------------------------------
----------------------------------
----------------------------------
----------------------------------
----------------------------------
----------------------------------
----------------------------------
----------------------------------
----------------------------------
----------------------------------
----------------------------------
----------------------------------
----------------------------------
----------------------------------
----------------------------------
----------------------------------
----------------------------------
----------------------------------
----------------------------------
----------------------------------
----------------------------------
----------------------------------
----------------------------------
----------------------------------
----------------------------------
