MinCut number | SSize | Number of cuts
----------------------------------
----------------------------------
----------------------------------
----------------------------------
----------------------------------
----------------------------------
----------------------------------
----------------------------------
----------------------------------
----------------------------------
----------------------------------
----------------------------------
----------------------------------
----------------------------------
----------------------------------
----------------------------------
----------------------------------
----------------------------------
----------------------------------
----------------------------------
----------------------------------
----------------------------------
----------------------------------
----------------------------------
----------------------------------
----------------------------------
----------------------------------
----------------------------------
----------------------------------
----------------------------------
----------------------------------
----------------------------------
----------------------------------
           52 |     1 |            80
           52 |     2 |            33
           52 |     3 |            15
           52 |     4 |            11
           52 |     5 |             9
           52 |     6 |             7
           52 |     7 |             5
           52 |     8 |             4
           52 |     9 |             4
           52 |    10 |             4
           52 |    11 |             4
           52 |    12 |             4
           52 |    13 |             4
           52 |    14 |             4
           52 |    15 |             4
           52 |    16 |             4
           52 |    17 |             4
           52 |    18 |             4
           52 |    19 |             4
----------------------------------
           53 |     1 |            80
           53 |     2 |            33
           53 |     3 |            17
           53 |     4 |            11
           53 |     5 |             9
           53 |     6 |             8
           53 |     7 |             5
           53 |     8 |             5
           53 |     9 |             4
           53 |    10 |             4
           53 |    11 |             4
           53 |    12 |             4
           53 |    13 |             4
           53 |    14 |             4
           53 |    15 |             4
           53 |    16 |             4
           53 |    17 |             4
           53 |    18 |             4
           53 |    19 |             4
----------------------------------
           54 |     1 |            80
           54 |     2 |            34
           54 |     3 |            21
           54 |     4 |            13
           54 |     5 |             8
           54 |     6 |             7
           54 |     7 |             5
           54 |     8 |             4
           54 |     9 |             4
           54 |    10 |             4
           54 |    11 |             4
           54 |    12 |             4
           54 |    13 |             4
           54 |    14 |             4
           54 |    15 |             4
           54 |    16 |             4
           54 |    17 |             4
           54 |    18 |             4
           54 |    19 |             4
----------------------------------
           55 |     1 |            40
           55 |     2 |            18
           55 |     3 |             9
           55 |     4 |             8
           55 |     5 |             4
           55 |     6 |             4
           55 |     7 |             3
           55 |     8 |             2
           55 |     9 |             2
           55 |    10 |             2
           55 |    11 |             2
           55 |    12 |             2
           55 |    13 |             2
           55 |    14 |             2
           55 |    15 |             2
           55 |    16 |             2
           55 |    17 |             2
           55 |    18 |             2
           55 |    19 |             2
----------------------------------
           56 |     1 |           280
           56 |     2 |           129
           56 |     3 |            78
           56 |     4 |            50
           56 |     5 |            33
           56 |     6 |            24
           56 |     7 |            17
           56 |     8 |            17
           56 |     9 |            16
           56 |    10 |            14
           56 |    11 |            14
           56 |    12 |            14
           56 |    13 |            14
           56 |    14 |            14
           56 |    15 |            14
           56 |    16 |            14
           56 |    17 |            14
           56 |    18 |            14
           56 |    19 |            14
----------------------------------
           57 |     1 |           460
           57 |     2 |           214
           57 |     3 |           125
           57 |     4 |            77
           57 |     5 |            54
           57 |     6 |            44
           57 |     7 |            40
           57 |     8 |            35
           57 |     9 |            32
           57 |    10 |            26
           57 |    11 |            23
           57 |    12 |            23
           57 |    13 |            23
           57 |    14 |            23
           57 |    15 |            23
           57 |    16 |            23
           57 |    17 |            22
           57 |    18 |            22
           57 |    19 |            22
----------------------------------
           58 |     1 |           380
           58 |     2 |           167
           58 |     3 |           101
           58 |     4 |            72
           58 |     5 |            55
           58 |     6 |            42
           58 |     7 |            36
           58 |     8 |            32
           58 |     9 |            28
           58 |    10 |            24
           58 |    11 |            20
           58 |    12 |            19
           58 |    13 |            18
           58 |    14 |            18
           58 |    15 |            18
           58 |    16 |            18
           58 |    17 |            18
           58 |    18 |            18
           58 |    19 |            18
----------------------------------
           59 |     1 |           560
           59 |     2 |           258
           59 |     3 |           159
           59 |     4 |           113
           59 |     5 |            84
           59 |     6 |            65
           59 |     7 |            51
           59 |     8 |            44
           59 |     9 |            36
           59 |    10 |            30
           59 |    11 |            28
           59 |    12 |            28
           59 |    13 |            28
           59 |    14 |            28
           59 |    15 |            28
           59 |    16 |            28
           59 |    17 |            28
           59 |    18 |            28
           59 |    19 |            28
----------------------------------
           60 |     1 |           420
           60 |     2 |           202
           60 |     3 |           112
           60 |     4 |            80
           60 |     5 |            60
           60 |     6 |            48
           60 |     7 |            41
           60 |     8 |            38
           60 |     9 |            33
           60 |    10 |            30
           60 |    11 |            25
           60 |    12 |            23
           60 |    13 |            22
           60 |    14 |            21
           60 |    15 |            21
           60 |    16 |            21
           60 |    17 |            21
           60 |    18 |            21
           60 |    19 |            21
----------------------------------
           61 |     1 |           620
           61 |     2 |           301
           61 |     3 |           188
           61 |     4 |           134
           61 |     5 |           100
           61 |     6 |            81
           61 |     7 |            61
           61 |     8 |            46
           61 |     9 |            39
           61 |    10 |            36
           61 |    11 |            33
           61 |    12 |            33
           61 |    13 |            32
           61 |    14 |            32
           61 |    15 |            31
           61 |    16 |            31
           61 |    17 |            31
           61 |    18 |            31
           61 |    19 |            31
----------------------------------
           62 |     1 |           740
           62 |     2 |           363
           62 |     3 |           225
           62 |     4 |           164
           62 |     5 |           118
           62 |     6 |            95
           62 |     7 |            79
           62 |     8 |            64
           62 |     9 |            56
           62 |    10 |            49
           62 |    11 |            44
           62 |    12 |            39
           62 |    13 |            37
           62 |    14 |            37
           62 |    15 |            37
           62 |    16 |            37
           62 |    17 |            37
           62 |    18 |            37
           62 |    19 |            36
----------------------------------
           63 |     1 |           760
           63 |     2 |           363
           63 |     3 |           224
           63 |     4 |           166
           63 |     5 |           132
           63 |     6 |           103
           63 |     7 |            83
           63 |     8 |            72
           63 |     9 |            65
           63 |    10 |            58
           63 |    11 |            53
           63 |    12 |            49
           63 |    13 |            43
           63 |    14 |            38
           63 |    15 |            37
           63 |    16 |            37
           63 |    17 |            37
           63 |    18 |            37
           63 |    19 |            37
----------------------------------
           64 |     1 |           760
           64 |     2 |           368
           64 |     3 |           252
           64 |     4 |           174
           64 |     5 |           132
           64 |     6 |            97
           64 |     7 |            87
           64 |     8 |            74
           64 |     9 |            65
           64 |    10 |            56
           64 |    11 |            51
           64 |    12 |            45
           64 |    13 |            42
           64 |    14 |            39
           64 |    15 |            38
           64 |    16 |            38
           64 |    17 |            38
           64 |    18 |            38
           64 |    19 |            38
----------------------------------
           65 |     1 |           620
           65 |     2 |           307
           65 |     3 |           198
           65 |     4 |           145
           65 |     5 |           116
           65 |     6 |            90
           65 |     7 |            70
           65 |     8 |            64
           65 |     9 |            55
           65 |    10 |            48
           65 |    11 |            43
           65 |    12 |            38
           65 |    13 |            34
           65 |    14 |            32
           65 |    15 |            31
           65 |    16 |            31
           65 |    17 |            31
           65 |    18 |            31
           65 |    19 |            31
----------------------------------
           66 |     1 |           920
           66 |     2 |           447
           66 |     3 |           296
           66 |     4 |           222
           66 |     5 |           165
           66 |     6 |           136
           66 |     7 |           117
           66 |     8 |           104
           66 |     9 |            88
           66 |    10 |            75
           66 |    11 |            65
           66 |    12 |            59
           66 |    13 |            54
           66 |    14 |            53
           66 |    15 |            49
           66 |    16 |            47
           66 |    17 |            47
           66 |    18 |            46
           66 |    19 |            46
----------------------------------
           67 |     1 |           880
           67 |     2 |           431
           67 |     3 |           280
           67 |     4 |           216
           67 |     5 |           172
           67 |     6 |           137
           67 |     7 |           116
           67 |     8 |            94
           67 |     9 |            82
           67 |    10 |            75
           67 |    11 |            69
           67 |    12 |            62
           67 |    13 |            56
           67 |    14 |            51
           67 |    15 |            48
           67 |    16 |            47
           67 |    17 |            44
           67 |    18 |            44
           67 |    19 |            44
----------------------------------
           68 |     1 |           660
           68 |     2 |           330
           68 |     3 |           221
           68 |     4 |           171
           68 |     5 |           135
           68 |     6 |           111
           68 |     7 |            92
           68 |     8 |            77
           68 |     9 |            64
           68 |    10 |            55
           68 |    11 |            49
           68 |    12 |            42
           68 |    13 |            36
           68 |    14 |            34
           68 |    15 |            34
           68 |    16 |            34
           68 |    17 |            33
           68 |    18 |            33
           68 |    19 |            33
----------------------------------
           69 |     1 |          1000
           69 |     2 |           515
           69 |     3 |           345
           69 |     4 |           246
           69 |     5 |           195
           69 |     6 |           156
           69 |     7 |           133
           69 |     8 |           117
           69 |     9 |           101
           69 |    10 |            91
           69 |    11 |            81
           69 |    12 |            74
           69 |    13 |            68
           69 |    14 |            63
           69 |    15 |            59
           69 |    16 |            55
           69 |    17 |            51
           69 |    18 |            50
           69 |    19 |            50
----------------------------------
           70 |     1 |          1000
           70 |     2 |           492
           70 |     3 |           330
           70 |     4 |           259
           70 |     5 |           202
           70 |     6 |           163
           70 |     7 |           136
           70 |     8 |           120
           70 |     9 |           104
           70 |    10 |            97
           70 |    11 |            88
           70 |    12 |            81
           70 |    13 |            74
           70 |    14 |            70
           70 |    15 |            65
           70 |    16 |            58
           70 |    17 |            57
           70 |    18 |            53
           70 |    19 |            51
----------------------------------
           71 |     1 |          1060
           71 |     2 |           534
           71 |     3 |           366
           71 |     4 |           272
           71 |     5 |           218
           71 |     6 |           174
           71 |     7 |           146
           71 |     8 |           132
           71 |     9 |           117
           71 |    10 |           105
           71 |    11 |            94
           71 |    12 |            87
           71 |    13 |            81
           71 |    14 |            77
           71 |    15 |            68
           71 |    16 |            65
           71 |    17 |            58
           71 |    18 |            55
           71 |    19 |            54
----------------------------------
           72 |     1 |           760
           72 |     2 |           381
           72 |     3 |           260
           72 |     4 |           200
           72 |     5 |           166
           72 |     6 |           140
           72 |     7 |           118
           72 |     8 |           100
           72 |     9 |            91
           72 |    10 |            80
           72 |    11 |            71
           72 |    12 |            62
           72 |    13 |            56
           72 |    14 |            50
           72 |    15 |            47
           72 |    16 |            40
           72 |    17 |            38
           72 |    18 |            38
           72 |    19 |            38
----------------------------------
           73 |     1 |           660
           73 |     2 |           338
           73 |     3 |           218
           73 |     4 |           168
           73 |     5 |           134
           73 |     6 |           116
           73 |     7 |           100
           73 |     8 |            87
           73 |     9 |            78
           73 |    10 |            72
           73 |    11 |            63
           73 |    12 |            59
           73 |    13 |            55
           73 |    14 |            52
           73 |    15 |            51
           73 |    16 |            46
           73 |    17 |            42
           73 |    18 |            37
           73 |    19 |            33
----------------------------------
           74 |     1 |           720
           74 |     2 |           379
           74 |     3 |           248
           74 |     4 |           193
           74 |     5 |           163
           74 |     6 |           138
           74 |     7 |           117
           74 |     8 |            95
           74 |     9 |            83
           74 |    10 |            77
           74 |    11 |            71
           74 |    12 |            65
           74 |    13 |            55
           74 |    14 |            52
           74 |    15 |            49
           74 |    16 |            45
           74 |    17 |            40
           74 |    18 |            37
           74 |    19 |            37
----------------------------------
           75 |     1 |           580
           75 |     2 |           293
           75 |     3 |           206
           75 |     4 |           160
           75 |     5 |           131
           75 |     6 |           107
           75 |     7 |            94
           75 |     8 |            77
           75 |     9 |            71
           75 |    10 |            65
           75 |    11 |            56
           75 |    12 |            50
           75 |    13 |            49
           75 |    14 |            44
           75 |    15 |            43
           75 |    16 |            41
           75 |    17 |            38
           75 |    18 |            36
           75 |    19 |            34
----------------------------------
           76 |     1 |           660
           76 |     2 |           340
           76 |     3 |           236
           76 |     4 |           181
           76 |     5 |           144
           76 |     6 |           117
           76 |     7 |           102
           76 |     8 |            91
           76 |     9 |            86
           76 |    10 |            78
           76 |    11 |            69
           76 |    12 |            64
           76 |    13 |            59
           76 |    14 |            56
           76 |    15 |            56
           76 |    16 |            50
           76 |    17 |            44
           76 |    18 |            39
           76 |    19 |            36
----------------------------------
           77 |     1 |           520
           77 |     2 |           267
           77 |     3 |           179
           77 |     4 |           138
           77 |     5 |           122
           77 |     6 |           105
           77 |     7 |            86
           77 |     8 |            78
           77 |     9 |            71
           77 |    10 |            64
           77 |    11 |            57
           77 |    12 |            52
           77 |    13 |            46
           77 |    14 |            46
           77 |    15 |            42
           77 |    16 |            38
           77 |    17 |            36
           77 |    18 |            28
           77 |    19 |            27
----------------------------------
           78 |     1 |           400
           78 |     2 |           202
           78 |     3 |           140
           78 |     4 |           115
           78 |     5 |            99
           78 |     6 |            85
           78 |     7 |            75
           78 |     8 |            64
           78 |     9 |            54
           78 |    10 |            48
           78 |    11 |            45
           78 |    12 |            40
           78 |    13 |            34
           78 |    14 |            33
           78 |    15 |            30
           78 |    16 |            28
           78 |    17 |            24
           78 |    18 |            23
           78 |    19 |            21
----------------------------------
           79 |     1 |           460
           79 |     2 |           246
           79 |     3 |           168
           79 |     4 |           137
           79 |     5 |           109
           79 |     6 |            95
           79 |     7 |            79
           79 |     8 |            71
           79 |     9 |            62
           79 |    10 |            60
           79 |    11 |            54
           79 |    12 |            47
           79 |    13 |            40
           79 |    14 |            38
           79 |    15 |            37
           79 |    16 |            34
           79 |    17 |            29
           79 |    18 |            26
           79 |    19 |            25
----------------------------------
           80 |     1 |           540
           80 |     2 |           288
           80 |     3 |           208
           80 |     4 |           155
           80 |     5 |           130
           80 |     6 |           114
           80 |     7 |            99
           80 |     8 |            85
           80 |     9 |            76
           80 |    10 |            68
           80 |    11 |            62
           80 |    12 |            55
           80 |    13 |            50
           80 |    14 |            46
           80 |    15 |            43
           80 |    16 |            41
           80 |    17 |            37
           80 |    18 |            32
           80 |    19 |            31
----------------------------------
           81 |     1 |           340
           81 |     2 |           182
           81 |     3 |           124
           81 |     4 |            97
           81 |     5 |            79
           81 |     6 |            70
           81 |     7 |            62
           81 |     8 |            51
           81 |     9 |            48
           81 |    10 |            45
           81 |    11 |            41
           81 |    12 |            39
           81 |    13 |            37
           81 |    14 |            33
           81 |    15 |            30
           81 |    16 |            28
           81 |    17 |            25
           81 |    18 |            25
           81 |    19 |            21
----------------------------------
           82 |     1 |           340
           82 |     2 |           172
           82 |     3 |           123
           82 |     4 |           100
           82 |     5 |            82
           82 |     6 |            72
           82 |     7 |            65
           82 |     8 |            57
           82 |     9 |            54
           82 |    10 |            47
           82 |    11 |            43
           82 |    12 |            39
           82 |    13 |            37
           82 |    14 |            33
           82 |    15 |            30
           82 |    16 |            28
           82 |    17 |            26
           82 |    18 |            24
           82 |    19 |            22
----------------------------------
           83 |     1 |           280
           83 |     2 |           147
           83 |     3 |           104
           83 |     4 |            84
           83 |     5 |            73
           83 |     6 |            64
           83 |     7 |            56
           83 |     8 |            50
           83 |     9 |            46
           83 |    10 |            39
           83 |    11 |            38
           83 |    12 |            34
           83 |    13 |            29
           83 |    14 |            28
           83 |    15 |            22
           83 |    16 |            19
           83 |    17 |            18
           83 |    18 |            17
           83 |    19 |            14
----------------------------------
           84 |     1 |           400
           84 |     2 |           218
           84 |     3 |           157
           84 |     4 |           118
           84 |     5 |           101
           84 |     6 |            92
           84 |     7 |            79
           84 |     8 |            71
           84 |     9 |            61
           84 |    10 |            55
           84 |    11 |            50
           84 |    12 |            47
           84 |    13 |            41
           84 |    14 |            37
           84 |    15 |            36
           84 |    16 |            35
           84 |    17 |            30
           84 |    18 |            28
           84 |    19 |            24
----------------------------------
           85 |     1 |           220
           85 |     2 |           116
           85 |     3 |            86
           85 |     4 |            66
           85 |     5 |            53
           85 |     6 |            47
           85 |     7 |            43
           85 |     8 |            39
           85 |     9 |            36
           85 |    10 |            34
           85 |    11 |            31
           85 |    12 |            29
           85 |    13 |            26
           85 |    14 |            25
           85 |    15 |            25
           85 |    16 |            20
           85 |    17 |            17
           85 |    18 |            11
           85 |    19 |            11
----------------------------------
           86 |     1 |           280
           86 |     2 |           140
           86 |     3 |           100
           86 |     4 |            77
           86 |     5 |            69
           86 |     6 |            63
           86 |     7 |            58
           86 |     8 |            54
           86 |     9 |            52
           86 |    10 |            47
           86 |    11 |            42
           86 |    12 |            38
           86 |    13 |            35
           86 |    14 |            32
           86 |    15 |            30
           86 |    16 |            27
           86 |    17 |            23
           86 |    18 |            20
           86 |    19 |            17
----------------------------------
           87 |     1 |           200
           87 |     2 |           110
           87 |     3 |            77
           87 |     4 |            61
           87 |     5 |            55
           87 |     6 |            46
           87 |     7 |            38
           87 |     8 |            34
           87 |     9 |            30
           87 |    10 |            28
           87 |    11 |            27
           87 |    12 |            27
           87 |    13 |            26
           87 |    14 |            24
           87 |    15 |            23
           87 |    16 |            21
           87 |    17 |            17
           87 |    18 |            15
           87 |    19 |            11
----------------------------------
           88 |     1 |           140
           88 |     2 |            77
           88 |     3 |            54
           88 |     4 |            42
           88 |     5 |            35
           88 |     6 |            32
           88 |     7 |            28
           88 |     8 |            27
           88 |     9 |            25
           88 |    10 |            24
           88 |    11 |            21
           88 |    12 |            20
           88 |    13 |            20
           88 |    14 |            17
           88 |    15 |            13
           88 |    16 |            11
           88 |    17 |            11
           88 |    18 |            11
           88 |    19 |             8
----------------------------------
           89 |     1 |            80
           89 |     2 |            39
           89 |     3 |            27
           89 |     4 |            24
           89 |     5 |            22
           89 |     6 |            21
           89 |     7 |            18
           89 |     8 |            17
           89 |     9 |            15
           89 |    10 |            14
           89 |    11 |            14
           89 |    12 |            11
           89 |    13 |            10
           89 |    14 |            10
           89 |    15 |             9
           89 |    16 |             8
           89 |    17 |             6
           89 |    18 |             6
           89 |    19 |             5
----------------------------------
           90 |     1 |            80
           90 |     2 |            46
           90 |     3 |            30
           90 |     4 |            24
           90 |     5 |            21
           90 |     6 |            17
           90 |     7 |            17
           90 |     8 |            16
           90 |     9 |            13
           90 |    10 |            12
           90 |    11 |            11
           90 |    12 |            10
           90 |    13 |            10
           90 |    14 |            10
           90 |    15 |             9
           90 |    16 |             9
           90 |    17 |             9
           90 |    18 |             8
           90 |    19 |             8
----------------------------------
           91 |     1 |           220
           91 |     2 |           121
           91 |     3 |            85
           91 |     4 |            67
           91 |     5 |            59
           91 |     6 |            50
           91 |     7 |            45
           91 |     8 |            40
           91 |     9 |            37
           91 |    10 |            37
           91 |    11 |            35
           91 |    12 |            33
           91 |    13 |            32
           91 |    14 |            31
           91 |    15 |            30
           91 |    16 |            26
           91 |    17 |            22
           91 |    18 |            17
           91 |    19 |            14
----------------------------------
           92 |     1 |           140
           92 |     2 |            73
           92 |     3 |            58
           92 |     4 |            48
           92 |     5 |            39
           92 |     6 |            33
           92 |     7 |            30
           92 |     8 |            26
           92 |     9 |            22
           92 |    10 |            21
           92 |    11 |            20
           92 |    12 |            20
           92 |    13 |            20
           92 |    14 |            19
           92 |    15 |            18
           92 |    16 |            17
           92 |    17 |            16
           92 |    18 |            13
           92 |    19 |            11
----------------------------------
           93 |     1 |            80
           93 |     2 |            43
           93 |     3 |            27
           93 |     4 |            23
           93 |     5 |            22
           93 |     6 |            21
           93 |     7 |            20
           93 |     8 |            18
           93 |     9 |            17
           93 |    10 |            16
           93 |    11 |            15
           93 |    12 |            14
           93 |    13 |            11
           93 |    14 |            11
           93 |    15 |            10
           93 |    16 |             7
           93 |    17 |             7
           93 |    18 |             6
           93 |    19 |             4
----------------------------------
           94 |     1 |            60
           94 |     2 |            33
           94 |     3 |            23
           94 |     4 |            19
           94 |     5 |            16
           94 |     6 |            11
           94 |     7 |            11
           94 |     8 |            11
           94 |     9 |            11
           94 |    10 |            10
           94 |    11 |            10
           94 |    12 |             9
           94 |    13 |             9
           94 |    14 |             9
           94 |    15 |             9
           94 |    16 |             9
           94 |    17 |             8
           94 |    18 |             8
           94 |    19 |             6
----------------------------------
           95 |     1 |           140
           95 |     2 |            80
           95 |     3 |            56
           95 |     4 |            47
           95 |     5 |            37
           95 |     6 |            33
           95 |     7 |            30
           95 |     8 |            28
           95 |     9 |            28
           95 |    10 |            27
           95 |    11 |            27
           95 |    12 |            25
           95 |    13 |            21
           95 |    14 |            19
           95 |    15 |            16
           95 |    16 |            15
           95 |    17 |            14
           95 |    18 |            12
           95 |    19 |            10
----------------------------------
----------------------------------
           97 |     1 |            80
           97 |     2 |            45
           97 |     3 |            35
           97 |     4 |            28
           97 |     5 |            25
           97 |     6 |            23
           97 |     7 |            21
           97 |     8 |            20
           97 |     9 |            18
           97 |    10 |            14
           97 |    11 |            13
           97 |    12 |            13
           97 |    13 |            11
           97 |    14 |            10
           97 |    15 |             8
           97 |    16 |             8
           97 |    17 |             6
           97 |    18 |             5
           97 |    19 |             5
----------------------------------
           98 |     1 |            20
           98 |     2 |            10
           98 |     3 |             7
           98 |     4 |             6
           98 |     5 |             6
           98 |     6 |             6
           98 |     7 |             6
           98 |     8 |             5
           98 |     9 |             4
           98 |    10 |             4
           98 |    11 |             4
           98 |    12 |             3
           98 |    13 |             3
           98 |    14 |             3
           98 |    15 |             3
           98 |    16 |             3
           98 |    17 |             2
           98 |    18 |             2
           98 |    19 |             1
----------------------------------
----------------------------------
          100 |     1 |            20
          100 |     2 |            14
          100 |     3 |             9
          100 |     4 |             6
          100 |     5 |             6
          100 |     6 |             5
          100 |     7 |             4
          100 |     8 |             4
          100 |     9 |             4
          100 |    10 |             4
          100 |    11 |             4
          100 |    12 |             3
          100 |    13 |             3
          100 |    14 |             3
          100 |    15 |             3
          100 |    16 |             2
          100 |    17 |             2
          100 |    18 |             2
          100 |    19 |             2
----------------------------------
----------------------------------
          102 |     1 |            20
          102 |     2 |            10
          102 |     3 |             6
          102 |     4 |             6
          102 |     5 |             6
          102 |     6 |             5
          102 |     7 |             5
          102 |     8 |             5
          102 |     9 |             5
          102 |    10 |             5
          102 |    11 |             5
          102 |    12 |             4
          102 |    13 |             4
          102 |    14 |             4
          102 |    15 |             3
          102 |    16 |             3
          102 |    17 |             3
          102 |    18 |             2
          102 |    19 |             1
----------------------------------
          103 |     1 |            20
          103 |     2 |            12
          103 |     3 |             9
          103 |     4 |             7
          103 |     5 |             6
          103 |     6 |             6
          103 |     7 |             4
          103 |     8 |             4
          103 |     9 |             4
          103 |    10 |             4
          103 |    11 |             4
          103 |    12 |             3
          103 |    13 |             3
          103 |    14 |             3
          103 |    15 |             3
          103 |    16 |             3
          103 |    17 |             3
          103 |    18 |             3
          103 |    19 |             2
----------------------------------
          104 |     1 |            40
          104 |     2 |            23
          104 |     3 |            18
          104 |     4 |            16
          104 |     5 |            14
          104 |     6 |            12
          104 |     7 |            10
          104 |     8 |             9
          104 |     9 |             8
          104 |    10 |             7
          104 |    11 |             7
          104 |    12 |             7
          104 |    13 |             7
          104 |    14 |             6
          104 |    15 |             6
          104 |    16 |             6
          104 |    17 |             5
          104 |    18 |             4
          104 |    19 |             3
----------------------------------
----------------------------------
          106 |     1 |            60
          106 |     2 |            31
          106 |     3 |            25
          106 |     4 |            20
          106 |     5 |            18
          106 |     6 |            17
          106 |     7 |            15
          106 |     8 |            15
          106 |     9 |            15
          106 |    10 |            15
          106 |    11 |            14
          106 |    12 |            14
          106 |    13 |            12
          106 |    14 |            12
          106 |    15 |             9
          106 |    16 |             8
          106 |    17 |             7
          106 |    18 |             6
          106 |    19 |             5
----------------------------------
----------------------------------
          108 |     1 |            20
          108 |     2 |            10
          108 |     3 |             8
          108 |     4 |             7
          108 |     5 |             6
          108 |     6 |             5
          108 |     7 |             5
          108 |     8 |             5
          108 |     9 |             5
          108 |    10 |             4
          108 |    11 |             4
          108 |    12 |             4
          108 |    13 |             4
          108 |    14 |             4
          108 |    15 |             4
          108 |    16 |             4
          108 |    17 |             4
          108 |    18 |             3
          108 |    19 |             2
----------------------------------
----------------------------------
----------------------------------
----------------------------------
----------------------------------
----------------------------------
----------------------------------
          115 |     1 |            20
          115 |     2 |            13
          115 |     3 |             9
          115 |     4 |             8
          115 |     5 |             8
          115 |     6 |             7
          115 |     7 |             6
          115 |     8 |             6
          115 |     9 |             6
          115 |    10 |             5
          115 |    11 |             4
          115 |    12 |             4
          115 |    13 |             4
          115 |    14 |             3
          115 |    15 |             3
          115 |    16 |             3
          115 |    17 |             2
          115 |    18 |             2
          115 |    19 |             2
----------------------------------
----------------------------------
----------------------------------
----------------------------------
----------------------------------
----------------------------------
----------------------------------
----------------------------------
----------------------------------
----------------------------------
----------------------------------
----------------------------------
----------------------------------
----------------------------------
----------------------------------
----------------------------------
----------------------------------
----------------------------------
----------------------------------
----------------------------------
----------------------------------
----------------------------------
----------------------------------
----------------------------------
----------------------------------
----------------------------------
----------------------------------
----------------------------------
----------------------------------
----------------------------------
----------------------------------
----------------------------------
----------------------------------
----------------------------------
----------------------------------
----------------------------------
----------------------------------
----------------------------------
----------------------------------
----------------------------------
----------------------------------
----------------------------------
----------------------------------
----------------------------------
----------------------------------
----------------------------------
----------------------------------
----------------------------------
----------------------------------
----------------------------------
----------------------------------
----------------------------------
----------------------------------
----------------------------------
----------------------------------
----------------------------------
----------------------------------
----------------------------------
----------------------------------
----------------------------------
----------------------------------
----------------------------------
----------------------------------
----------------------------------
----------------------------------
----------------------------------
----------------------------------
----------------------------------
----------------------------------
----------------------------------
----------------------------------
----------------------------------
----------------------------------
----------------------------------
----------------------------------
----------------------------------
----------------------------------
----------------------------------
----------------------------------
----------------------------------
----------------------------------
----------------------------------
----------------------------------
----------------------------------
----------------------------------
----------------------------------
----------------------------------
----------------------------------
----------------------------------
----------------------------------
----------------------------------
----------------------------------
----------------------------------
----------------------------------
----------------------------------
----------------------------------
----------------------------------
----------------------------------
----------------------------------
----------------------------------
----------------------------------
----------------------------------
----------------------------------
----------------------------------
----------------------------------
----------------------------------
----------------------------------
----------------------------------
----------------------------------
----------------------------------
----------------------------------
----------------------------------
----------------------------------
----------------------------------
----------------------------------
----------------------------------
----------------------------------
----------------------------------
----------------------------------
----------------------------------
----------------------------------
----------------------------------
----------------------------------
----------------------------------
----------------------------------
----------------------------------
----------------------------------
----------------------------------
----------------------------------
----------------------------------
----------------------------------
----------------------------------
----------------------------------
----------------------------------
----------------------------------
----------------------------------
----------------------------------
----------------------------------
----------------------------------
----------------------------------
----------------------------------
----------------------------------
----------------------------------
----------------------------------
----------------------------------
----------------------------------
----------------------------------
----------------------------------
----------------------------------
----------------------------------
----------------------------------
----------------------------------
----------------------------------
----------------------------------
----------------------------------
----------------------------------
----------------------------------
----------------------------------
----------------------------------
----------------------------------
----------------------------------
----------------------------------
----------------------------------
----------------------------------
----------------------------------
----------------------------------
----------------------------------
----------------------------------
----------------------------------
----------------------------------
----------------------------------
----------------------------------
----------------------------------
----------------------------------
----------------------------------
----------------------------------
----------------------------------
----------------------------------
----------------------------------
----------------------------------
----------------------------------
----------------------------------
----------------------------------
----------------------------------
----------------------------------
----------------------------------
----------------------------------
----------------------------------
----------------------------------
----------------------------------
----------------------------------
----------------------------------
----------------------------------
----------------------------------
----------------------------------
----------------------------------
----------------------------------
----------------------------------
----------------------------------
----------------------------------
----------------------------------
----------------------------------
----------------------------------
----------------------------------
----------------------------------
----------------------------------
----------------------------------
----------------------------------
----------------------------------
----------------------------------
----------------------------------
----------------------------------
----------------------------------
----------------------------------
----------------------------------
----------------------------------
----------------------------------
----------------------------------
----------------------------------
----------------------------------
----------------------------------
----------------------------------
----------------------------------
----------------------------------
----------------------------------
----------------------------------
----------------------------------
----------------------------------
----------------------------------
----------------------------------
----------------------------------
----------------------------------
----------------------------------
----------------------------------
----------------------------------
----------------------------------
----------------------------------
----------------------------------
----------------------------------
----------------------------------
----------------------------------
----------------------------------
----------------------------------
----------------------------------
----------------------------------
----------------------------------
----------------------------------
----------------------------------
----------------------------------
----------------------------------
----------------------------------
----------------------------------
----------------------------------
----------------------------------
----------------------------------
----------------------------------
----------------------------------
----------------------------------
----------------------------------
----------------------------------
----------------------------------
----------------------------------
----------------------------------
----------------------------------
----------------------------------
----------------------------------
