MinCut number | SSize | Number of cuts
----------------------------------
----------------------------------
----------------------------------
----------------------------------
----------------------------------
----------------------------------
----------------------------------
----------------------------------
----------------------------------
----------------------------------
----------------------------------
----------------------------------
----------------------------------
----------------------------------
----------------------------------
----------------------------------
----------------------------------
----------------------------------
----------------------------------
           38 |     1 |            15
           38 |     2 |             2
           38 |     3 |             0
           38 |     4 |             0
           38 |     5 |             0
           38 |     6 |             0
           38 |     7 |             0
           38 |     8 |             0
           38 |     9 |             0
           38 |    10 |             0
           38 |    11 |             0
           38 |    12 |             0
           38 |    13 |             0
           38 |    14 |             0
           38 |    15 |             0
           38 |    16 |             0
           38 |    17 |             0
           38 |    18 |             7
           38 |    19 |            14
----------------------------------
           39 |     1 |            51
           39 |     2 |             7
           39 |     3 |             2
           39 |     4 |             0
           39 |     5 |             0
           39 |     6 |             0
           39 |     7 |             0
           39 |     8 |             0
           39 |     9 |             0
           39 |    10 |             0
           39 |    11 |             0
           39 |    12 |             0
           39 |    13 |             0
           39 |    14 |             0
           39 |    15 |             1
           39 |    16 |             1
           39 |    17 |             3
           39 |    18 |            11
           39 |    19 |            41
----------------------------------
           40 |     1 |           149
           40 |     2 |            27
           40 |     3 |             6
           40 |     4 |             0
           40 |     5 |             1
           40 |     6 |             1
           40 |     7 |             0
           40 |     8 |             1
           40 |     9 |             0
           40 |    10 |             0
           40 |    11 |             0
           40 |    12 |             0
           40 |    13 |             0
           40 |    14 |             0
           40 |    15 |             0
           40 |    16 |             3
           40 |    17 |             6
           40 |    18 |            34
           40 |    19 |           132
----------------------------------
           41 |     1 |           166
           41 |     2 |            28
           41 |     3 |             4
           41 |     4 |             5
           41 |     5 |             1
           41 |     6 |             0
           41 |     7 |             0
           41 |     8 |             0
           41 |     9 |             0
           41 |    10 |             0
           41 |    11 |             0
           41 |    12 |             1
           41 |    13 |             0
           41 |    14 |             0
           41 |    15 |             0
           41 |    16 |             2
           41 |    17 |            10
           41 |    18 |            39
           41 |    19 |           154
----------------------------------
           42 |     1 |           298
           42 |     2 |            64
           42 |     3 |            17
           42 |     4 |             5
           42 |     5 |             3
           42 |     6 |             2
           42 |     7 |             0
           42 |     8 |             1
           42 |     9 |             1
           42 |    10 |             0
           42 |    11 |             0
           42 |    12 |             1
           42 |    13 |             1
           42 |    14 |             2
           42 |    15 |             4
           42 |    16 |             8
           42 |    17 |            34
           42 |    18 |            80
           42 |    19 |           277
----------------------------------
           43 |     1 |           407
           43 |     2 |            94
           43 |     3 |            28
           43 |     4 |            13
           43 |     5 |             3
           43 |     6 |             4
           43 |     7 |             1
           43 |     8 |             1
           43 |     9 |             0
           43 |    10 |             2
           43 |    11 |             2
           43 |    12 |             1
           43 |    13 |             0
           43 |    14 |             0
           43 |    15 |             1
           43 |    16 |            10
           43 |    17 |            34
           43 |    18 |           112
           43 |    19 |           362
----------------------------------
           44 |     1 |           634
           44 |     2 |           144
           44 |     3 |            50
           44 |     4 |            23
           44 |     5 |            10
           44 |     6 |             3
           44 |     7 |             3
           44 |     8 |             3
           44 |     9 |             1
           44 |    10 |             3
           44 |    11 |             3
           44 |    12 |             1
           44 |    13 |             2
           44 |    14 |             6
           44 |    15 |             8
           44 |    16 |            28
           44 |    17 |            57
           44 |    18 |           195
           44 |    19 |           586
----------------------------------
           45 |     1 |           664
           45 |     2 |           185
           45 |     3 |            71
           45 |     4 |            24
           45 |     5 |            12
           45 |     6 |             7
           45 |     7 |             2
           45 |     8 |             2
           45 |     9 |             2
           45 |    10 |             3
           45 |    11 |             1
           45 |    12 |             3
           45 |    13 |             3
           45 |    14 |             4
           45 |    15 |             9
           45 |    16 |            23
           45 |    17 |            55
           45 |    18 |           206
           45 |    19 |           659
----------------------------------
           46 |     1 |           729
           46 |     2 |           214
           46 |     3 |            60
           46 |     4 |            39
           46 |     5 |            13
           46 |     6 |             6
           46 |     7 |             7
           46 |     8 |             5
           46 |     9 |             7
           46 |    10 |             5
           46 |    11 |             4
           46 |    12 |             3
           46 |    13 |             5
           46 |    14 |             5
           46 |    15 |            19
           46 |    16 |            37
           46 |    17 |            83
           46 |    18 |           225
           46 |    19 |           696
----------------------------------
           47 |     1 |           645
           47 |     2 |           176
           47 |     3 |            60
           47 |     4 |            26
           47 |     5 |            14
           47 |     6 |            10
           47 |     7 |             9
           47 |     8 |            11
           47 |     9 |             5
           47 |    10 |             3
           47 |    11 |             3
           47 |    12 |             7
           47 |    13 |             8
           47 |    14 |            15
           47 |    15 |            14
           47 |    16 |            43
           47 |    17 |            98
           47 |    18 |           228
           47 |    19 |           599
----------------------------------
           48 |     1 |           817
           48 |     2 |           235
           48 |     3 |            90
           48 |     4 |            39
           48 |     5 |            23
           48 |     6 |            15
           48 |     7 |             8
           48 |     8 |             8
           48 |     9 |             5
           48 |    10 |             4
           48 |    11 |             5
           48 |    12 |             6
           48 |    13 |             7
           48 |    14 |            10
           48 |    15 |            22
           48 |    16 |            40
           48 |    17 |           112
           48 |    18 |           274
           48 |    19 |           776
----------------------------------
           49 |     1 |           738
           49 |     2 |           237
           49 |     3 |            87
           49 |     4 |            40
           49 |     5 |            22
           49 |     6 |            12
           49 |     7 |             6
           49 |     8 |             2
           49 |     9 |             4
           49 |    10 |             4
           49 |    11 |             2
           49 |    12 |             7
           49 |    13 |             7
           49 |    14 |            18
           49 |    15 |            24
           49 |    16 |            58
           49 |    17 |            98
           49 |    18 |           252
           49 |    19 |           685
----------------------------------
           50 |     1 |           716
           50 |     2 |           233
           50 |     3 |            88
           50 |     4 |            47
           50 |     5 |            25
           50 |     6 |            14
           50 |     7 |             8
           50 |     8 |             4
           50 |     9 |             8
           50 |    10 |             8
           50 |    11 |             5
           50 |    12 |             8
           50 |    13 |             8
           50 |    14 |            15
           50 |    15 |            20
           50 |    16 |            47
           50 |    17 |           106
           50 |    18 |           278
           50 |    19 |           662
----------------------------------
           51 |     1 |           891
           51 |     2 |           305
           51 |     3 |           121
           51 |     4 |            46
           51 |     5 |            24
           51 |     6 |            16
           51 |     7 |            12
           51 |     8 |             3
           51 |     9 |             8
           51 |    10 |             6
           51 |    11 |            10
           51 |    12 |            14
           51 |    13 |            17
           51 |    14 |            15
           51 |    15 |            41
           51 |    16 |            71
           51 |    17 |           145
           51 |    18 |           328
           51 |    19 |           834
----------------------------------
           52 |     1 |           817
           52 |     2 |           276
           52 |     3 |           114
           52 |     4 |            55
           52 |     5 |            27
           52 |     6 |            20
           52 |     7 |            15
           52 |     8 |             7
           52 |     9 |            15
           52 |    10 |            13
           52 |    11 |            11
           52 |    12 |            11
           52 |    13 |            18
           52 |    14 |            16
           52 |    15 |            51
           52 |    16 |            69
           52 |    17 |           122
           52 |    18 |           301
           52 |    19 |           746
----------------------------------
           53 |     1 |           498
           53 |     2 |           166
           53 |     3 |            64
           53 |     4 |            33
           53 |     5 |            20
           53 |     6 |            16
           53 |     7 |             8
           53 |     8 |             4
           53 |     9 |             6
           53 |    10 |             8
           53 |    11 |             9
           53 |    12 |            11
           53 |    13 |            12
           53 |    14 |            17
           53 |    15 |            16
           53 |    16 |            50
           53 |    17 |            97
           53 |    18 |           226
           53 |    19 |           435
----------------------------------
           54 |     1 |           773
           54 |     2 |           258
           54 |     3 |           116
           54 |     4 |            67
           54 |     5 |            34
           54 |     6 |            25
           54 |     7 |            14
           54 |     8 |            13
           54 |     9 |             7
           54 |    10 |            16
           54 |    11 |            17
           54 |    12 |            18
           54 |    13 |            19
           54 |    14 |            27
           54 |    15 |            60
           54 |    16 |            74
           54 |    17 |           160
           54 |    18 |           322
           54 |    19 |           734
----------------------------------
           55 |     1 |           745
           55 |     2 |           271
           55 |     3 |           116
           55 |     4 |            54
           55 |     5 |            38
           55 |     6 |            27
           55 |     7 |            15
           55 |     8 |            16
           55 |     9 |            13
           55 |    10 |            12
           55 |    11 |            16
           55 |    12 |            15
           55 |    13 |            15
           55 |    14 |            27
           55 |    15 |            40
           55 |    16 |            86
           55 |    17 |           160
           55 |    18 |           336
           55 |    19 |           693
----------------------------------
           56 |     1 |           448
           56 |     2 |           161
           56 |     3 |            62
           56 |     4 |            26
           56 |     5 |            24
           56 |     6 |            10
           56 |     7 |             8
           56 |     8 |            10
           56 |     9 |             6
           56 |    10 |            10
           56 |    11 |            13
           56 |    12 |            10
           56 |    13 |            15
           56 |    14 |            28
           56 |    15 |            41
           56 |    16 |            64
           56 |    17 |           105
           56 |    18 |           170
           56 |    19 |           413
----------------------------------
           57 |     1 |           548
           57 |     2 |           213
           57 |     3 |            89
           57 |     4 |            54
           57 |     5 |            44
           57 |     6 |            24
           57 |     7 |            15
           57 |     8 |            14
           57 |     9 |            18
           57 |    10 |            15
           57 |    11 |             8
           57 |    12 |            15
           57 |    13 |             9
           57 |    14 |            25
           57 |    15 |            33
           57 |    16 |            74
           57 |    17 |           147
           57 |    18 |           240
           57 |    19 |           524
----------------------------------
           58 |     1 |           608
           58 |     2 |           259
           58 |     3 |           115
           58 |     4 |            62
           58 |     5 |            42
           58 |     6 |            25
           58 |     7 |            20
           58 |     8 |            23
           58 |     9 |            20
           58 |    10 |            20
           58 |    11 |            14
           58 |    12 |            31
           58 |    13 |            21
           58 |    14 |            29
           58 |    15 |            40
           58 |    16 |            84
           58 |    17 |           128
           58 |    18 |           258
           58 |    19 |           579
----------------------------------
           59 |     1 |           562
           59 |     2 |           236
           59 |     3 |           112
           59 |     4 |            60
           59 |     5 |            40
           59 |     6 |            27
           59 |     7 |            26
           59 |     8 |            10
           59 |     9 |            13
           59 |    10 |             8
           59 |    11 |            12
           59 |    12 |            18
           59 |    13 |            20
           59 |    14 |            28
           59 |    15 |            47
           59 |    16 |            77
           59 |    17 |           152
           59 |    18 |           240
           59 |    19 |           495
----------------------------------
           60 |     1 |           276
           60 |     2 |           113
           60 |     3 |            61
           60 |     4 |            33
           60 |     5 |            26
           60 |     6 |            13
           60 |     7 |             7
           60 |     8 |             7
           60 |     9 |            16
           60 |    10 |            16
           60 |    11 |             7
           60 |    12 |             7
           60 |    13 |             9
           60 |    14 |            13
           60 |    15 |            29
           60 |    16 |            46
           60 |    17 |            69
           60 |    18 |           126
           60 |    19 |           266
----------------------------------
           61 |     1 |           282
           61 |     2 |           109
           61 |     3 |            57
           61 |     4 |            35
           61 |     5 |            33
           61 |     6 |            19
           61 |     7 |            10
           61 |     8 |            15
           61 |     9 |             9
           61 |    10 |             7
           61 |    11 |             6
           61 |    12 |             7
           61 |    13 |            14
           61 |    14 |            22
           61 |    15 |            30
           61 |    16 |            37
           61 |    17 |            82
           61 |    18 |           113
           61 |    19 |           272
----------------------------------
           62 |     1 |           340
           62 |     2 |           141
           62 |     3 |            68
           62 |     4 |            40
           62 |     5 |            27
           62 |     6 |            17
           62 |     7 |            16
           62 |     8 |            14
           62 |     9 |             9
           62 |    10 |            13
           62 |    11 |            12
           62 |    12 |            14
           62 |    13 |            16
           62 |    14 |            22
           62 |    15 |            44
           62 |    16 |            48
           62 |    17 |            84
           62 |    18 |           165
           62 |    19 |           336
----------------------------------
           63 |     1 |           365
           63 |     2 |           172
           63 |     3 |            94
           63 |     4 |            51
           63 |     5 |            24
           63 |     6 |            15
           63 |     7 |            11
           63 |     8 |             8
           63 |     9 |            15
           63 |    10 |             7
           63 |    11 |            16
           63 |    12 |            18
           63 |    13 |            25
           63 |    14 |            22
           63 |    15 |            46
           63 |    16 |            63
           63 |    17 |           109
           63 |    18 |           174
           63 |    19 |           340
----------------------------------
           64 |     1 |           274
           64 |     2 |           128
           64 |     3 |            53
           64 |     4 |            44
           64 |     5 |            35
           64 |     6 |            10
           64 |     7 |             7
           64 |     8 |            11
           64 |     9 |            10
           64 |    10 |            10
           64 |    11 |            14
           64 |    12 |            14
           64 |    13 |            18
           64 |    14 |            23
           64 |    15 |            36
           64 |    16 |            55
           64 |    17 |            84
           64 |    18 |           131
           64 |    19 |           259
----------------------------------
           65 |     1 |           127
           65 |     2 |            59
           65 |     3 |            34
           65 |     4 |            23
           65 |     5 |            16
           65 |     6 |            14
           65 |     7 |             7
           65 |     8 |             3
           65 |     9 |             1
           65 |    10 |             5
           65 |    11 |            12
           65 |    12 |             7
           65 |    13 |             9
           65 |    14 |            10
           65 |    15 |            14
           65 |    16 |            27
           65 |    17 |            28
           65 |    18 |            59
           65 |    19 |           130
----------------------------------
           66 |     1 |           221
           66 |     2 |            99
           66 |     3 |            53
           66 |     4 |            41
           66 |     5 |            18
           66 |     6 |            18
           66 |     7 |            16
           66 |     8 |             9
           66 |     9 |             8
           66 |    10 |             7
           66 |    11 |            16
           66 |    12 |            11
           66 |    13 |            22
           66 |    14 |            14
           66 |    15 |            23
           66 |    16 |            33
           66 |    17 |            62
           66 |    18 |           110
           66 |    19 |           209
----------------------------------
           67 |     1 |           186
           67 |     2 |            87
           67 |     3 |            33
           67 |     4 |            29
           67 |     5 |            20
           67 |     6 |            21
           67 |     7 |            11
           67 |     8 |            10
           67 |     9 |            10
           67 |    10 |             9
           67 |    11 |            11
           67 |    12 |            16
           67 |    13 |            20
           67 |    14 |            23
           67 |    15 |            30
           67 |    16 |            46
           67 |    17 |            58
           67 |    18 |            86
           67 |    19 |           165
----------------------------------
           68 |     1 |           210
           68 |     2 |            95
           68 |     3 |            66
           68 |     4 |            43
           68 |     5 |            38
           68 |     6 |            17
           68 |     7 |            18
           68 |     8 |            10
           68 |     9 |             8
           68 |    10 |             8
           68 |    11 |            11
           68 |    12 |             9
           68 |    13 |            21
           68 |    14 |            23
           68 |    15 |            29
           68 |    16 |            45
           68 |    17 |            72
           68 |    18 |            95
           68 |    19 |           202
----------------------------------
           69 |     1 |           180
           69 |     2 |           101
           69 |     3 |            44
           69 |     4 |            31
           69 |     5 |            23
           69 |     6 |            26
           69 |     7 |            15
           69 |     8 |            25
           69 |     9 |            11
           69 |    10 |            19
           69 |    11 |            15
           69 |    12 |            20
           69 |    13 |            19
           69 |    14 |            19
           69 |    15 |            17
           69 |    16 |            23
           69 |    17 |            54
           69 |    18 |            78
           69 |    19 |           177
----------------------------------
           70 |     1 |           166
           70 |     2 |            94
           70 |     3 |            51
           70 |     4 |            32
           70 |     5 |            28
           70 |     6 |            23
           70 |     7 |            15
           70 |     8 |            17
           70 |     9 |            10
           70 |    10 |            10
           70 |    11 |             9
           70 |    12 |            10
           70 |    13 |            17
           70 |    14 |            13
           70 |    15 |            21
           70 |    16 |            29
           70 |    17 |            46
           70 |    18 |            87
           70 |    19 |           162
----------------------------------
           71 |     1 |           122
           71 |     2 |            43
           71 |     3 |            28
           71 |     4 |            19
           71 |     5 |            15
           71 |     6 |            11
           71 |     7 |            11
           71 |     8 |            16
           71 |     9 |            10
           71 |    10 |            12
           71 |    11 |             9
           71 |    12 |             8
           71 |    13 |            16
           71 |    14 |             8
           71 |    15 |            17
           71 |    16 |            27
           71 |    17 |            33
           71 |    18 |            60
           71 |    19 |           103
----------------------------------
           72 |     1 |            45
           72 |     2 |            16
           72 |     3 |            13
           72 |     4 |             8
           72 |     5 |             2
           72 |     6 |             5
           72 |     7 |             3
           72 |     8 |             2
           72 |     9 |             1
           72 |    10 |             0
           72 |    11 |             2
           72 |    12 |             6
           72 |    13 |             6
           72 |    14 |             4
           72 |    15 |             7
           72 |    16 |            12
           72 |    17 |            19
           72 |    18 |            25
           72 |    19 |            40
----------------------------------
           73 |     1 |            56
           73 |     2 |            22
           73 |     3 |            15
           73 |     4 |            12
           73 |     5 |             7
           73 |     6 |             3
           73 |     7 |             2
           73 |     8 |             3
           73 |     9 |             3
           73 |    10 |             3
           73 |    11 |             4
           73 |    12 |             6
           73 |    13 |             6
           73 |    14 |             8
           73 |    15 |            14
           73 |    16 |            23
           73 |    17 |            25
           73 |    18 |            27
           73 |    19 |            53
----------------------------------
           74 |     1 |           109
           74 |     2 |            39
           74 |     3 |            30
           74 |     4 |            22
           74 |     5 |            23
           74 |     6 |            14
           74 |     7 |            21
           74 |     8 |            15
           74 |     9 |             8
           74 |    10 |             6
           74 |    11 |             8
           74 |    12 |            11
           74 |    13 |             8
           74 |    14 |            15
           74 |    15 |            13
           74 |    16 |            13
           74 |    17 |            26
           74 |    18 |            49
           74 |    19 |            88
----------------------------------
           75 |     1 |            42
           75 |     2 |            23
           75 |     3 |            10
           75 |     4 |            10
           75 |     5 |             8
           75 |     6 |             3
           75 |     7 |             1
           75 |     8 |             1
           75 |     9 |             2
           75 |    10 |             3
           75 |    11 |             3
           75 |    12 |             2
           75 |    13 |             3
           75 |    14 |             8
           75 |    15 |            14
           75 |    16 |            12
           75 |    17 |            15
           75 |    18 |            26
           75 |    19 |            39
----------------------------------
           76 |     1 |           120
           76 |     2 |            48
           76 |     3 |            24
           76 |     4 |            14
           76 |     5 |             8
           76 |     6 |             6
           76 |     7 |            11
           76 |     8 |            10
           76 |     9 |            11
           76 |    10 |            14
           76 |    11 |            15
           76 |    12 |            22
           76 |    13 |            28
           76 |    14 |            26
           76 |    15 |            28
           76 |    16 |            32
           76 |    17 |            39
           76 |    18 |            49
           76 |    19 |           103
----------------------------------
----------------------------------
           78 |     1 |            42
           78 |     2 |            18
           78 |     3 |            12
           78 |     4 |            11
           78 |     5 |             5
           78 |     6 |             5
           78 |     7 |             4
           78 |     8 |             1
           78 |     9 |             5
           78 |    10 |             3
           78 |    11 |             3
           78 |    12 |             8
           78 |    13 |             7
           78 |    14 |            11
           78 |    15 |            13
           78 |    16 |            10
           78 |    17 |            14
           78 |    18 |            21
           78 |    19 |            41
----------------------------------
           79 |     1 |            14
           79 |     2 |            10
           79 |     3 |             5
           79 |     4 |             2
           79 |     5 |             4
           79 |     6 |             2
           79 |     7 |             1
           79 |     8 |             0
           79 |     9 |             1
           79 |    10 |             3
           79 |    11 |             2
           79 |    12 |             2
           79 |    13 |             1
           79 |    14 |             1
           79 |    15 |             1
           79 |    16 |             4
           79 |    17 |             8
           79 |    18 |             6
           79 |    19 |            12
----------------------------------
           80 |     1 |            48
           80 |     2 |            17
           80 |     3 |             9
           80 |     4 |             4
           80 |     5 |             3
           80 |     6 |             4
           80 |     7 |             1
           80 |     8 |             1
           80 |     9 |             3
           80 |    10 |             0
           80 |    11 |             4
           80 |    12 |             4
           80 |    13 |            10
           80 |    14 |            10
           80 |    15 |            11
           80 |    16 |            22
           80 |    17 |            21
           80 |    18 |            24
           80 |    19 |            44
----------------------------------
           81 |     1 |            13
           81 |     2 |             5
           81 |     3 |             5
           81 |     4 |             1
           81 |     5 |             2
           81 |     6 |             4
           81 |     7 |             2
           81 |     8 |             2
           81 |     9 |             6
           81 |    10 |             2
           81 |    11 |             2
           81 |    12 |             3
           81 |    13 |             4
           81 |    14 |             2
           81 |    15 |             1
           81 |    16 |             2
           81 |    17 |             4
           81 |    18 |             5
           81 |    19 |            16
----------------------------------
----------------------------------
           83 |     1 |            25
           83 |     2 |            13
           83 |     3 |             7
           83 |     4 |             8
           83 |     5 |             8
           83 |     6 |             4
           83 |     7 |             4
           83 |     8 |             7
           83 |     9 |             3
           83 |    10 |             3
           83 |    11 |             1
           83 |    12 |             3
           83 |    13 |             2
           83 |    14 |             4
           83 |    15 |             6
           83 |    16 |             5
           83 |    17 |            17
           83 |    18 |            19
           83 |    19 |            27
----------------------------------
           84 |     1 |            22
           84 |     2 |            15
           84 |     3 |            12
           84 |     4 |             7
           84 |     5 |             5
           84 |     6 |             3
           84 |     7 |             7
           84 |     8 |             5
           84 |     9 |             7
           84 |    10 |             8
           84 |    11 |             2
           84 |    12 |             4
           84 |    13 |             6
           84 |    14 |             6
           84 |    15 |             7
           84 |    16 |             7
           84 |    17 |            10
           84 |    18 |            10
           84 |    19 |            25
----------------------------------
----------------------------------
           86 |     1 |            18
           86 |     2 |             5
           86 |     3 |             2
           86 |     4 |             2
           86 |     5 |             3
           86 |     6 |             1
           86 |     7 |             3
           86 |     8 |             0
           86 |     9 |             5
           86 |    10 |             2
           86 |    11 |             2
           86 |    12 |             4
           86 |    13 |             4
           86 |    14 |             5
           86 |    15 |             5
           86 |    16 |             2
           86 |    17 |             5
           86 |    18 |             8
           86 |    19 |            10
----------------------------------
           87 |     1 |            14
           87 |     2 |             7
           87 |     3 |             2
           87 |     4 |             3
           87 |     5 |             3
           87 |     6 |             0
           87 |     7 |             4
           87 |     8 |             0
           87 |     9 |             5
           87 |    10 |             3
           87 |    11 |             5
           87 |    12 |             2
           87 |    13 |             2
           87 |    14 |             4
           87 |    15 |             2
           87 |    16 |             6
           87 |    17 |             2
           87 |    18 |            10
           87 |    19 |            13
----------------------------------
           88 |     1 |            15
           88 |     2 |             8
           88 |     3 |             8
           88 |     4 |             3
           88 |     5 |             7
           88 |     6 |             3
           88 |     7 |             0
           88 |     8 |             3
           88 |     9 |             0
           88 |    10 |             0
           88 |    11 |             0
           88 |    12 |             0
           88 |    13 |             0
           88 |    14 |             2
           88 |    15 |             5
           88 |    16 |             7
           88 |    17 |             5
           88 |    18 |            11
           88 |    19 |            11
----------------------------------
----------------------------------
----------------------------------
----------------------------------
           92 |     1 |            18
           92 |     2 |             5
           92 |     3 |             3
           92 |     4 |             1
           92 |     5 |             3
           92 |     6 |             1
           92 |     7 |             1
           92 |     8 |             1
           92 |     9 |             1
           92 |    10 |             4
           92 |    11 |             7
           92 |    12 |             3
           92 |    13 |             3
           92 |    14 |             3
           92 |    15 |             3
           92 |    16 |             4
           92 |    17 |             6
           92 |    18 |            11
           92 |    19 |            14
----------------------------------
----------------------------------
----------------------------------
----------------------------------
----------------------------------
----------------------------------
----------------------------------
----------------------------------
----------------------------------
----------------------------------
----------------------------------
----------------------------------
----------------------------------
----------------------------------
----------------------------------
----------------------------------
----------------------------------
----------------------------------
----------------------------------
----------------------------------
----------------------------------
----------------------------------
----------------------------------
----------------------------------
----------------------------------
----------------------------------
----------------------------------
----------------------------------
----------------------------------
----------------------------------
----------------------------------
----------------------------------
----------------------------------
----------------------------------
----------------------------------
----------------------------------
----------------------------------
----------------------------------
----------------------------------
----------------------------------
----------------------------------
----------------------------------
----------------------------------
----------------------------------
----------------------------------
----------------------------------
----------------------------------
----------------------------------
----------------------------------
----------------------------------
----------------------------------
----------------------------------
----------------------------------
----------------------------------
----------------------------------
----------------------------------
----------------------------------
----------------------------------
----------------------------------
----------------------------------
----------------------------------
----------------------------------
----------------------------------
----------------------------------
----------------------------------
----------------------------------
----------------------------------
----------------------------------
----------------------------------
----------------------------------
----------------------------------
----------------------------------
----------------------------------
----------------------------------
----------------------------------
----------------------------------
----------------------------------
----------------------------------
----------------------------------
----------------------------------
----------------------------------
----------------------------------
----------------------------------
----------------------------------
----------------------------------
----------------------------------
----------------------------------
----------------------------------
----------------------------------
----------------------------------
----------------------------------
----------------------------------
----------------------------------
----------------------------------
----------------------------------
----------------------------------
----------------------------------
----------------------------------
----------------------------------
----------------------------------
----------------------------------
----------------------------------
----------------------------------
----------------------------------
----------------------------------
----------------------------------
----------------------------------
----------------------------------
----------------------------------
----------------------------------
----------------------------------
----------------------------------
----------------------------------
----------------------------------
----------------------------------
----------------------------------
----------------------------------
----------------------------------
----------------------------------
----------------------------------
----------------------------------
----------------------------------
----------------------------------
----------------------------------
----------------------------------
----------------------------------
----------------------------------
----------------------------------
----------------------------------
----------------------------------
----------------------------------
----------------------------------
----------------------------------
----------------------------------
----------------------------------
----------------------------------
----------------------------------
----------------------------------
----------------------------------
----------------------------------
----------------------------------
----------------------------------
----------------------------------
----------------------------------
----------------------------------
----------------------------------
----------------------------------
----------------------------------
----------------------------------
----------------------------------
----------------------------------
----------------------------------
----------------------------------
----------------------------------
----------------------------------
----------------------------------
----------------------------------
----------------------------------
----------------------------------
----------------------------------
----------------------------------
----------------------------------
----------------------------------
----------------------------------
----------------------------------
----------------------------------
----------------------------------
----------------------------------
----------------------------------
----------------------------------
----------------------------------
----------------------------------
----------------------------------
----------------------------------
----------------------------------
----------------------------------
----------------------------------
----------------------------------
----------------------------------
----------------------------------
----------------------------------
----------------------------------
----------------------------------
----------------------------------
----------------------------------
----------------------------------
----------------------------------
----------------------------------
----------------------------------
----------------------------------
----------------------------------
----------------------------------
----------------------------------
----------------------------------
----------------------------------
----------------------------------
----------------------------------
----------------------------------
----------------------------------
----------------------------------
----------------------------------
----------------------------------
----------------------------------
----------------------------------
----------------------------------
----------------------------------
----------------------------------
----------------------------------
----------------------------------
----------------------------------
----------------------------------
----------------------------------
----------------------------------
----------------------------------
----------------------------------
----------------------------------
----------------------------------
----------------------------------
----------------------------------
----------------------------------
----------------------------------
----------------------------------
----------------------------------
----------------------------------
----------------------------------
----------------------------------
----------------------------------
----------------------------------
----------------------------------
----------------------------------
----------------------------------
----------------------------------
----------------------------------
----------------------------------
----------------------------------
----------------------------------
----------------------------------
----------------------------------
----------------------------------
----------------------------------
----------------------------------
----------------------------------
----------------------------------
----------------------------------
----------------------------------
----------------------------------
----------------------------------
----------------------------------
----------------------------------
----------------------------------
----------------------------------
----------------------------------
----------------------------------
----------------------------------
----------------------------------
----------------------------------
----------------------------------
----------------------------------
----------------------------------
----------------------------------
----------------------------------
----------------------------------
----------------------------------
----------------------------------
----------------------------------
----------------------------------
----------------------------------
----------------------------------
----------------------------------
----------------------------------
----------------------------------
----------------------------------
----------------------------------
----------------------------------
----------------------------------
----------------------------------
----------------------------------
----------------------------------
----------------------------------
----------------------------------
----------------------------------
----------------------------------
----------------------------------
----------------------------------
----------------------------------
----------------------------------
----------------------------------
----------------------------------
----------------------------------
