MinCut number | SSize | Number of cuts
----------------------------------
----------------------------------
----------------------------------
----------------------------------
----------------------------------
----------------------------------
----------------------------------
----------------------------------
           27 |     1 |             8
           27 |     2 |             3
           27 |     3 |             1
           27 |     4 |             1
           27 |     5 |             1
           27 |     6 |             0
           27 |     7 |             0
           27 |     8 |             0
           27 |     9 |             1
           27 |    10 |             0
           27 |    11 |             0
           27 |    12 |             0
           27 |    13 |             0
           27 |    14 |             0
           27 |    15 |             0
           27 |    16 |             2
           27 |    17 |             0
           27 |    18 |             5
           27 |    19 |             5
----------------------------------
----------------------------------
           29 |     1 |            10
           29 |     2 |             3
           29 |     3 |             1
           29 |     4 |             3
           29 |     5 |             0
           29 |     6 |             1
           29 |     7 |             2
           29 |     8 |             0
           29 |     9 |             0
           29 |    10 |             0
           29 |    11 |             0
           29 |    12 |             1
           29 |    13 |             0
           29 |    14 |             0
           29 |    15 |             0
           29 |    16 |             0
           29 |    17 |             1
           29 |    18 |             2
           29 |    19 |             5
----------------------------------
           30 |     1 |            30
           30 |     2 |             7
           30 |     3 |             2
           30 |     4 |             1
           30 |     5 |             0
           30 |     6 |             2
           30 |     7 |             0
           30 |     8 |             0
           30 |     9 |             0
           30 |    10 |             1
           30 |    11 |             1
           30 |    12 |             0
           30 |    13 |             1
           30 |    14 |             1
           30 |    15 |             1
           30 |    16 |             5
           30 |    17 |             9
           30 |    18 |             8
           30 |    19 |            21
----------------------------------
           31 |     1 |            50
           31 |     2 |            15
           31 |     3 |             6
           31 |     4 |             3
           31 |     5 |             1
           31 |     6 |             1
           31 |     7 |             1
           31 |     8 |             3
           31 |     9 |             2
           31 |    10 |             2
           31 |    11 |             1
           31 |    12 |             2
           31 |    13 |             1
           31 |    14 |             1
           31 |    15 |             4
           31 |    16 |             6
           31 |    17 |             4
           31 |    18 |            16
           31 |    19 |            36
----------------------------------
           32 |     1 |            89
           32 |     2 |            34
           32 |     3 |            18
           32 |     4 |             5
           32 |     5 |             3
           32 |     6 |             3
           32 |     7 |             0
           32 |     8 |             0
           32 |     9 |             1
           32 |    10 |             2
           32 |    11 |             2
           32 |    12 |             1
           32 |    13 |             2
           32 |    14 |             1
           32 |    15 |             9
           32 |    16 |            11
           32 |    17 |            20
           32 |    18 |            38
           32 |    19 |            49
----------------------------------
           33 |     1 |           118
           33 |     2 |            40
           33 |     3 |            19
           33 |     4 |            17
           33 |     5 |             5
           33 |     6 |             9
           33 |     7 |             4
           33 |     8 |             7
           33 |     9 |             5
           33 |    10 |             4
           33 |    11 |             3
           33 |    12 |             2
           33 |    13 |             1
           33 |    14 |             4
           33 |    15 |             6
           33 |    16 |            12
           33 |    17 |            24
           33 |    18 |            35
           33 |    19 |            81
----------------------------------
           34 |     1 |           110
           34 |     2 |            41
           34 |     3 |            14
           34 |     4 |            14
           34 |     5 |             8
           34 |     6 |             4
           34 |     7 |             2
           34 |     8 |             3
           34 |     9 |             2
           34 |    10 |             2
           34 |    11 |             1
           34 |    12 |             2
           34 |    13 |             2
           34 |    14 |             6
           34 |    15 |             3
           34 |    16 |            15
           34 |    17 |            16
           34 |    18 |            48
           34 |    19 |            81
----------------------------------
           35 |     1 |           238
           35 |     2 |            84
           35 |     3 |            46
           35 |     4 |            29
           35 |     5 |            13
           35 |     6 |            15
           35 |     7 |             7
           35 |     8 |             6
           35 |     9 |             7
           35 |    10 |            10
           35 |    11 |             8
           35 |    12 |             8
           35 |    13 |            10
           35 |    14 |            13
           35 |    15 |            20
           35 |    16 |            30
           35 |    17 |            47
           35 |    18 |            87
           35 |    19 |           162
----------------------------------
           36 |     1 |           273
           36 |     2 |           102
           36 |     3 |            59
           36 |     4 |            35
           36 |     5 |            16
           36 |     6 |            10
           36 |     7 |            13
           36 |     8 |            13
           36 |     9 |             7
           36 |    10 |             9
           36 |    11 |             7
           36 |    12 |            13
           36 |    13 |            14
           36 |    14 |            28
           36 |    15 |            23
           36 |    16 |            40
           36 |    17 |            65
           36 |    18 |           110
           36 |    19 |           207
----------------------------------
           37 |     1 |           408
           37 |     2 |           150
           37 |     3 |            70
           37 |     4 |            39
           37 |     5 |            30
           37 |     6 |            17
           37 |     7 |            12
           37 |     8 |            19
           37 |     9 |            11
           37 |    10 |            13
           37 |    11 |            14
           37 |    12 |            12
           37 |    13 |            18
           37 |    14 |            25
           37 |    15 |            41
           37 |    16 |            63
           37 |    17 |            91
           37 |    18 |           162
           37 |    19 |           322
----------------------------------
           38 |     1 |           346
           38 |     2 |           140
           38 |     3 |            75
           38 |     4 |            46
           38 |     5 |            29
           38 |     6 |            26
           38 |     7 |            19
           38 |     8 |            12
           38 |     9 |            20
           38 |    10 |            20
           38 |    11 |            13
           38 |    12 |            29
           38 |    13 |            25
           38 |    14 |            30
           38 |    15 |            36
           38 |    16 |            53
           38 |    17 |            96
           38 |    18 |           154
           38 |    19 |           275
----------------------------------
           39 |     1 |           475
           39 |     2 |           176
           39 |     3 |            82
           39 |     4 |            56
           39 |     5 |            30
           39 |     6 |            29
           39 |     7 |            30
           39 |     8 |            20
           39 |     9 |            16
           39 |    10 |            15
           39 |    11 |            22
           39 |    12 |            23
           39 |    13 |            18
           39 |    14 |            37
           39 |    15 |            50
           39 |    16 |            74
           39 |    17 |           104
           39 |    18 |           201
           39 |    19 |           336
----------------------------------
           40 |     1 |           482
           40 |     2 |           173
           40 |     3 |           107
           40 |     4 |            65
           40 |     5 |            29
           40 |     6 |            19
           40 |     7 |            29
           40 |     8 |            23
           40 |     9 |            20
           40 |    10 |            18
           40 |    11 |            20
           40 |    12 |            24
           40 |    13 |            36
           40 |    14 |            35
           40 |    15 |            63
           40 |    16 |            89
           40 |    17 |           119
           40 |    18 |           195
           40 |    19 |           334
----------------------------------
           41 |     1 |           732
           41 |     2 |           289
           41 |     3 |           149
           41 |     4 |           108
           41 |     5 |            57
           41 |     6 |            43
           41 |     7 |            32
           41 |     8 |            21
           41 |     9 |            30
           41 |    10 |            20
           41 |    11 |            21
           41 |    12 |            38
           41 |    13 |            40
           41 |    14 |            59
           41 |    15 |            72
           41 |    16 |           107
           41 |    17 |           200
           41 |    18 |           337
           41 |    19 |           556
----------------------------------
           42 |     1 |           701
           42 |     2 |           290
           42 |     3 |           162
           42 |     4 |            96
           42 |     5 |            67
           42 |     6 |            48
           42 |     7 |            49
           42 |     8 |            45
           42 |     9 |            31
           42 |    10 |            37
           42 |    11 |            37
           42 |    12 |            44
           42 |    13 |            50
           42 |    14 |            64
           42 |    15 |            80
           42 |    16 |           101
           42 |    17 |           174
           42 |    18 |           319
           42 |    19 |           545
----------------------------------
           43 |     1 |           559
           43 |     2 |           215
           43 |     3 |           120
           43 |     4 |            73
           43 |     5 |            67
           43 |     6 |            39
           43 |     7 |            37
           43 |     8 |            27
           43 |     9 |            22
           43 |    10 |            27
           43 |    11 |            26
           43 |    12 |            37
           43 |    13 |            48
           43 |    14 |            55
           43 |    15 |            65
           43 |    16 |            94
           43 |    17 |           148
           43 |    18 |           256
           43 |    19 |           407
----------------------------------
           44 |     1 |           666
           44 |     2 |           279
           44 |     3 |           159
           44 |     4 |            92
           44 |     5 |            67
           44 |     6 |            48
           44 |     7 |            47
           44 |     8 |            39
           44 |     9 |            41
           44 |    10 |            45
           44 |    11 |            44
           44 |    12 |            48
           44 |    13 |            53
           44 |    14 |            80
           44 |    15 |            96
           44 |    16 |           117
           44 |    17 |           171
           44 |    18 |           288
           44 |    19 |           436
----------------------------------
           45 |     1 |           633
           45 |     2 |           247
           45 |     3 |           158
           45 |     4 |           104
           45 |     5 |            65
           45 |     6 |            57
           45 |     7 |            51
           45 |     8 |            50
           45 |     9 |            52
           45 |    10 |            42
           45 |    11 |            34
           45 |    12 |            44
           45 |    13 |            44
           45 |    14 |            75
           45 |    15 |            98
           45 |    16 |           116
           45 |    17 |           193
           45 |    18 |           273
           45 |    19 |           454
----------------------------------
           46 |     1 |           507
           46 |     2 |           226
           46 |     3 |           119
           46 |     4 |            81
           46 |     5 |            75
           46 |     6 |            46
           46 |     7 |            43
           46 |     8 |            34
           46 |     9 |            41
           46 |    10 |            41
           46 |    11 |            42
           46 |    12 |            46
           46 |    13 |            45
           46 |    14 |            44
           46 |    15 |            70
           46 |    16 |            90
           46 |    17 |           145
           46 |    18 |           222
           46 |    19 |           383
----------------------------------
           47 |     1 |           599
           47 |     2 |           244
           47 |     3 |           162
           47 |     4 |           100
           47 |     5 |            80
           47 |     6 |            62
           47 |     7 |            47
           47 |     8 |            35
           47 |     9 |            38
           47 |    10 |            40
           47 |    11 |            48
           47 |    12 |            44
           47 |    13 |            53
           47 |    14 |            77
           47 |    15 |            79
           47 |    16 |           114
           47 |    17 |           172
           47 |    18 |           265
           47 |    19 |           420
----------------------------------
           48 |     1 |           451
           48 |     2 |           187
           48 |     3 |           112
           48 |     4 |            77
           48 |     5 |            45
           48 |     6 |            47
           48 |     7 |            47
           48 |     8 |            35
           48 |     9 |            26
           48 |    10 |            27
           48 |    11 |            35
           48 |    12 |            39
           48 |    13 |            49
           48 |    14 |            48
           48 |    15 |            69
           48 |    16 |           108
           48 |    17 |           132
           48 |    18 |           200
           48 |    19 |           330
----------------------------------
           49 |     1 |           388
           49 |     2 |           177
           49 |     3 |           104
           49 |     4 |            80
           49 |     5 |            54
           49 |     6 |            43
           49 |     7 |            39
           49 |     8 |            30
           49 |     9 |            37
           49 |    10 |            32
           49 |    11 |            40
           49 |    12 |            43
           49 |    13 |            38
           49 |    14 |            42
           49 |    15 |            65
           49 |    16 |            84
           49 |    17 |            99
           49 |    18 |           175
           49 |    19 |           292
----------------------------------
           50 |     1 |           405
           50 |     2 |           181
           50 |     3 |           109
           50 |     4 |            94
           50 |     5 |            68
           50 |     6 |            45
           50 |     7 |            50
           50 |     8 |            41
           50 |     9 |            41
           50 |    10 |            35
           50 |    11 |            36
           50 |    12 |            42
           50 |    13 |            39
           50 |    14 |            53
           50 |    15 |            81
           50 |    16 |            92
           50 |    17 |           140
           50 |    18 |           197
           50 |    19 |           301
----------------------------------
           51 |     1 |           223
           51 |     2 |           112
           51 |     3 |            71
           51 |     4 |            50
           51 |     5 |            39
           51 |     6 |            37
           51 |     7 |            25
           51 |     8 |            18
           51 |     9 |            14
           51 |    10 |            21
           51 |    11 |            22
           51 |    12 |            22
           51 |    13 |            26
           51 |    14 |            34
           51 |    15 |            46
           51 |    16 |            67
           51 |    17 |            70
           51 |    18 |           120
           51 |    19 |           156
----------------------------------
           52 |     1 |           280
           52 |     2 |           130
           52 |     3 |            79
           52 |     4 |            51
           52 |     5 |            44
           52 |     6 |            29
           52 |     7 |            31
           52 |     8 |            23
           52 |     9 |            24
           52 |    10 |            21
           52 |    11 |            29
           52 |    12 |            26
           52 |    13 |            37
           52 |    14 |            46
           52 |    15 |            65
           52 |    16 |            70
           52 |    17 |            96
           52 |    18 |           126
           52 |    19 |           197
----------------------------------
           53 |     1 |           260
           53 |     2 |           124
           53 |     3 |            75
           53 |     4 |            59
           53 |     5 |            52
           53 |     6 |            45
           53 |     7 |            36
           53 |     8 |            34
           53 |     9 |            32
           53 |    10 |            30
           53 |    11 |            39
           53 |    12 |            34
           53 |    13 |            50
           53 |    14 |            33
           53 |    15 |            60
           53 |    16 |            67
           53 |    17 |            93
           53 |    18 |           111
           53 |    19 |           197
----------------------------------
           54 |     1 |           154
           54 |     2 |            70
           54 |     3 |            37
           54 |     4 |            35
           54 |     5 |            29
           54 |     6 |            35
           54 |     7 |            27
           54 |     8 |            21
           54 |     9 |            14
           54 |    10 |            16
           54 |    11 |            14
           54 |    12 |            20
           54 |    13 |            23
           54 |    14 |            17
           54 |    15 |            27
           54 |    16 |            44
           54 |    17 |            62
           54 |    18 |            66
           54 |    19 |            99
----------------------------------
           55 |     1 |           137
           55 |     2 |            59
           55 |     3 |            47
           55 |     4 |            34
           55 |     5 |            31
           55 |     6 |            23
           55 |     7 |            18
           55 |     8 |            14
           55 |     9 |            17
           55 |    10 |            20
           55 |    11 |            16
           55 |    12 |            18
           55 |    13 |            23
           55 |    14 |            18
           55 |    15 |            26
           55 |    16 |            35
           55 |    17 |            55
           55 |    18 |            73
           55 |    19 |           106
----------------------------------
           56 |     1 |           157
           56 |     2 |            74
           56 |     3 |            47
           56 |     4 |            30
           56 |     5 |            29
           56 |     6 |            27
           56 |     7 |            18
           56 |     8 |            25
           56 |     9 |            25
           56 |    10 |            23
           56 |    11 |            14
           56 |    12 |            23
           56 |    13 |            25
           56 |    14 |            20
           56 |    15 |            30
           56 |    16 |            38
           56 |    17 |            58
           56 |    18 |            64
           56 |    19 |           113
----------------------------------
           57 |     1 |            99
           57 |     2 |            48
           57 |     3 |            36
           57 |     4 |            21
           57 |     5 |            20
           57 |     6 |            17
           57 |     7 |            14
           57 |     8 |            17
           57 |     9 |            11
           57 |    10 |            14
           57 |    11 |            12
           57 |    12 |            19
           57 |    13 |            18
           57 |    14 |            19
           57 |    15 |            16
           57 |    16 |            25
           57 |    17 |            34
           57 |    18 |            53
           57 |    19 |            77
----------------------------------
           58 |     1 |           134
           58 |     2 |            71
           58 |     3 |            52
           58 |     4 |            33
           58 |     5 |            22
           58 |     6 |            26
           58 |     7 |            21
           58 |     8 |            20
           58 |     9 |            18
           58 |    10 |            30
           58 |    11 |            26
           58 |    12 |            24
           58 |    13 |            30
           58 |    14 |            30
           58 |    15 |            33
           58 |    16 |            33
           58 |    17 |            47
           58 |    18 |            67
           58 |    19 |            95
----------------------------------
           59 |     1 |            86
           59 |     2 |            38
           59 |     3 |            31
           59 |     4 |            27
           59 |     5 |            26
           59 |     6 |            19
           59 |     7 |            18
           59 |     8 |            15
           59 |     9 |            20
           59 |    10 |            13
           59 |    11 |            16
           59 |    12 |            14
           59 |    13 |            11
           59 |    14 |            13
           59 |    15 |            16
           59 |    16 |            28
           59 |    17 |            28
           59 |    18 |            49
           59 |    19 |            63
----------------------------------
           60 |     1 |            86
           60 |     2 |            44
           60 |     3 |            29
           60 |     4 |            27
           60 |     5 |            24
           60 |     6 |            21
           60 |     7 |            20
           60 |     8 |            21
           60 |     9 |            16
           60 |    10 |             8
           60 |    11 |             9
           60 |    12 |            15
           60 |    13 |            17
           60 |    14 |            17
           60 |    15 |            23
           60 |    16 |            24
           60 |    17 |            34
           60 |    18 |            40
           60 |    19 |            65
----------------------------------
           61 |     1 |            39
           61 |     2 |            17
           61 |     3 |             9
           61 |     4 |            12
           61 |     5 |            10
           61 |     6 |            11
           61 |     7 |             9
           61 |     8 |             9
           61 |     9 |             8
           61 |    10 |            10
           61 |    11 |             7
           61 |    12 |            11
           61 |    13 |             8
           61 |    14 |             9
           61 |    15 |             9
           61 |    16 |            10
           61 |    17 |             9
           61 |    18 |            16
           61 |    19 |            31
----------------------------------
           62 |     1 |            53
           62 |     2 |            26
           62 |     3 |            22
           62 |     4 |            13
           62 |     5 |             6
           62 |     6 |            10
           62 |     7 |             7
           62 |     8 |             9
           62 |     9 |             5
           62 |    10 |             9
           62 |    11 |            12
           62 |    12 |            12
           62 |    13 |             5
           62 |    14 |            13
           62 |    15 |            15
           62 |    16 |            21
           62 |    17 |            16
           62 |    18 |            19
           62 |    19 |            37
----------------------------------
           63 |     1 |            21
           63 |     2 |             9
           63 |     3 |             5
           63 |     4 |             6
           63 |     5 |             5
           63 |     6 |             3
           63 |     7 |             3
           63 |     8 |             2
           63 |     9 |             1
           63 |    10 |             5
           63 |    11 |             3
           63 |    12 |             4
           63 |    13 |             7
           63 |    14 |             6
           63 |    15 |             6
           63 |    16 |             7
           63 |    17 |             8
           63 |    18 |            12
           63 |    19 |            13
----------------------------------
----------------------------------
           65 |     1 |            59
           65 |     2 |            19
           65 |     3 |            15
           65 |     4 |             9
           65 |     5 |             9
           65 |     6 |             9
           65 |     7 |             9
           65 |     8 |             6
           65 |     9 |             9
           65 |    10 |             9
           65 |    11 |            10
           65 |    12 |            11
           65 |    13 |            16
           65 |    14 |            19
           65 |    15 |            16
           65 |    16 |            16
           65 |    17 |            18
           65 |    18 |            27
           65 |    19 |            39
----------------------------------
----------------------------------
           67 |     1 |            10
           67 |     2 |             6
           67 |     3 |             2
           67 |     4 |             5
           67 |     5 |             0
           67 |     6 |             1
           67 |     7 |             2
           67 |     8 |             1
           67 |     9 |             2
           67 |    10 |             4
           67 |    11 |             4
           67 |    12 |             5
           67 |    13 |             2
           67 |    14 |             2
           67 |    15 |             4
           67 |    16 |             1
           67 |    17 |             3
           67 |    18 |             3
           67 |    19 |            10
----------------------------------
----------------------------------
----------------------------------
           70 |     1 |            10
           70 |     2 |             3
           70 |     3 |             1
           70 |     4 |             4
           70 |     5 |             4
           70 |     6 |             2
           70 |     7 |             2
           70 |     8 |             5
           70 |     9 |             7
           70 |    10 |             2
           70 |    11 |             3
           70 |    12 |             1
           70 |    13 |             5
           70 |    14 |             1
           70 |    15 |             2
           70 |    16 |             1
           70 |    17 |             1
           70 |    18 |             7
           70 |    19 |             9
----------------------------------
           71 |     1 |            20
           71 |     2 |             9
           71 |     3 |             6
           71 |     4 |             4
           71 |     5 |             3
           71 |     6 |             3
           71 |     7 |             2
           71 |     8 |             5
           71 |     9 |             5
           71 |    10 |             7
           71 |    11 |             7
           71 |    12 |             8
           71 |    13 |             7
           71 |    14 |            11
           71 |    15 |             7
           71 |    16 |            10
           71 |    17 |             7
           71 |    18 |             9
           71 |    19 |            12
----------------------------------
----------------------------------
----------------------------------
----------------------------------
----------------------------------
----------------------------------
----------------------------------
----------------------------------
----------------------------------
----------------------------------
----------------------------------
----------------------------------
----------------------------------
----------------------------------
----------------------------------
----------------------------------
----------------------------------
----------------------------------
----------------------------------
----------------------------------
----------------------------------
----------------------------------
----------------------------------
----------------------------------
----------------------------------
----------------------------------
----------------------------------
----------------------------------
----------------------------------
----------------------------------
----------------------------------
----------------------------------
----------------------------------
----------------------------------
----------------------------------
----------------------------------
----------------------------------
----------------------------------
----------------------------------
----------------------------------
----------------------------------
----------------------------------
----------------------------------
----------------------------------
----------------------------------
----------------------------------
----------------------------------
----------------------------------
----------------------------------
----------------------------------
----------------------------------
----------------------------------
----------------------------------
----------------------------------
----------------------------------
----------------------------------
----------------------------------
----------------------------------
----------------------------------
----------------------------------
----------------------------------
----------------------------------
----------------------------------
----------------------------------
----------------------------------
----------------------------------
----------------------------------
----------------------------------
----------------------------------
----------------------------------
----------------------------------
----------------------------------
----------------------------------
----------------------------------
----------------------------------
----------------------------------
----------------------------------
----------------------------------
----------------------------------
----------------------------------
----------------------------------
----------------------------------
----------------------------------
----------------------------------
----------------------------------
----------------------------------
----------------------------------
----------------------------------
----------------------------------
----------------------------------
----------------------------------
----------------------------------
----------------------------------
----------------------------------
----------------------------------
----------------------------------
----------------------------------
----------------------------------
----------------------------------
----------------------------------
----------------------------------
----------------------------------
----------------------------------
----------------------------------
----------------------------------
----------------------------------
----------------------------------
----------------------------------
----------------------------------
----------------------------------
----------------------------------
----------------------------------
----------------------------------
----------------------------------
----------------------------------
----------------------------------
----------------------------------
----------------------------------
----------------------------------
----------------------------------
