MinCut number | SSize | Number of cuts
----------------------------------
----------------------------------
----------------------------------
----------------------------------
----------------------------------
----------------------------------
----------------------------------
----------------------------------
----------------------------------
----------------------------------
----------------------------------
----------------------------------
----------------------------------
----------------------------------
----------------------------------
----------------------------------
----------------------------------
----------------------------------
----------------------------------
           38 |     1 |            66
           38 |     2 |             8
           38 |     3 |             1
           38 |     4 |             0
           38 |     5 |             0
           38 |     6 |             0
           38 |     7 |             0
           38 |     8 |             0
           38 |     9 |             0
           38 |    10 |             0
           38 |    11 |             0
           38 |    12 |             0
           38 |    13 |             0
           38 |    14 |             0
           38 |    15 |             0
           38 |    16 |             0
           38 |    17 |             0
           38 |    18 |             8
           38 |    19 |            69
----------------------------------
           39 |     1 |           259
           39 |     2 |            35
           39 |     3 |             4
           39 |     4 |             2
           39 |     5 |             1
           39 |     6 |             0
           39 |     7 |             0
           39 |     8 |             0
           39 |     9 |             0
           39 |    10 |             0
           39 |    11 |             0
           39 |    12 |             0
           39 |    13 |             0
           39 |    14 |             0
           39 |    15 |             1
           39 |    16 |             3
           39 |    17 |             9
           39 |    18 |            45
           39 |    19 |           265
----------------------------------
           40 |     1 |           571
           40 |     2 |            70
           40 |     3 |            16
           40 |     4 |             3
           40 |     5 |             1
           40 |     6 |             0
           40 |     7 |             1
           40 |     8 |             1
           40 |     9 |             0
           40 |    10 |             0
           40 |    11 |             0
           40 |    12 |             0
           40 |    13 |             0
           40 |    14 |             2
           40 |    15 |             2
           40 |    16 |             6
           40 |    17 |            19
           40 |    18 |            95
           40 |    19 |           533
----------------------------------
           41 |     1 |           738
           41 |     2 |           124
           41 |     3 |            28
           41 |     4 |             7
           41 |     5 |             1
           41 |     6 |             1
           41 |     7 |             0
           41 |     8 |             0
           41 |     9 |             1
           41 |    10 |             0
           41 |    11 |             0
           41 |    12 |             0
           41 |    13 |             0
           41 |    14 |             1
           41 |    15 |             6
           41 |    16 |             7
           41 |    17 |            25
           41 |    18 |           137
           41 |    19 |           687
----------------------------------
           42 |     1 |           764
           42 |     2 |           143
           42 |     3 |            48
           42 |     4 |            10
           42 |     5 |             7
           42 |     6 |             4
           42 |     7 |             2
           42 |     8 |             1
           42 |     9 |             1
           42 |    10 |             1
           42 |    11 |             1
           42 |    12 |             0
           42 |    13 |             6
           42 |    14 |             4
           42 |    15 |             3
           42 |    16 |            14
           42 |    17 |            48
           42 |    18 |           177
           42 |    19 |           740
----------------------------------
           43 |     1 |           883
           43 |     2 |           169
           43 |     3 |            34
           43 |     4 |             9
           43 |     5 |             3
           43 |     6 |             3
           43 |     7 |             2
           43 |     8 |             2
           43 |     9 |             1
           43 |    10 |             0
           43 |    11 |             1
           43 |    12 |             3
           43 |    13 |             1
           43 |    14 |             3
           43 |    15 |             9
           43 |    16 |            18
           43 |    17 |            65
           43 |    18 |           221
           43 |    19 |           809
----------------------------------
           44 |     1 |          1158
           44 |     2 |           222
           44 |     3 |            64
           44 |     4 |            32
           44 |     5 |             6
           44 |     6 |             5
           44 |     7 |             4
           44 |     8 |             0
           44 |     9 |             2
           44 |    10 |             2
           44 |    11 |             2
           44 |    12 |             4
           44 |    13 |             2
           44 |    14 |             3
           44 |    15 |            16
           44 |    16 |            34
           44 |    17 |            88
           44 |    18 |           308
           44 |    19 |          1084
----------------------------------
           45 |     1 |          1075
           45 |     2 |           263
           45 |     3 |            76
           45 |     4 |            25
           45 |     5 |            12
           45 |     6 |            12
           45 |     7 |             5
           45 |     8 |             4
           45 |     9 |             3
           45 |    10 |             3
           45 |    11 |             1
           45 |    12 |             3
           45 |    13 |             2
           45 |    14 |             8
           45 |    15 |             8
           45 |    16 |            23
           45 |    17 |            77
           45 |    18 |           272
           45 |    19 |          1053
----------------------------------
           46 |     1 |          1062
           46 |     2 |           261
           46 |     3 |            81
           46 |     4 |            38
           46 |     5 |             7
           46 |     6 |             8
           46 |     7 |             5
           46 |     8 |             6
           46 |     9 |             4
           46 |    10 |             4
           46 |    11 |             3
           46 |    12 |             6
           46 |    13 |             3
           46 |    14 |            13
           46 |    15 |            13
           46 |    16 |            37
           46 |    17 |            78
           46 |    18 |           301
           46 |    19 |          1014
----------------------------------
           47 |     1 |          1051
           47 |     2 |           275
           47 |     3 |            97
           47 |     4 |            34
           47 |     5 |            15
           47 |     6 |             6
           47 |     7 |             1
           47 |     8 |             2
           47 |     9 |             1
           47 |    10 |             5
           47 |    11 |             5
           47 |    12 |             3
           47 |    13 |             4
           47 |    14 |             9
           47 |    15 |            13
           47 |    16 |            41
           47 |    17 |           109
           47 |    18 |           313
           47 |    19 |          1024
----------------------------------
           48 |     1 |          1202
           48 |     2 |           363
           48 |     3 |           109
           48 |     4 |            47
           48 |     5 |            28
           48 |     6 |            14
           48 |     7 |             9
           48 |     8 |             5
           48 |     9 |             5
           48 |    10 |             5
           48 |    11 |             2
           48 |    12 |             8
           48 |    13 |            10
           48 |    14 |             6
           48 |    15 |            14
           48 |    16 |            49
           48 |    17 |           125
           48 |    18 |           366
           48 |    19 |          1185
----------------------------------
           49 |     1 |           785
           49 |     2 |           236
           49 |     3 |            80
           49 |     4 |            43
           49 |     5 |            21
           49 |     6 |             7
           49 |     7 |             5
           49 |     8 |             9
           49 |     9 |             6
           49 |    10 |             5
           49 |    11 |             9
           49 |    12 |             6
           49 |    13 |             6
           49 |    14 |            10
           49 |    15 |            27
           49 |    16 |            42
           49 |    17 |            82
           49 |    18 |           269
           49 |    19 |           753
----------------------------------
           50 |     1 |           921
           50 |     2 |           276
           50 |     3 |           103
           50 |     4 |            46
           50 |     5 |            28
           50 |     6 |            16
           50 |     7 |             8
           50 |     8 |             3
           50 |     9 |             5
           50 |    10 |             1
           50 |    11 |             6
           50 |    12 |             3
           50 |    13 |            11
           50 |    14 |            11
           50 |    15 |            24
           50 |    16 |            55
           50 |    17 |           132
           50 |    18 |           328
           50 |    19 |           823
----------------------------------
           51 |     1 |           785
           51 |     2 |           273
           51 |     3 |           112
           51 |     4 |            39
           51 |     5 |            17
           51 |     6 |            15
           51 |     7 |            10
           51 |     8 |             7
           51 |     9 |             4
           51 |    10 |             4
           51 |    11 |             7
           51 |    12 |            10
           51 |    13 |             7
           51 |    14 |            15
           51 |    15 |            16
           51 |    16 |            45
           51 |    17 |           122
           51 |    18 |           281
           51 |    19 |           781
----------------------------------
           52 |     1 |           557
           52 |     2 |           185
           52 |     3 |            70
           52 |     4 |            39
           52 |     5 |            24
           52 |     6 |            11
           52 |     7 |            12
           52 |     8 |             4
           52 |     9 |             9
           52 |    10 |             5
           52 |    11 |             2
           52 |    12 |             7
           52 |    13 |            13
           52 |    14 |            17
           52 |    15 |            23
           52 |    16 |            29
           52 |    17 |            98
           52 |    18 |           186
           52 |    19 |           529
----------------------------------
           53 |     1 |           413
           53 |     2 |           151
           53 |     3 |            54
           53 |     4 |            27
           53 |     5 |            25
           53 |     6 |             9
           53 |     7 |             7
           53 |     8 |            11
           53 |     9 |             5
           53 |    10 |             3
           53 |    11 |            10
           53 |    12 |             7
           53 |    13 |             7
           53 |    14 |            12
           53 |    15 |            19
           53 |    16 |            34
           53 |    17 |            62
           53 |    18 |           163
           53 |    19 |           412
----------------------------------
           54 |     1 |           703
           54 |     2 |           253
           54 |     3 |           112
           54 |     4 |            38
           54 |     5 |            29
           54 |     6 |            17
           54 |     7 |             8
           54 |     8 |             7
           54 |     9 |            10
           54 |    10 |             7
           54 |    11 |            13
           54 |    12 |            11
           54 |    13 |            12
           54 |    14 |            20
           54 |    15 |            30
           54 |    16 |            61
           54 |    17 |           136
           54 |    18 |           275
           54 |    19 |           688
----------------------------------
           55 |     1 |           503
           55 |     2 |           190
           55 |     3 |            83
           55 |     4 |            42
           55 |     5 |            22
           55 |     6 |            11
           55 |     7 |            13
           55 |     8 |            10
           55 |     9 |             6
           55 |    10 |             6
           55 |    11 |             8
           55 |    12 |             4
           55 |    13 |             6
           55 |    14 |            17
           55 |    15 |            26
           55 |    16 |            55
           55 |    17 |           109
           55 |    18 |           207
           55 |    19 |           497
----------------------------------
           56 |     1 |           447
           56 |     2 |           189
           56 |     3 |            78
           56 |     4 |            35
           56 |     5 |            20
           56 |     6 |            11
           56 |     7 |            11
           56 |     8 |            11
           56 |     9 |             7
           56 |    10 |             3
           56 |    11 |             8
           56 |    12 |            12
           56 |    13 |             9
           56 |    14 |             9
           56 |    15 |            19
           56 |    16 |            29
           56 |    17 |            67
           56 |    18 |           168
           56 |    19 |           435
----------------------------------
           57 |     1 |           256
           57 |     2 |           100
           57 |     3 |            57
           57 |     4 |            30
           57 |     5 |            19
           57 |     6 |             9
           57 |     7 |            11
           57 |     8 |             6
           57 |     9 |             6
           57 |    10 |             4
           57 |    11 |             5
           57 |    12 |             3
           57 |    13 |             5
           57 |    14 |             9
           57 |    15 |            18
           57 |    16 |            21
           57 |    17 |            52
           57 |    18 |           100
           57 |    19 |           258
----------------------------------
           58 |     1 |           250
           58 |     2 |           101
           58 |     3 |            55
           58 |     4 |            23
           58 |     5 |            11
           58 |     6 |             8
           58 |     7 |             4
           58 |     8 |             6
           58 |     9 |             4
           58 |    10 |             4
           58 |    11 |             6
           58 |    12 |             4
           58 |    13 |             6
           58 |    14 |            10
           58 |    15 |            11
           58 |    16 |            27
           58 |    17 |            48
           58 |    18 |           111
           58 |    19 |           239
----------------------------------
           59 |     1 |           276
           59 |     2 |            91
           59 |     3 |            37
           59 |     4 |            20
           59 |     5 |            13
           59 |     6 |             5
           59 |     7 |             5
           59 |     8 |             2
           59 |     9 |             5
           59 |    10 |             7
           59 |    11 |            10
           59 |    12 |            12
           59 |    13 |            12
           59 |    14 |            18
           59 |    15 |            15
           59 |    16 |            37
           59 |    17 |            51
           59 |    18 |           124
           59 |    19 |           263
----------------------------------
           60 |     1 |           188
           60 |     2 |            61
           60 |     3 |            34
           60 |     4 |            26
           60 |     5 |            16
           60 |     6 |             7
           60 |     7 |             6
           60 |     8 |             6
           60 |     9 |             6
           60 |    10 |             5
           60 |    11 |             6
           60 |    12 |             6
           60 |    13 |             5
           60 |    14 |             7
           60 |    15 |            24
           60 |    16 |            28
           60 |    17 |            40
           60 |    18 |            74
           60 |    19 |           175
----------------------------------
           61 |     1 |           292
           61 |     2 |           125
           61 |     3 |            66
           61 |     4 |            27
           61 |     5 |            16
           61 |     6 |            14
           61 |     7 |             6
           61 |     8 |             5
           61 |     9 |             2
           61 |    10 |             5
           61 |    11 |             5
           61 |    12 |             8
           61 |    13 |             8
           61 |    14 |            19
           61 |    15 |            26
           61 |    16 |            38
           61 |    17 |            60
           61 |    18 |           128
           61 |    19 |           248
----------------------------------
           62 |     1 |            96
           62 |     2 |            37
           62 |     3 |            25
           62 |     4 |            13
           62 |     5 |            16
           62 |     6 |             9
           62 |     7 |             6
           62 |     8 |             5
           62 |     9 |             2
           62 |    10 |             1
           62 |    11 |             2
           62 |    12 |             2
           62 |    13 |             3
           62 |    14 |             8
           62 |    15 |            12
           62 |    16 |            15
           62 |    17 |            32
           62 |    18 |            45
           62 |    19 |           105
----------------------------------
           63 |     1 |           139
           63 |     2 |            54
           63 |     3 |            31
           63 |     4 |            20
           63 |     5 |            15
           63 |     6 |             9
           63 |     7 |             5
           63 |     8 |             6
           63 |     9 |             4
           63 |    10 |             3
           63 |    11 |             4
           63 |    12 |             4
           63 |    13 |            10
           63 |    14 |             6
           63 |    15 |            12
           63 |    16 |            16
           63 |    17 |            35
           63 |    18 |            61
           63 |    19 |           133
----------------------------------
           64 |     1 |           117
           64 |     2 |            54
           64 |     3 |            29
           64 |     4 |            17
           64 |     5 |            10
           64 |     6 |            12
           64 |     7 |             9
           64 |     8 |             5
           64 |     9 |             3
           64 |    10 |             4
           64 |    11 |             6
           64 |    12 |             4
           64 |    13 |             5
           64 |    14 |             7
           64 |    15 |             8
           64 |    16 |            15
           64 |    17 |            24
           64 |    18 |            54
           64 |    19 |           129
----------------------------------
           65 |     1 |           101
           65 |     2 |            43
           65 |     3 |            28
           65 |     4 |            17
           65 |     5 |             5
           65 |     6 |             7
           65 |     7 |             4
           65 |     8 |             5
           65 |     9 |            10
           65 |    10 |             2
           65 |    11 |             6
           65 |    12 |             4
           65 |    13 |             8
           65 |    14 |             7
           65 |    15 |            13
           65 |    16 |            25
           65 |    17 |            36
           65 |    18 |            42
           65 |    19 |            92
----------------------------------
           66 |     1 |           153
           66 |     2 |            64
           66 |     3 |            33
           66 |     4 |            28
           66 |     5 |             7
           66 |     6 |            12
           66 |     7 |             7
           66 |     8 |            12
           66 |     9 |             4
           66 |    10 |             4
           66 |    11 |             8
           66 |    12 |             8
           66 |    13 |             7
           66 |    14 |            13
           66 |    15 |            15
           66 |    16 |            30
           66 |    17 |            40
           66 |    18 |            69
           66 |    19 |           146
----------------------------------
           67 |     1 |            77
           67 |     2 |            33
           67 |     3 |            19
           67 |     4 |            15
           67 |     5 |            10
           67 |     6 |             6
           67 |     7 |             4
           67 |     8 |             4
           67 |     9 |             2
           67 |    10 |             6
           67 |    11 |             8
           67 |    12 |             6
           67 |    13 |             5
           67 |    14 |             9
           67 |    15 |            11
           67 |    16 |             8
           67 |    17 |            16
           67 |    18 |            31
           67 |    19 |            65
----------------------------------
           68 |     1 |            32
           68 |     2 |             9
           68 |     3 |             6
           68 |     4 |             2
           68 |     5 |             3
           68 |     6 |             0
           68 |     7 |             3
           68 |     8 |             4
           68 |     9 |             5
           68 |    10 |             2
           68 |    11 |             2
           68 |    12 |             3
           68 |    13 |             4
           68 |    14 |             3
           68 |    15 |             4
           68 |    16 |             7
           68 |    17 |             7
           68 |    18 |            13
           68 |    19 |            27
----------------------------------
           69 |     1 |            15
           69 |     2 |             6
           69 |     3 |             4
           69 |     4 |             2
           69 |     5 |             2
           69 |     6 |             1
           69 |     7 |             4
           69 |     8 |             0
           69 |     9 |             0
           69 |    10 |             1
           69 |    11 |             2
           69 |    12 |             2
           69 |    13 |             0
           69 |    14 |             2
           69 |    15 |             2
           69 |    16 |             2
           69 |    17 |             3
           69 |    18 |             5
           69 |    19 |            16
----------------------------------
           70 |     1 |            15
           70 |     2 |             8
           70 |     3 |             2
           70 |     4 |             3
           70 |     5 |             2
           70 |     6 |             0
           70 |     7 |             0
           70 |     8 |             1
           70 |     9 |             2
           70 |    10 |             3
           70 |    11 |             3
           70 |    12 |             1
           70 |    13 |             2
           70 |    14 |             2
           70 |    15 |             3
           70 |    16 |             0
           70 |    17 |             2
           70 |    18 |             7
           70 |    19 |            14
----------------------------------
           71 |     1 |            41
           71 |     2 |            13
           71 |     3 |             7
           71 |     4 |            10
           71 |     5 |             7
           71 |     6 |             4
           71 |     7 |             4
           71 |     8 |             2
           71 |     9 |             1
           71 |    10 |             2
           71 |    11 |             3
           71 |    12 |             3
           71 |    13 |             9
           71 |    14 |             9
           71 |    15 |            18
           71 |    16 |             9
           71 |    17 |            10
           71 |    18 |            19
           71 |    19 |            42
----------------------------------
           72 |     1 |            26
           72 |     2 |            14
           72 |     3 |             5
           72 |     4 |             5
           72 |     5 |             1
           72 |     6 |             6
           72 |     7 |             2
           72 |     8 |             2
           72 |     9 |             5
           72 |    10 |             2
           72 |    11 |             2
           72 |    12 |             1
           72 |    13 |             1
           72 |    14 |             5
           72 |    15 |             6
           72 |    16 |             8
           72 |    17 |            13
           72 |    18 |            12
           72 |    19 |            28
----------------------------------
           73 |     1 |            31
           73 |     2 |             9
           73 |     3 |             5
           73 |     4 |             3
           73 |     5 |             2
           73 |     6 |             2
           73 |     7 |             2
           73 |     8 |             2
           73 |     9 |             2
           73 |    10 |             2
           73 |    11 |             0
           73 |    12 |             2
           73 |    13 |             4
           73 |    14 |             6
           73 |    15 |             4
           73 |    16 |            11
           73 |    17 |            16
           73 |    18 |            14
           73 |    19 |            29
----------------------------------
           74 |     1 |            13
           74 |     2 |             6
           74 |     3 |             9
           74 |     4 |             4
           74 |     5 |             6
           74 |     6 |             1
           74 |     7 |             1
           74 |     8 |             1
           74 |     9 |             1
           74 |    10 |             0
           74 |    11 |             0
           74 |    12 |             1
           74 |    13 |             2
           74 |    14 |             2
           74 |    15 |             1
           74 |    16 |             1
           74 |    17 |             7
           74 |    18 |             4
           74 |    19 |            14
----------------------------------
----------------------------------
           76 |     1 |            14
           76 |     2 |            10
           76 |     3 |             5
           76 |     4 |             3
           76 |     5 |             0
           76 |     6 |             3
           76 |     7 |             1
           76 |     8 |             0
           76 |     9 |             0
           76 |    10 |             2
           76 |    11 |             1
           76 |    12 |             1
           76 |    13 |             0
           76 |    14 |             2
           76 |    15 |             1
           76 |    16 |             5
           76 |    17 |             7
           76 |    18 |             7
           76 |    19 |            14
----------------------------------
           77 |     1 |            12
           77 |     2 |            13
           77 |     3 |             6
           77 |     4 |             3
           77 |     5 |             0
           77 |     6 |             1
           77 |     7 |             1
           77 |     8 |             1
           77 |     9 |             1
           77 |    10 |             3
           77 |    11 |             2
           77 |    12 |             1
           77 |    13 |             4
           77 |    14 |             3
           77 |    15 |             1
           77 |    16 |             4
           77 |    17 |             5
           77 |    18 |             6
           77 |    19 |            10
----------------------------------
           78 |     1 |            14
           78 |     2 |             4
           78 |     3 |             0
           78 |     4 |             5
           78 |     5 |             2
           78 |     6 |             6
           78 |     7 |             4
           78 |     8 |             1
           78 |     9 |             4
           78 |    10 |             2
           78 |    11 |             1
           78 |    12 |             2
           78 |    13 |             0
           78 |    14 |             0
           78 |    15 |             4
           78 |    16 |             2
           78 |    17 |             5
           78 |    18 |             8
           78 |    19 |            14
----------------------------------
           79 |     1 |            14
           79 |     2 |             6
           79 |     3 |             4
           79 |     4 |             5
           79 |     5 |             3
           79 |     6 |             4
           79 |     7 |             0
           79 |     8 |             1
           79 |     9 |             2
           79 |    10 |             1
           79 |    11 |             2
           79 |    12 |             1
           79 |    13 |             0
           79 |    14 |             2
           79 |    15 |             2
           79 |    16 |             4
           79 |    17 |             8
           79 |    18 |             6
           79 |    19 |            14
----------------------------------
           80 |     1 |            15
           80 |     2 |             4
           80 |     3 |             5
           80 |     4 |             6
           80 |     5 |             2
           80 |     6 |             3
           80 |     7 |             4
           80 |     8 |             2
           80 |     9 |             1
           80 |    10 |             1
           80 |    11 |             2
           80 |    12 |             3
           80 |    13 |             1
           80 |    14 |             1
           80 |    15 |             2
           80 |    16 |             3
           80 |    17 |             5
           80 |    18 |             8
           80 |    19 |            12
----------------------------------
           81 |     1 |            14
           81 |     2 |            10
           81 |     3 |             2
           81 |     4 |             4
           81 |     5 |             1
           81 |     6 |             1
           81 |     7 |             0
           81 |     8 |             2
           81 |     9 |             1
           81 |    10 |             3
           81 |    11 |             2
           81 |    12 |             2
           81 |    13 |             2
           81 |    14 |             6
           81 |    15 |             6
           81 |    16 |             1
           81 |    17 |             5
           81 |    18 |             6
           81 |    19 |            13
----------------------------------
----------------------------------
----------------------------------
----------------------------------
----------------------------------
----------------------------------
----------------------------------
           88 |     1 |            16
           88 |     2 |             7
           88 |     3 |             2
           88 |     4 |             5
           88 |     5 |             2
           88 |     6 |             2
           88 |     7 |             3
           88 |     8 |             3
           88 |     9 |             0
           88 |    10 |             1
           88 |    11 |             3
           88 |    12 |             3
           88 |    13 |             1
           88 |    14 |             2
           88 |    15 |             9
           88 |    16 |             7
           88 |    17 |             4
           88 |    18 |             5
           88 |    19 |            13
----------------------------------
----------------------------------
----------------------------------
----------------------------------
----------------------------------
----------------------------------
----------------------------------
----------------------------------
----------------------------------
           97 |     1 |            10
           97 |     2 |             7
           97 |     3 |             4
           97 |     4 |             3
           97 |     5 |             4
           97 |     6 |             4
           97 |     7 |             5
           97 |     8 |             5
           97 |     9 |             2
           97 |    10 |             3
           97 |    11 |             4
           97 |    12 |             2
           97 |    13 |             5
           97 |    14 |             6
           97 |    15 |             2
           97 |    16 |             4
           97 |    17 |             7
           97 |    18 |             3
           97 |    19 |            17
----------------------------------
----------------------------------
----------------------------------
----------------------------------
----------------------------------
----------------------------------
----------------------------------
----------------------------------
----------------------------------
----------------------------------
----------------------------------
----------------------------------
----------------------------------
----------------------------------
----------------------------------
----------------------------------
----------------------------------
----------------------------------
----------------------------------
----------------------------------
----------------------------------
----------------------------------
----------------------------------
----------------------------------
----------------------------------
----------------------------------
----------------------------------
----------------------------------
----------------------------------
----------------------------------
----------------------------------
----------------------------------
----------------------------------
----------------------------------
----------------------------------
----------------------------------
----------------------------------
----------------------------------
----------------------------------
----------------------------------
----------------------------------
----------------------------------
----------------------------------
----------------------------------
----------------------------------
----------------------------------
----------------------------------
----------------------------------
----------------------------------
----------------------------------
----------------------------------
----------------------------------
----------------------------------
----------------------------------
----------------------------------
----------------------------------
----------------------------------
----------------------------------
----------------------------------
----------------------------------
----------------------------------
----------------------------------
----------------------------------
----------------------------------
----------------------------------
----------------------------------
----------------------------------
----------------------------------
----------------------------------
----------------------------------
----------------------------------
----------------------------------
----------------------------------
----------------------------------
----------------------------------
----------------------------------
----------------------------------
----------------------------------
----------------------------------
----------------------------------
----------------------------------
----------------------------------
----------------------------------
----------------------------------
----------------------------------
----------------------------------
----------------------------------
----------------------------------
----------------------------------
----------------------------------
----------------------------------
----------------------------------
----------------------------------
----------------------------------
----------------------------------
----------------------------------
----------------------------------
----------------------------------
----------------------------------
----------------------------------
----------------------------------
----------------------------------
----------------------------------
----------------------------------
----------------------------------
----------------------------------
----------------------------------
----------------------------------
----------------------------------
----------------------------------
----------------------------------
----------------------------------
----------------------------------
----------------------------------
----------------------------------
----------------------------------
----------------------------------
----------------------------------
----------------------------------
----------------------------------
----------------------------------
----------------------------------
----------------------------------
----------------------------------
----------------------------------
----------------------------------
----------------------------------
----------------------------------
----------------------------------
----------------------------------
----------------------------------
----------------------------------
----------------------------------
----------------------------------
----------------------------------
----------------------------------
----------------------------------
----------------------------------
----------------------------------
----------------------------------
----------------------------------
----------------------------------
----------------------------------
----------------------------------
----------------------------------
----------------------------------
----------------------------------
----------------------------------
----------------------------------
----------------------------------
----------------------------------
----------------------------------
----------------------------------
----------------------------------
----------------------------------
----------------------------------
----------------------------------
----------------------------------
----------------------------------
----------------------------------
----------------------------------
----------------------------------
----------------------------------
----------------------------------
----------------------------------
----------------------------------
----------------------------------
----------------------------------
----------------------------------
----------------------------------
----------------------------------
----------------------------------
----------------------------------
----------------------------------
----------------------------------
----------------------------------
----------------------------------
----------------------------------
----------------------------------
----------------------------------
----------------------------------
----------------------------------
----------------------------------
----------------------------------
----------------------------------
----------------------------------
----------------------------------
----------------------------------
----------------------------------
----------------------------------
----------------------------------
----------------------------------
----------------------------------
----------------------------------
----------------------------------
----------------------------------
----------------------------------
----------------------------------
----------------------------------
----------------------------------
----------------------------------
----------------------------------
----------------------------------
----------------------------------
----------------------------------
----------------------------------
----------------------------------
----------------------------------
----------------------------------
----------------------------------
----------------------------------
----------------------------------
----------------------------------
----------------------------------
----------------------------------
----------------------------------
----------------------------------
----------------------------------
----------------------------------
----------------------------------
----------------------------------
----------------------------------
----------------------------------
----------------------------------
----------------------------------
----------------------------------
----------------------------------
----------------------------------
----------------------------------
----------------------------------
----------------------------------
----------------------------------
----------------------------------
----------------------------------
----------------------------------
----------------------------------
----------------------------------
----------------------------------
----------------------------------
----------------------------------
----------------------------------
----------------------------------
----------------------------------
----------------------------------
----------------------------------
----------------------------------
----------------------------------
----------------------------------
----------------------------------
----------------------------------
----------------------------------
----------------------------------
----------------------------------
----------------------------------
----------------------------------
----------------------------------
----------------------------------
----------------------------------
----------------------------------
----------------------------------
----------------------------------
----------------------------------
----------------------------------
----------------------------------
----------------------------------
----------------------------------
----------------------------------
----------------------------------
----------------------------------
----------------------------------
----------------------------------
----------------------------------
----------------------------------
----------------------------------
----------------------------------
----------------------------------
----------------------------------
----------------------------------
----------------------------------
----------------------------------
----------------------------------
----------------------------------
----------------------------------
----------------------------------
