MinCut number | SSize | Number of cuts
----------------------------------
----------------------------------
----------------------------------
----------------------------------
----------------------------------
----------------------------------
----------------------------------
----------------------------------
----------------------------------
----------------------------------
----------------------------------
----------------------------------
----------------------------------
----------------------------------
----------------------------------
----------------------------------
           35 |     1 |            15
           35 |     2 |             2
           35 |     3 |             0
           35 |     4 |             0
           35 |     5 |             0
           35 |     6 |             0
           35 |     7 |             0
           35 |     8 |             0
           35 |     9 |             0
           35 |    10 |             0
           35 |    11 |             0
           35 |    12 |             0
           35 |    13 |             0
           35 |    14 |             0
           35 |    15 |             0
           35 |    16 |             1
           35 |    17 |             1
           35 |    18 |             2
           35 |    19 |            14
----------------------------------
----------------------------------
----------------------------------
----------------------------------
----------------------------------
----------------------------------
           41 |     1 |            26
           41 |     2 |             0
           41 |     3 |             0
           41 |     4 |             0
           41 |     5 |             0
           41 |     6 |             0
           41 |     7 |             0
           41 |     8 |             0
           41 |     9 |             0
           41 |    10 |             0
           41 |    11 |             0
           41 |    12 |             0
           41 |    13 |             0
           41 |    14 |             0
           41 |    15 |             0
           41 |    16 |             0
           41 |    17 |             0
           41 |    18 |             0
           41 |    19 |            15
----------------------------------
           42 |     1 |            25
           42 |     2 |             0
           42 |     3 |             0
           42 |     4 |             0
           42 |     5 |             0
           42 |     6 |             0
           42 |     7 |             0
           42 |     8 |             0
           42 |     9 |             0
           42 |    10 |             0
           42 |    11 |             0
           42 |    12 |             0
           42 |    13 |             0
           42 |    14 |             0
           42 |    15 |             0
           42 |    16 |             0
           42 |    17 |             0
           42 |    18 |             4
           42 |    19 |            13
----------------------------------
----------------------------------
----------------------------------
           45 |     1 |           135
           45 |     2 |            11
           45 |     3 |             3
           45 |     4 |             0
           45 |     5 |             0
           45 |     6 |             0
           45 |     7 |             0
           45 |     8 |             0
           45 |     9 |             0
           45 |    10 |             0
           45 |    11 |             0
           45 |    12 |             0
           45 |    13 |             0
           45 |    14 |             0
           45 |    15 |             1
           45 |    16 |             1
           45 |    17 |             2
           45 |    18 |            14
           45 |    19 |            58
----------------------------------
           46 |     1 |            81
           46 |     2 |            12
           46 |     3 |             3
           46 |     4 |             0
           46 |     5 |             0
           46 |     6 |             0
           46 |     7 |             0
           46 |     8 |             0
           46 |     9 |             0
           46 |    10 |             0
           46 |    11 |             0
           46 |    12 |             0
           46 |    13 |             0
           46 |    14 |             0
           46 |    15 |             0
           46 |    16 |             0
           46 |    17 |             0
           46 |    18 |             6
           46 |    19 |            36
----------------------------------
           47 |     1 |           242
           47 |     2 |             9
           47 |     3 |             2
           47 |     4 |             0
           47 |     5 |             0
           47 |     6 |             0
           47 |     7 |             2
           47 |     8 |             0
           47 |     9 |             0
           47 |    10 |             1
           47 |    11 |             0
           47 |    12 |             0
           47 |    13 |             0
           47 |    14 |             1
           47 |    15 |             1
           47 |    16 |             1
           47 |    17 |            11
           47 |    18 |            23
           47 |    19 |            83
----------------------------------
           48 |     1 |           198
           48 |     2 |            26
           48 |     3 |             1
           48 |     4 |             1
           48 |     5 |             0
           48 |     6 |             0
           48 |     7 |             0
           48 |     8 |             0
           48 |     9 |             0
           48 |    10 |             0
           48 |    11 |             0
           48 |    12 |             0
           48 |    13 |             0
           48 |    14 |             0
           48 |    15 |             2
           48 |    16 |             4
           48 |    17 |             7
           48 |    18 |            16
           48 |    19 |            81
----------------------------------
           49 |     1 |           148
           49 |     2 |            16
           49 |     3 |             5
           49 |     4 |             0
           49 |     5 |             0
           49 |     6 |             0
           49 |     7 |             0
           49 |     8 |             0
           49 |     9 |             0
           49 |    10 |             0
           49 |    11 |             0
           49 |    12 |             0
           49 |    13 |             0
           49 |    14 |             1
           49 |    15 |             0
           49 |    16 |             0
           49 |    17 |             1
           49 |    18 |            10
           49 |    19 |            64
----------------------------------
           50 |     1 |           461
           50 |     2 |            30
           50 |     3 |             0
           50 |     4 |             0
           50 |     5 |             0
           50 |     6 |             0
           50 |     7 |             0
           50 |     8 |             0
           50 |     9 |             0
           50 |    10 |             0
           50 |    11 |             0
           50 |    12 |             1
           50 |    13 |             0
           50 |    14 |             1
           50 |    15 |             3
           50 |    16 |             5
           50 |    17 |             9
           50 |    18 |            39
           50 |    19 |           151
----------------------------------
           51 |     1 |           466
           51 |     2 |            61
           51 |     3 |             5
           51 |     4 |             0
           51 |     5 |             2
           51 |     6 |             0
           51 |     7 |             0
           51 |     8 |             1
           51 |     9 |             2
           51 |    10 |             1
           51 |    11 |             0
           51 |    12 |             0
           51 |    13 |             2
           51 |    14 |             1
           51 |    15 |             4
           51 |    16 |             4
           51 |    17 |            13
           51 |    18 |            46
           51 |    19 |           157
----------------------------------
           52 |     1 |           262
           52 |     2 |            15
           52 |     3 |            15
           52 |     4 |             0
           52 |     5 |             1
           52 |     6 |             0
           52 |     7 |             0
           52 |     8 |             0
           52 |     9 |             0
           52 |    10 |             0
           52 |    11 |             0
           52 |    12 |             0
           52 |    13 |             0
           52 |    14 |             0
           52 |    15 |             0
           52 |    16 |             2
           52 |    17 |             6
           52 |    18 |            22
           52 |    19 |            93
----------------------------------
           53 |     1 |           582
           53 |     2 |            51
           53 |     3 |             6
           53 |     4 |             7
           53 |     5 |             0
           53 |     6 |             0
           53 |     7 |             2
           53 |     8 |             0
           53 |     9 |             1
           53 |    10 |             0
           53 |    11 |             0
           53 |    12 |             0
           53 |    13 |             0
           53 |    14 |             0
           53 |    15 |             1
           53 |    16 |             1
           53 |    17 |            11
           53 |    18 |            38
           53 |    19 |           201
----------------------------------
           54 |     1 |           369
           54 |     2 |            54
           54 |     3 |            10
           54 |     4 |             1
           54 |     5 |             0
           54 |     6 |             0
           54 |     7 |             0
           54 |     8 |             0
           54 |     9 |             0
           54 |    10 |             0
           54 |    11 |             0
           54 |    12 |             0
           54 |    13 |             0
           54 |    14 |             0
           54 |    15 |             2
           54 |    16 |             1
           54 |    17 |             9
           54 |    18 |            27
           54 |    19 |           121
----------------------------------
           55 |     1 |           436
           55 |     2 |            63
           55 |     3 |             9
           55 |     4 |             2
           55 |     5 |             0
           55 |     6 |             0
           55 |     7 |             0
           55 |     8 |             0
           55 |     9 |             0
           55 |    10 |             0
           55 |    11 |             1
           55 |    12 |             0
           55 |    13 |             0
           55 |    14 |             0
           55 |    15 |             0
           55 |    16 |             5
           55 |    17 |            10
           55 |    18 |            44
           55 |    19 |           145
----------------------------------
           56 |     1 |           815
           56 |     2 |            84
           56 |     3 |            24
           56 |     4 |             3
           56 |     5 |             0
           56 |     6 |             0
           56 |     7 |             1
           56 |     8 |             0
           56 |     9 |             0
           56 |    10 |             2
           56 |    11 |             1
           56 |    12 |             5
           56 |    13 |             3
           56 |    14 |             5
           56 |    15 |             7
           56 |    16 |             3
           56 |    17 |            16
           56 |    18 |            61
           56 |    19 |           258
----------------------------------
           57 |     1 |           797
           57 |     2 |           107
           57 |     3 |            15
           57 |     4 |             0
           57 |     5 |             1
           57 |     6 |             0
           57 |     7 |             0
           57 |     8 |             0
           57 |     9 |             0
           57 |    10 |             0
           57 |    11 |             1
           57 |    12 |             1
           57 |    13 |             0
           57 |    14 |             2
           57 |    15 |             0
           57 |    16 |             7
           57 |    17 |            29
           57 |    18 |            57
           57 |    19 |           237
----------------------------------
           58 |     1 |           959
           58 |     2 |           115
           58 |     3 |            31
           58 |     4 |            12
           58 |     5 |             0
           58 |     6 |             0
           58 |     7 |             0
           58 |     8 |             0
           58 |     9 |             0
           58 |    10 |             0
           58 |    11 |             0
           58 |    12 |             0
           58 |    13 |             0
           58 |    14 |             2
           58 |    15 |             1
           58 |    16 |             7
           58 |    17 |            13
           58 |    18 |            67
           58 |    19 |           301
----------------------------------
           59 |     1 |           758
           59 |     2 |            84
           59 |     3 |            21
           59 |     4 |             8
           59 |     5 |             1
           59 |     6 |             1
           59 |     7 |             0
           59 |     8 |             0
           59 |     9 |             1
           59 |    10 |             0
           59 |    11 |             0
           59 |    12 |             0
           59 |    13 |             0
           59 |    14 |             0
           59 |    15 |             6
           59 |    16 |             6
           59 |    17 |            19
           59 |    18 |            57
           59 |    19 |           218
----------------------------------
           60 |     1 |           823
           60 |     2 |            96
           60 |     3 |            14
           60 |     4 |             3
           60 |     5 |             1
           60 |     6 |             0
           60 |     7 |             0
           60 |     8 |             0
           60 |     9 |             0
           60 |    10 |             2
           60 |    11 |             0
           60 |    12 |             1
           60 |    13 |             1
           60 |    14 |             0
           60 |    15 |             0
           60 |    16 |             1
           60 |    17 |            13
           60 |    18 |            47
           60 |    19 |           258
----------------------------------
           61 |     1 |          1096
           61 |     2 |           119
           61 |     3 |            15
           61 |     4 |             9
           61 |     5 |            11
           61 |     6 |            13
           61 |     7 |             5
           61 |     8 |             0
           61 |     9 |             0
           61 |    10 |             0
           61 |    11 |             1
           61 |    12 |             0
           61 |    13 |             1
           61 |    14 |             1
           61 |    15 |             8
           61 |    16 |             8
           61 |    17 |            22
           61 |    18 |            82
           61 |    19 |           317
----------------------------------
           62 |     1 |          1021
           62 |     2 |           120
           62 |     3 |            47
           62 |     4 |            11
           62 |     5 |             0
           62 |     6 |             0
           62 |     7 |             2
           62 |     8 |             0
           62 |     9 |             0
           62 |    10 |             0
           62 |    11 |             0
           62 |    12 |             0
           62 |    13 |             2
           62 |    14 |             0
           62 |    15 |             2
           62 |    16 |            10
           62 |    17 |            30
           62 |    18 |            52
           62 |    19 |           315
----------------------------------
           63 |     1 |          1327
           63 |     2 |           150
           63 |     3 |            43
           63 |     4 |             2
           63 |     5 |             3
           63 |     6 |             1
           63 |     7 |             1
           63 |     8 |             0
           63 |     9 |             0
           63 |    10 |             0
           63 |    11 |             0
           63 |    12 |             1
           63 |    13 |             2
           63 |    14 |             1
           63 |    15 |             7
           63 |    16 |             8
           63 |    17 |            22
           63 |    18 |           106
           63 |    19 |           342
----------------------------------
           64 |     1 |          1247
           64 |     2 |           163
           64 |     3 |            27
           64 |     4 |            10
           64 |     5 |            11
           64 |     6 |             4
           64 |     7 |             6
           64 |     8 |             1
           64 |     9 |             3
           64 |    10 |             1
           64 |    11 |             0
           64 |    12 |             2
           64 |    13 |             0
           64 |    14 |             0
           64 |    15 |             3
           64 |    16 |             6
           64 |    17 |            20
           64 |    18 |            78
           64 |    19 |           338
----------------------------------
           65 |     1 |          1380
           65 |     2 |           197
           65 |     3 |            63
           65 |     4 |            17
           65 |     5 |             5
           65 |     6 |             3
           65 |     7 |             1
           65 |     8 |             2
           65 |     9 |            10
           65 |    10 |             3
           65 |    11 |             0
           65 |    12 |             1
           65 |    13 |             1
           65 |    14 |             2
           65 |    15 |             2
           65 |    16 |             9
           65 |    17 |            29
           65 |    18 |            94
           65 |    19 |           391
----------------------------------
           66 |     1 |          1330
           66 |     2 |           211
           66 |     3 |            28
           66 |     4 |            24
           66 |     5 |            14
           66 |     6 |             2
           66 |     7 |             0
           66 |     8 |             0
           66 |     9 |             1
           66 |    10 |             0
           66 |    11 |             0
           66 |    12 |             0
           66 |    13 |             0
           66 |    14 |             2
           66 |    15 |             1
           66 |    16 |            13
           66 |    17 |            39
           66 |    18 |            77
           66 |    19 |           370
----------------------------------
           67 |     1 |          1680
           67 |     2 |           223
           67 |     3 |            44
           67 |     4 |             6
           67 |     5 |             8
           67 |     6 |             2
           67 |     7 |             0
           67 |     8 |             4
           67 |     9 |             0
           67 |    10 |             0
           67 |    11 |             2
           67 |    12 |             0
           67 |    13 |             2
           67 |    14 |             1
           67 |    15 |             5
           67 |    16 |            11
           67 |    17 |            34
           67 |    18 |           121
           67 |    19 |           403
----------------------------------
           68 |     1 |          1497
           68 |     2 |           217
           68 |     3 |            35
           68 |     4 |            13
           68 |     5 |             7
           68 |     6 |             3
           68 |     7 |             2
           68 |     8 |             1
           68 |     9 |             0
           68 |    10 |             1
           68 |    11 |             1
           68 |    12 |             1
           68 |    13 |             1
           68 |    14 |             3
           68 |    15 |             6
           68 |    16 |             8
           68 |    17 |            28
           68 |    18 |            80
           68 |    19 |           408
----------------------------------
           69 |     1 |           896
           69 |     2 |           200
           69 |     3 |            51
           69 |     4 |            10
           69 |     5 |            12
           69 |     6 |             4
           69 |     7 |             0
           69 |     8 |             0
           69 |     9 |             0
           69 |    10 |             0
           69 |    11 |             0
           69 |    12 |             1
           69 |    13 |             0
           69 |    14 |             0
           69 |    15 |             3
           69 |    16 |             5
           69 |    17 |            11
           69 |    18 |            72
           69 |    19 |           253
----------------------------------
           70 |     1 |          1021
           70 |     2 |           184
           70 |     3 |            61
           70 |     4 |            12
           70 |     5 |             9
           70 |     6 |             3
           70 |     7 |             2
           70 |     8 |             0
           70 |     9 |             1
           70 |    10 |             1
           70 |    11 |             2
           70 |    12 |             0
           70 |    13 |             3
           70 |    14 |             1
           70 |    15 |             4
           70 |    16 |             5
           70 |    17 |            22
           70 |    18 |            69
           70 |    19 |           280
----------------------------------
           71 |     1 |          1608
           71 |     2 |           249
           71 |     3 |            27
           71 |     4 |             1
           71 |     5 |             1
           71 |     6 |             0
           71 |     7 |             1
           71 |     8 |             1
           71 |     9 |             0
           71 |    10 |             1
           71 |    11 |             1
           71 |    12 |             3
           71 |    13 |             2
           71 |    14 |             0
           71 |    15 |             4
           71 |    16 |            11
           71 |    17 |            24
           71 |    18 |            98
           71 |    19 |           382
----------------------------------
           72 |     1 |          1179
           72 |     2 |           243
           72 |     3 |            65
           72 |     4 |            17
           72 |     5 |             5
           72 |     6 |             7
           72 |     7 |             3
           72 |     8 |             1
           72 |     9 |             2
           72 |    10 |             3
           72 |    11 |             1
           72 |    12 |             1
           72 |    13 |             1
           72 |    14 |             5
           72 |    15 |             3
           72 |    16 |             7
           72 |    17 |            21
           72 |    18 |            72
           72 |    19 |           308
----------------------------------
           73 |     1 |          1413
           73 |     2 |           309
           73 |     3 |            68
           73 |     4 |            27
           73 |     5 |            14
           73 |     6 |             1
           73 |     7 |             2
           73 |     8 |             2
           73 |     9 |             1
           73 |    10 |             1
           73 |    11 |             0
           73 |    12 |             2
           73 |    13 |             1
           73 |    14 |             1
           73 |    15 |             2
           73 |    16 |             8
           73 |    17 |            23
           73 |    18 |            79
           73 |    19 |           382
----------------------------------
           74 |     1 |          1433
           74 |     2 |           251
           74 |     3 |            69
           74 |     4 |            38
           74 |     5 |             6
           74 |     6 |             7
           74 |     7 |             7
           74 |     8 |             3
           74 |     9 |             0
           74 |    10 |             2
           74 |    11 |             1
           74 |    12 |             0
           74 |    13 |             1
           74 |    14 |             1
           74 |    15 |             0
           74 |    16 |             3
           74 |    17 |            15
           74 |    18 |            75
           74 |    19 |           382
----------------------------------
           75 |     1 |           846
           75 |     2 |           118
           75 |     3 |            17
           75 |     4 |             8
           75 |     5 |             4
           75 |     6 |             3
           75 |     7 |             0
           75 |     8 |             0
           75 |     9 |             0
           75 |    10 |             1
           75 |    11 |             0
           75 |    12 |             1
           75 |    13 |             0
           75 |    14 |             3
           75 |    15 |             4
           75 |    16 |             4
           75 |    17 |            15
           75 |    18 |            55
           75 |    19 |           196
----------------------------------
           76 |     1 |          1541
           76 |     2 |           323
           76 |     3 |            95
           76 |     4 |            23
           76 |     5 |            10
           76 |     6 |             2
           76 |     7 |             0
           76 |     8 |             0
           76 |     9 |             1
           76 |    10 |             0
           76 |    11 |             2
           76 |    12 |             1
           76 |    13 |             0
           76 |    14 |             2
           76 |    15 |             5
           76 |    16 |             8
           76 |    17 |            31
           76 |    18 |            86
           76 |    19 |           378
----------------------------------
           77 |     1 |          1093
           77 |     2 |           253
           77 |     3 |            57
           77 |     4 |            12
           77 |     5 |             2
           77 |     6 |             3
           77 |     7 |             0
           77 |     8 |             1
           77 |     9 |             0
           77 |    10 |             0
           77 |    11 |             0
           77 |    12 |             5
           77 |    13 |             1
           77 |    14 |             1
           77 |    15 |             4
           77 |    16 |             9
           77 |    17 |            14
           77 |    18 |            66
           77 |    19 |           250
----------------------------------
           78 |     1 |          1342
           78 |     2 |           314
           78 |     3 |            53
           78 |     4 |            21
           78 |     5 |             5
           78 |     6 |             0
           78 |     7 |             0
           78 |     8 |             2
           78 |     9 |             1
           78 |    10 |             1
           78 |    11 |             0
           78 |    12 |             1
           78 |    13 |             3
           78 |    14 |             7
           78 |    15 |             9
           78 |    16 |             8
           78 |    17 |            25
           78 |    18 |            67
           78 |    19 |           325
----------------------------------
           79 |     1 |           844
           79 |     2 |           128
           79 |     3 |            22
           79 |     4 |            14
           79 |     5 |            10
           79 |     6 |             1
           79 |     7 |             0
           79 |     8 |             0
           79 |     9 |             0
           79 |    10 |             0
           79 |    11 |             0
           79 |    12 |             0
           79 |    13 |             0
           79 |    14 |             1
           79 |    15 |             2
           79 |    16 |             2
           79 |    17 |            12
           79 |    18 |            33
           79 |    19 |           195
----------------------------------
           80 |     1 |           829
           80 |     2 |           195
           80 |     3 |            27
           80 |     4 |            13
           80 |     5 |             7
           80 |     6 |             2
           80 |     7 |             0
           80 |     8 |             0
           80 |     9 |             0
           80 |    10 |             0
           80 |    11 |             1
           80 |    12 |             1
           80 |    13 |             0
           80 |    14 |             3
           80 |    15 |             7
           80 |    16 |            11
           80 |    17 |            15
           80 |    18 |            51
           80 |    19 |           198
----------------------------------
           81 |     1 |          1493
           81 |     2 |           150
           81 |     3 |            66
           81 |     4 |            31
           81 |     5 |             9
           81 |     6 |             0
           81 |     7 |             1
           81 |     8 |             0
           81 |     9 |             0
           81 |    10 |             0
           81 |    11 |             2
           81 |    12 |             1
           81 |    13 |             5
           81 |    14 |             4
           81 |    15 |             2
           81 |    16 |             8
           81 |    17 |            22
           81 |    18 |            59
           81 |    19 |           334
----------------------------------
           82 |     1 |          1438
           82 |     2 |           291
           82 |     3 |            79
           82 |     4 |            35
           82 |     5 |            18
           82 |     6 |             0
           82 |     7 |             1
           82 |     8 |             1
           82 |     9 |             0
           82 |    10 |             0
           82 |    11 |             2
           82 |    12 |             3
           82 |    13 |             0
           82 |    14 |             6
           82 |    15 |            10
           82 |    16 |            16
           82 |    17 |            25
           82 |    18 |            82
           82 |    19 |           289
----------------------------------
           83 |     1 |           658
           83 |     2 |           218
           83 |     3 |            75
           83 |     4 |            36
           83 |     5 |             8
           83 |     6 |             8
           83 |     7 |             1
           83 |     8 |             2
           83 |     9 |             1
           83 |    10 |             0
           83 |    11 |             0
           83 |    12 |             0
           83 |    13 |             0
           83 |    14 |             0
           83 |    15 |             2
           83 |    16 |             4
           83 |    17 |            10
           83 |    18 |            40
           83 |    19 |           182
----------------------------------
           84 |     1 |           968
           84 |     2 |           275
           84 |     3 |            44
           84 |     4 |            21
           84 |     5 |             5
           84 |     6 |             1
           84 |     7 |             2
           84 |     8 |             0
           84 |     9 |             1
           84 |    10 |             2
           84 |    11 |             0
           84 |    12 |             0
           84 |    13 |             0
           84 |    14 |             1
           84 |    15 |             0
           84 |    16 |             2
           84 |    17 |             9
           84 |    18 |            45
           84 |    19 |           220
----------------------------------
           85 |     1 |           490
           85 |     2 |           110
           85 |     3 |            17
           85 |     4 |             3
           85 |     5 |             1
           85 |     6 |             3
           85 |     7 |             2
           85 |     8 |             0
           85 |     9 |             0
           85 |    10 |             0
           85 |    11 |             0
           85 |    12 |             0
           85 |    13 |             0
           85 |    14 |             3
           85 |    15 |             3
           85 |    16 |             4
           85 |    17 |             4
           85 |    18 |            25
           85 |    19 |           100
----------------------------------
           86 |     1 |           479
           86 |     2 |            99
           86 |     3 |            42
           86 |     4 |            13
           86 |     5 |             4
           86 |     6 |             4
           86 |     7 |             0
           86 |     8 |             0
           86 |     9 |             1
           86 |    10 |             0
           86 |    11 |             0
           86 |    12 |             0
           86 |    13 |             1
           86 |    14 |             0
           86 |    15 |             0
           86 |    16 |             0
           86 |    17 |             6
           86 |    18 |            27
           86 |    19 |            98
----------------------------------
           87 |     1 |           570
           87 |     2 |           155
           87 |     3 |            21
           87 |     4 |            22
           87 |     5 |             4
           87 |     6 |             4
           87 |     7 |             1
           87 |     8 |             0
           87 |     9 |             0
           87 |    10 |             0
           87 |    11 |             0
           87 |    12 |             1
           87 |    13 |             0
           87 |    14 |             1
           87 |    15 |             3
           87 |    16 |             4
           87 |    17 |             7
           87 |    18 |            22
           87 |    19 |           142
----------------------------------
           88 |     1 |           494
           88 |     2 |           109
           88 |     3 |            32
           88 |     4 |             8
           88 |     5 |             2
           88 |     6 |             5
           88 |     7 |             3
           88 |     8 |             0
           88 |     9 |             2
           88 |    10 |             1
           88 |    11 |             1
           88 |    12 |             0
           88 |    13 |             0
           88 |    14 |             0
           88 |    15 |             0
           88 |    16 |             5
           88 |    17 |            19
           88 |    18 |            21
           88 |    19 |            90
----------------------------------
           89 |     1 |           606
           89 |     2 |           128
           89 |     3 |            40
           89 |     4 |            19
           89 |     5 |             4
           89 |     6 |             2
           89 |     7 |             3
           89 |     8 |             2
           89 |     9 |             0
           89 |    10 |             0
           89 |    11 |             0
           89 |    12 |             3
           89 |    13 |             2
           89 |    14 |             1
           89 |    15 |             2
           89 |    16 |             6
           89 |    17 |             4
           89 |    18 |            27
           89 |    19 |           130
----------------------------------
           90 |     1 |           519
           90 |     2 |           131
           90 |     3 |            53
           90 |     4 |            18
           90 |     5 |            14
           90 |     6 |             2
           90 |     7 |             0
           90 |     8 |             1
           90 |     9 |             0
           90 |    10 |             1
           90 |    11 |             0
           90 |    12 |             0
           90 |    13 |             0
           90 |    14 |             0
           90 |    15 |             2
           90 |    16 |             0
           90 |    17 |            14
           90 |    18 |            30
           90 |    19 |           115
----------------------------------
           91 |     1 |           194
           91 |     2 |            68
           91 |     3 |            35
           91 |     4 |             2
           91 |     5 |             2
           91 |     6 |             2
           91 |     7 |             0
           91 |     8 |             0
           91 |     9 |             0
           91 |    10 |             0
           91 |    11 |             0
           91 |    12 |             0
           91 |    13 |             0
           91 |    14 |             0
           91 |    15 |             0
           91 |    16 |             0
           91 |    17 |             1
           91 |    18 |            12
           91 |    19 |            48
----------------------------------
           92 |     1 |           604
           92 |     2 |           198
           92 |     3 |            24
           92 |     4 |            10
           92 |     5 |             4
           92 |     6 |             4
           92 |     7 |             0
           92 |     8 |             0
           92 |     9 |             0
           92 |    10 |             0
           92 |    11 |             0
           92 |    12 |             1
           92 |    13 |             0
           92 |    14 |             0
           92 |    15 |             0
           92 |    16 |             3
           92 |    17 |            10
           92 |    18 |            30
           92 |    19 |           124
----------------------------------
           93 |     1 |           568
           93 |     2 |           168
           93 |     3 |            67
           93 |     4 |            26
           93 |     5 |             6
           93 |     6 |             3
           93 |     7 |             0
           93 |     8 |             0
           93 |     9 |             0
           93 |    10 |             0
           93 |    11 |             1
           93 |    12 |             1
           93 |    13 |             0
           93 |    14 |             3
           93 |    15 |             9
           93 |    16 |            10
           93 |    17 |            15
           93 |    18 |            39
           93 |    19 |           107
----------------------------------
           94 |     1 |           372
           94 |     2 |           135
           94 |     3 |            69
           94 |     4 |            30
           94 |     5 |            20
           94 |     6 |             2
           94 |     7 |             0
           94 |     8 |             1
           94 |     9 |             0
           94 |    10 |             1
           94 |    11 |             0
           94 |    12 |             0
           94 |    13 |             0
           94 |    14 |             0
           94 |    15 |             2
           94 |    16 |             3
           94 |    17 |             4
           94 |    18 |            24
           94 |    19 |            89
----------------------------------
           95 |     1 |           278
           95 |     2 |            66
           95 |     3 |            40
           95 |     4 |             6
           95 |     5 |             1
           95 |     6 |             2
           95 |     7 |             0
           95 |     8 |             1
           95 |     9 |             0
           95 |    10 |             0
           95 |    11 |             0
           95 |    12 |             0
           95 |    13 |             0
           95 |    14 |             0
           95 |    15 |             0
           95 |    16 |             3
           95 |    17 |             2
           95 |    18 |            15
           95 |    19 |            61
----------------------------------
           96 |     1 |           426
           96 |     2 |           147
           96 |     3 |            37
           96 |     4 |            14
           96 |     5 |             8
           96 |     6 |             2
           96 |     7 |             6
           96 |     8 |             0
           96 |     9 |             0
           96 |    10 |             1
           96 |    11 |             1
           96 |    12 |             1
           96 |    13 |             1
           96 |    14 |             0
           96 |    15 |             2
           96 |    16 |             0
           96 |    17 |             8
           96 |    18 |            18
           96 |    19 |            96
----------------------------------
           97 |     1 |           122
           97 |     2 |            29
           97 |     3 |             8
           97 |     4 |             4
           97 |     5 |             2
           97 |     6 |             4
           97 |     7 |             0
           97 |     8 |             0
           97 |     9 |             0
           97 |    10 |             0
           97 |    11 |             0
           97 |    12 |             0
           97 |    13 |             0
           97 |    14 |             0
           97 |    15 |             0
           97 |    16 |             0
           97 |    17 |             0
           97 |    18 |             2
           97 |    19 |            23
----------------------------------
           98 |     1 |           163
           98 |     2 |            47
           98 |     3 |            20
           98 |     4 |             3
           98 |     5 |             0
           98 |     6 |             2
           98 |     7 |             0
           98 |     8 |             0
           98 |     9 |             0
           98 |    10 |             0
           98 |    11 |             0
           98 |    12 |             0
           98 |    13 |             0
           98 |    14 |             1
           98 |    15 |             1
           98 |    16 |             3
           98 |    17 |             4
           98 |    18 |            11
           98 |    19 |            39
----------------------------------
           99 |     1 |            45
           99 |     2 |            28
           99 |     3 |             7
           99 |     4 |             1
           99 |     5 |             3
           99 |     6 |             0
           99 |     7 |             0
           99 |     8 |             0
           99 |     9 |             0
           99 |    10 |             0
           99 |    11 |             0
           99 |    12 |             0
           99 |    13 |             0
           99 |    14 |             1
           99 |    15 |             1
           99 |    16 |             0
           99 |    17 |             1
           99 |    18 |             6
           99 |    19 |             6
----------------------------------
          100 |     1 |           225
          100 |     2 |            89
          100 |     3 |             5
          100 |     4 |             0
          100 |     5 |             1
          100 |     6 |             3
          100 |     7 |             5
          100 |     8 |             0
          100 |     9 |             0
          100 |    10 |             0
          100 |    11 |             0
          100 |    12 |             2
          100 |    13 |             0
          100 |    14 |             0
          100 |    15 |             0
          100 |    16 |             1
          100 |    17 |             4
          100 |    18 |            13
          100 |    19 |            52
----------------------------------
          101 |     1 |           216
          101 |     2 |            98
          101 |     3 |            19
          101 |     4 |             3
          101 |     5 |             5
          101 |     6 |             1
          101 |     7 |             0
          101 |     8 |             0
          101 |     9 |             1
          101 |    10 |             0
          101 |    11 |             0
          101 |    12 |             0
          101 |    13 |             0
          101 |    14 |             0
          101 |    15 |             1
          101 |    16 |             1
          101 |    17 |             2
          101 |    18 |            10
          101 |    19 |            47
----------------------------------
          102 |     1 |           168
          102 |     2 |            49
          102 |     3 |            20
          102 |     4 |            16
          102 |     5 |             3
          102 |     6 |             2
          102 |     7 |             0
          102 |     8 |             0
          102 |     9 |             0
          102 |    10 |             0
          102 |    11 |             0
          102 |    12 |             0
          102 |    13 |             0
          102 |    14 |             0
          102 |    15 |             0
          102 |    16 |             0
          102 |    17 |             1
          102 |    18 |             7
          102 |    19 |            40
----------------------------------
          103 |     1 |           129
          103 |     2 |            26
          103 |     3 |            11
          103 |     4 |             2
          103 |     5 |             7
          103 |     6 |             1
          103 |     7 |             0
          103 |     8 |             2
          103 |     9 |             0
          103 |    10 |             0
          103 |    11 |             0
          103 |    12 |             0
          103 |    13 |             0
          103 |    14 |             0
          103 |    15 |             0
          103 |    16 |             1
          103 |    17 |             1
          103 |    18 |             5
          103 |    19 |            21
----------------------------------
          104 |     1 |           106
          104 |     2 |            43
          104 |     3 |            12
          104 |     4 |            15
          104 |     5 |             9
          104 |     6 |             0
          104 |     7 |             0
          104 |     8 |             0
          104 |     9 |             0
          104 |    10 |             0
          104 |    11 |             0
          104 |    12 |             0
          104 |    13 |             0
          104 |    14 |             0
          104 |    15 |             0
          104 |    16 |             0
          104 |    17 |             0
          104 |    18 |             4
          104 |    19 |            19
----------------------------------
          105 |     1 |            51
          105 |     2 |            31
          105 |     3 |             6
          105 |     4 |             0
          105 |     5 |             0
          105 |     6 |             0
          105 |     7 |             0
          105 |     8 |             0
          105 |     9 |             0
          105 |    10 |             0
          105 |    11 |             0
          105 |    12 |             0
          105 |    13 |             2
          105 |    14 |             0
          105 |    15 |             0
          105 |    16 |             0
          105 |    17 |             0
          105 |    18 |             2
          105 |    19 |            13
----------------------------------
----------------------------------
----------------------------------
----------------------------------
          109 |     1 |            65
          109 |     2 |            14
          109 |     3 |             7
          109 |     4 |             4
          109 |     5 |             0
          109 |     6 |             0
          109 |     7 |             0
          109 |     8 |             1
          109 |     9 |             0
          109 |    10 |             0
          109 |    11 |             0
          109 |    12 |             0
          109 |    13 |             0
          109 |    14 |             0
          109 |    15 |             0
          109 |    16 |             0
          109 |    17 |             0
          109 |    18 |             4
          109 |    19 |            14
----------------------------------
----------------------------------
----------------------------------
----------------------------------
----------------------------------
----------------------------------
          115 |     1 |           125
          115 |     2 |            58
          115 |     3 |            12
          115 |     4 |             0
          115 |     5 |             0
          115 |     6 |             2
          115 |     7 |             0
          115 |     8 |             0
          115 |     9 |             0
          115 |    10 |             0
          115 |    11 |             0
          115 |    12 |             0
          115 |    13 |             0
          115 |    14 |             0
          115 |    15 |             1
          115 |    16 |             1
          115 |    17 |             2
          115 |    18 |             3
          115 |    19 |            26
----------------------------------
----------------------------------
----------------------------------
          118 |     1 |            47
          118 |     2 |            31
          118 |     3 |            16
          118 |     4 |             7
          118 |     5 |             0
          118 |     6 |             0
          118 |     7 |             0
          118 |     8 |             0
          118 |     9 |             0
          118 |    10 |             0
          118 |    11 |             0
          118 |    12 |             0
          118 |    13 |             0
          118 |    14 |             0
          118 |    15 |             0
          118 |    16 |             1
          118 |    17 |             0
          118 |    18 |             1
          118 |    19 |            15
----------------------------------
----------------------------------
----------------------------------
----------------------------------
----------------------------------
----------------------------------
----------------------------------
----------------------------------
----------------------------------
----------------------------------
----------------------------------
----------------------------------
----------------------------------
----------------------------------
----------------------------------
----------------------------------
----------------------------------
----------------------------------
----------------------------------
----------------------------------
----------------------------------
----------------------------------
----------------------------------
----------------------------------
----------------------------------
----------------------------------
----------------------------------
----------------------------------
----------------------------------
----------------------------------
----------------------------------
----------------------------------
----------------------------------
----------------------------------
----------------------------------
----------------------------------
----------------------------------
----------------------------------
----------------------------------
----------------------------------
----------------------------------
----------------------------------
----------------------------------
----------------------------------
----------------------------------
----------------------------------
----------------------------------
----------------------------------
----------------------------------
----------------------------------
----------------------------------
----------------------------------
----------------------------------
----------------------------------
----------------------------------
----------------------------------
----------------------------------
----------------------------------
----------------------------------
----------------------------------
----------------------------------
----------------------------------
----------------------------------
----------------------------------
----------------------------------
----------------------------------
----------------------------------
----------------------------------
----------------------------------
----------------------------------
----------------------------------
----------------------------------
----------------------------------
