MinCut number | SSize | Number of cuts
----------------------------------
----------------------------------
----------------------------------
----------------------------------
----------------------------------
----------------------------------
----------------------------------
----------------------------------
----------------------------------
----------------------------------
----------------------------------
----------------------------------
----------------------------------
----------------------------------
----------------------------------
----------------------------------
----------------------------------
----------------------------------
           37 |     1 |            18
           37 |     2 |             5
           37 |     3 |             0
           37 |     4 |             0
           37 |     5 |             0
           37 |     6 |             0
           37 |     7 |             0
           37 |     8 |             0
           37 |     9 |             0
           37 |    10 |             0
           37 |    11 |             0
           37 |    12 |             0
           37 |    13 |             0
           37 |    14 |             0
           37 |    15 |             0
           37 |    16 |             0
           37 |    17 |             0
           37 |    18 |             0
           37 |    19 |            14
----------------------------------
           38 |     1 |            22
           38 |     2 |             0
           38 |     3 |             0
           38 |     4 |             0
           38 |     5 |             0
           38 |     6 |             0
           38 |     7 |             0
           38 |     8 |             0
           38 |     9 |             0
           38 |    10 |             0
           38 |    11 |             0
           38 |    12 |             0
           38 |    13 |             0
           38 |    14 |             0
           38 |    15 |             0
           38 |    16 |             0
           38 |    17 |             0
           38 |    18 |             3
           38 |    19 |            13
----------------------------------
----------------------------------
----------------------------------
           41 |     1 |            22
           41 |     2 |             2
           41 |     3 |             0
           41 |     4 |             0
           41 |     5 |             0
           41 |     6 |             0
           41 |     7 |             0
           41 |     8 |             0
           41 |     9 |             0
           41 |    10 |             0
           41 |    11 |             0
           41 |    12 |             0
           41 |    13 |             0
           41 |    14 |             0
           41 |    15 |             0
           41 |    16 |             0
           41 |    17 |             0
           41 |    18 |             4
           41 |    19 |            13
----------------------------------
           42 |     1 |            26
           42 |     2 |             0
           42 |     3 |             0
           42 |     4 |             0
           42 |     5 |             0
           42 |     6 |             0
           42 |     7 |             0
           42 |     8 |             0
           42 |     9 |             0
           42 |    10 |             0
           42 |    11 |             0
           42 |    12 |             0
           42 |    13 |             0
           42 |    14 |             0
           42 |    15 |             0
           42 |    16 |             0
           42 |    17 |             0
           42 |    18 |             4
           42 |    19 |            12
----------------------------------
           43 |     1 |            86
           43 |     2 |             1
           43 |     3 |             0
           43 |     4 |             0
           43 |     5 |             0
           43 |     6 |             0
           43 |     7 |             0
           43 |     8 |             0
           43 |     9 |             0
           43 |    10 |             0
           43 |    11 |             0
           43 |    12 |             0
           43 |    13 |             0
           43 |    14 |             0
           43 |    15 |             0
           43 |    16 |             0
           43 |    17 |             0
           43 |    18 |             7
           43 |    19 |            35
----------------------------------
           44 |     1 |            86
           44 |     2 |             0
           44 |     3 |             0
           44 |     4 |             0
           44 |     5 |             0
           44 |     6 |             0
           44 |     7 |             0
           44 |     8 |             0
           44 |     9 |             0
           44 |    10 |             0
           44 |    11 |             0
           44 |    12 |             0
           44 |    13 |             0
           44 |    14 |             0
           44 |    15 |             0
           44 |    16 |             0
           44 |    17 |             2
           44 |    18 |             3
           44 |    19 |            41
----------------------------------
           45 |     1 |            61
           45 |     2 |             0
           45 |     3 |             0
           45 |     4 |             0
           45 |     5 |             0
           45 |     6 |             0
           45 |     7 |             0
           45 |     8 |             0
           45 |     9 |             0
           45 |    10 |             0
           45 |    11 |             0
           45 |    12 |             0
           45 |    13 |             0
           45 |    14 |             0
           45 |    15 |             0
           45 |    16 |             0
           45 |    17 |             0
           45 |    18 |             6
           45 |    19 |            23
----------------------------------
----------------------------------
           47 |     1 |           123
           47 |     2 |            10
           47 |     3 |             0
           47 |     4 |             0
           47 |     5 |             0
           47 |     6 |             0
           47 |     7 |             0
           47 |     8 |             0
           47 |     9 |             0
           47 |    10 |             0
           47 |    11 |             0
           47 |    12 |             0
           47 |    13 |             0
           47 |    14 |             0
           47 |    15 |             0
           47 |    16 |             0
           47 |    17 |             1
           47 |    18 |             6
           47 |    19 |            48
----------------------------------
           48 |     1 |           161
           48 |     2 |             9
           48 |     3 |             0
           48 |     4 |             0
           48 |     5 |             0
           48 |     6 |             0
           48 |     7 |             0
           48 |     8 |             0
           48 |     9 |             0
           48 |    10 |             0
           48 |    11 |             0
           48 |    12 |             0
           48 |    13 |             0
           48 |    14 |             0
           48 |    15 |             0
           48 |    16 |             0
           48 |    17 |             0
           48 |    18 |             9
           48 |    19 |            61
----------------------------------
           49 |     1 |           185
           49 |     2 |            23
           49 |     3 |             0
           49 |     4 |             0
           49 |     5 |             0
           49 |     6 |             0
           49 |     7 |             0
           49 |     8 |             0
           49 |     9 |             0
           49 |    10 |             0
           49 |    11 |             0
           49 |    12 |             0
           49 |    13 |             0
           49 |    14 |             0
           49 |    15 |             1
           49 |    16 |             0
           49 |    17 |             2
           49 |    18 |             4
           49 |    19 |            79
----------------------------------
           50 |     1 |           444
           50 |     2 |             5
           50 |     3 |             0
           50 |     4 |             0
           50 |     5 |             0
           50 |     6 |             0
           50 |     7 |             0
           50 |     8 |             0
           50 |     9 |             0
           50 |    10 |             0
           50 |    11 |             0
           50 |    12 |             0
           50 |    13 |             0
           50 |    14 |             0
           50 |    15 |             0
           50 |    16 |             2
           50 |    17 |             2
           50 |    18 |            23
           50 |    19 |           174
----------------------------------
           51 |     1 |           301
           51 |     2 |            22
           51 |     3 |             1
           51 |     4 |             0
           51 |     5 |             0
           51 |     6 |             0
           51 |     7 |             0
           51 |     8 |             0
           51 |     9 |             0
           51 |    10 |             0
           51 |    11 |             0
           51 |    12 |             0
           51 |    13 |             0
           51 |    14 |             0
           51 |    15 |             0
           51 |    16 |             0
           51 |    17 |             3
           51 |    18 |             6
           51 |    19 |           126
----------------------------------
           52 |     1 |           352
           52 |     2 |             8
           52 |     3 |             4
           52 |     4 |             0
           52 |     5 |             0
           52 |     6 |             0
           52 |     7 |             0
           52 |     8 |             0
           52 |     9 |             0
           52 |    10 |             0
           52 |    11 |             0
           52 |    12 |             0
           52 |    13 |             0
           52 |    14 |             0
           52 |    15 |             2
           52 |    16 |             2
           52 |    17 |             9
           52 |    18 |            25
           52 |    19 |           118
----------------------------------
           53 |     1 |           348
           53 |     2 |            29
           53 |     3 |             0
           53 |     4 |             0
           53 |     5 |             1
           53 |     6 |             0
           53 |     7 |             0
           53 |     8 |             0
           53 |     9 |             0
           53 |    10 |             0
           53 |    11 |             0
           53 |    12 |             0
           53 |    13 |             0
           53 |    14 |             0
           53 |    15 |             0
           53 |    16 |             3
           53 |    17 |             4
           53 |    18 |            11
           53 |    19 |           134
----------------------------------
           54 |     1 |           870
           54 |     2 |            77
           54 |     3 |            18
           54 |     4 |             0
           54 |     5 |             0
           54 |     6 |             0
           54 |     7 |             0
           54 |     8 |             0
           54 |     9 |             0
           54 |    10 |             0
           54 |    11 |             0
           54 |    12 |             0
           54 |    13 |             0
           54 |    14 |             0
           54 |    15 |             0
           54 |    16 |             1
           54 |    17 |             6
           54 |    18 |            47
           54 |    19 |           331
----------------------------------
           55 |     1 |           690
           55 |     2 |            35
           55 |     3 |             0
           55 |     4 |             0
           55 |     5 |             0
           55 |     6 |             0
           55 |     7 |             0
           55 |     8 |             0
           55 |     9 |             0
           55 |    10 |             0
           55 |    11 |             0
           55 |    12 |             0
           55 |    13 |             0
           55 |    14 |             0
           55 |    15 |             0
           55 |    16 |             1
           55 |    17 |             2
           55 |    18 |            39
           55 |    19 |           223
----------------------------------
           56 |     1 |          1144
           56 |     2 |            62
           56 |     3 |             8
           56 |     4 |             1
           56 |     5 |             0
           56 |     6 |             0
           56 |     7 |             0
           56 |     8 |             0
           56 |     9 |             0
           56 |    10 |             2
           56 |    11 |             0
           56 |    12 |             0
           56 |    13 |             0
           56 |    14 |             0
           56 |    15 |             1
           56 |    16 |             0
           56 |    17 |            11
           56 |    18 |            58
           56 |    19 |           393
----------------------------------
           57 |     1 |           915
           57 |     2 |            74
           57 |     3 |            15
           57 |     4 |             0
           57 |     5 |             0
           57 |     6 |             0
           57 |     7 |             0
           57 |     8 |             0
           57 |     9 |             0
           57 |    10 |             0
           57 |    11 |             0
           57 |    12 |             0
           57 |    13 |             0
           57 |    14 |             0
           57 |    15 |             0
           57 |    16 |             0
           57 |    17 |            13
           57 |    18 |            41
           57 |    19 |           310
----------------------------------
           58 |     1 |           983
           58 |     2 |            52
           58 |     3 |            23
           58 |     4 |             0
           58 |     5 |             0
           58 |     6 |             1
           58 |     7 |             0
           58 |     8 |             0
           58 |     9 |             0
           58 |    10 |             0
           58 |    11 |             0
           58 |    12 |             0
           58 |    13 |             0
           58 |    14 |             0
           58 |    15 |             0
           58 |    16 |             2
           58 |    17 |             7
           58 |    18 |            30
           58 |    19 |           352
----------------------------------
           59 |     1 |          1492
           59 |     2 |           111
           59 |     3 |            20
           59 |     4 |             1
           59 |     5 |             1
           59 |     6 |             0
           59 |     7 |             0
           59 |     8 |             0
           59 |     9 |             0
           59 |    10 |             0
           59 |    11 |             0
           59 |    12 |             0
           59 |    13 |             0
           59 |    14 |             0
           59 |    15 |             1
           59 |    16 |             4
           59 |    17 |             6
           59 |    18 |            68
           59 |    19 |           479
----------------------------------
           60 |     1 |           907
           60 |     2 |            76
           60 |     3 |            12
           60 |     4 |             0
           60 |     5 |             0
           60 |     6 |             0
           60 |     7 |             0
           60 |     8 |             0
           60 |     9 |             0
           60 |    10 |             0
           60 |    11 |             0
           60 |    12 |             0
           60 |    13 |             0
           60 |    14 |             0
           60 |    15 |             0
           60 |    16 |             1
           60 |    17 |             5
           60 |    18 |            42
           60 |    19 |           277
----------------------------------
           61 |     1 |          1456
           61 |     2 |            77
           61 |     3 |            22
           61 |     4 |             2
           61 |     5 |             0
           61 |     6 |             0
           61 |     7 |             0
           61 |     8 |             0
           61 |     9 |             0
           61 |    10 |             0
           61 |    11 |             0
           61 |    12 |             0
           61 |    13 |             0
           61 |    14 |             0
           61 |    15 |             0
           61 |    16 |             5
           61 |    17 |            11
           61 |    18 |            49
           61 |    19 |           452
----------------------------------
           62 |     1 |          1405
           62 |     2 |            71
           62 |     3 |             3
           62 |     4 |             3
           62 |     5 |             0
           62 |     6 |             0
           62 |     7 |             0
           62 |     8 |             0
           62 |     9 |             0
           62 |    10 |             0
           62 |    11 |             0
           62 |    12 |             0
           62 |    13 |             0
           62 |    14 |             0
           62 |    15 |             3
           62 |    16 |             8
           62 |    17 |            11
           62 |    18 |            59
           62 |    19 |           421
----------------------------------
           63 |     1 |          2077
           63 |     2 |           180
           63 |     3 |             7
           63 |     4 |             1
           63 |     5 |             0
           63 |     6 |             0
           63 |     7 |             0
           63 |     8 |             0
           63 |     9 |             0
           63 |    10 |             0
           63 |    11 |             0
           63 |    12 |             0
           63 |    13 |             0
           63 |    14 |             0
           63 |    15 |             0
           63 |    16 |             2
           63 |    17 |             6
           63 |    18 |            42
           63 |    19 |           646
----------------------------------
           64 |     1 |          1532
           64 |     2 |           105
           64 |     3 |            13
           64 |     4 |             3
           64 |     5 |             0
           64 |     6 |             0
           64 |     7 |             0
           64 |     8 |             0
           64 |     9 |             0
           64 |    10 |             0
           64 |    11 |             0
           64 |    12 |             0
           64 |    13 |             0
           64 |    14 |             0
           64 |    15 |             0
           64 |    16 |             1
           64 |    17 |             2
           64 |    18 |            53
           64 |    19 |           467
----------------------------------
           65 |     1 |          2069
           65 |     2 |           143
           65 |     3 |            32
           65 |     4 |             0
           65 |     5 |             0
           65 |     6 |             0
           65 |     7 |             1
           65 |     8 |             4
           65 |     9 |             0
           65 |    10 |             1
           65 |    11 |             0
           65 |    12 |             0
           65 |    13 |             0
           65 |    14 |             2
           65 |    15 |             1
           65 |    16 |             4
           65 |    17 |             9
           65 |    18 |            66
           65 |    19 |           593
----------------------------------
           66 |     1 |          1681
           66 |     2 |           174
           66 |     3 |            17
           66 |     4 |             0
           66 |     5 |             0
           66 |     6 |             0
           66 |     7 |             0
           66 |     8 |             0
           66 |     9 |             0
           66 |    10 |             0
           66 |    11 |             0
           66 |    12 |             0
           66 |    13 |             0
           66 |    14 |             0
           66 |    15 |             0
           66 |    16 |             0
           66 |    17 |             5
           66 |    18 |            62
           66 |    19 |           503
----------------------------------
           67 |     1 |          1755
           67 |     2 |           121
           67 |     3 |            36
           67 |     4 |             7
           67 |     5 |             1
           67 |     6 |             0
           67 |     7 |             0
           67 |     8 |             0
           67 |     9 |             0
           67 |    10 |             0
           67 |    11 |             0
           67 |    12 |             0
           67 |    13 |             0
           67 |    14 |             1
           67 |    15 |             0
           67 |    16 |             3
           67 |    17 |            10
           67 |    18 |            73
           67 |    19 |           472
----------------------------------
           68 |     1 |          2145
           68 |     2 |           153
           68 |     3 |            12
           68 |     4 |             2
           68 |     5 |             0
           68 |     6 |             0
           68 |     7 |             1
           68 |     8 |             0
           68 |     9 |             0
           68 |    10 |             0
           68 |    11 |             0
           68 |    12 |             0
           68 |    13 |             0
           68 |    14 |             0
           68 |    15 |             0
           68 |    16 |             0
           68 |    17 |             8
           68 |    18 |            63
           68 |    19 |           608
----------------------------------
           69 |     1 |          1468
           69 |     2 |           175
           69 |     3 |            17
           69 |     4 |             3
           69 |     5 |             0
           69 |     6 |             0
           69 |     7 |             0
           69 |     8 |             0
           69 |     9 |             0
           69 |    10 |             0
           69 |    11 |             0
           69 |    12 |             0
           69 |    13 |             0
           69 |    14 |             0
           69 |    15 |             0
           69 |    16 |             1
           69 |    17 |             6
           69 |    18 |            27
           69 |    19 |           442
----------------------------------
           70 |     1 |          1561
           70 |     2 |           145
           70 |     3 |            27
           70 |     4 |             0
           70 |     5 |             0
           70 |     6 |             0
           70 |     7 |             0
           70 |     8 |             0
           70 |     9 |             0
           70 |    10 |             0
           70 |    11 |             0
           70 |    12 |             0
           70 |    13 |             0
           70 |    14 |             0
           70 |    15 |             1
           70 |    16 |             0
           70 |    17 |             7
           70 |    18 |            50
           70 |    19 |           449
----------------------------------
           71 |     1 |          1650
           71 |     2 |           134
           71 |     3 |             8
           71 |     4 |             5
           71 |     5 |             0
           71 |     6 |             0
           71 |     7 |             0
           71 |     8 |             0
           71 |     9 |             0
           71 |    10 |             0
           71 |    11 |             0
           71 |    12 |             0
           71 |    13 |             0
           71 |    14 |             0
           71 |    15 |             1
           71 |    16 |             0
           71 |    17 |             7
           71 |    18 |            42
           71 |    19 |           425
----------------------------------
           72 |     1 |          1890
           72 |     2 |           181
           72 |     3 |            22
           72 |     4 |            13
           72 |     5 |             2
           72 |     6 |             0
           72 |     7 |             0
           72 |     8 |             0
           72 |     9 |             0
           72 |    10 |             0
           72 |    11 |             0
           72 |    12 |             1
           72 |    13 |             0
           72 |    14 |             1
           72 |    15 |             1
           72 |    16 |             2
           72 |    17 |            11
           72 |    18 |            54
           72 |    19 |           486
----------------------------------
           73 |     1 |          1532
           73 |     2 |           156
           73 |     3 |            27
           73 |     4 |             6
           73 |     5 |             0
           73 |     6 |             0
           73 |     7 |             0
           73 |     8 |             0
           73 |     9 |             0
           73 |    10 |             0
           73 |    11 |             0
           73 |    12 |             0
           73 |    13 |             0
           73 |    14 |             0
           73 |    15 |             1
           73 |    16 |             4
           73 |    17 |            11
           73 |    18 |            51
           73 |    19 |           402
----------------------------------
           74 |     1 |          1887
           74 |     2 |           201
           74 |     3 |            31
           74 |     4 |            11
           74 |     5 |             0
           74 |     6 |             3
           74 |     7 |             0
           74 |     8 |             0
           74 |     9 |             0
           74 |    10 |             0
           74 |    11 |             0
           74 |    12 |             0
           74 |    13 |             0
           74 |    14 |             0
           74 |    15 |             0
           74 |    16 |             1
           74 |    17 |             9
           74 |    18 |            62
           74 |    19 |           459
----------------------------------
           75 |     1 |          1469
           75 |     2 |           209
           75 |     3 |            37
           75 |     4 |            13
           75 |     5 |             1
           75 |     6 |             0
           75 |     7 |             0
           75 |     8 |             0
           75 |     9 |             0
           75 |    10 |             1
           75 |    11 |             0
           75 |    12 |             1
           75 |    13 |             0
           75 |    14 |             0
           75 |    15 |             0
           75 |    16 |             0
           75 |    17 |            10
           75 |    18 |            47
           75 |    19 |           387
----------------------------------
           76 |     1 |          1222
           76 |     2 |           138
           76 |     3 |            42
           76 |     4 |             5
           76 |     5 |             1
           76 |     6 |             0
           76 |     7 |             0
           76 |     8 |             0
           76 |     9 |             0
           76 |    10 |             0
           76 |    11 |             0
           76 |    12 |             0
           76 |    13 |             0
           76 |    14 |             0
           76 |    15 |             0
           76 |    16 |             0
           76 |    17 |             7
           76 |    18 |            28
           76 |    19 |           305
----------------------------------
           77 |     1 |          1234
           77 |     2 |           131
           77 |     3 |            38
           77 |     4 |             2
           77 |     5 |             2
           77 |     6 |             3
           77 |     7 |             0
           77 |     8 |             1
           77 |     9 |             0
           77 |    10 |             0
           77 |    11 |             0
           77 |    12 |             0
           77 |    13 |             0
           77 |    14 |             0
           77 |    15 |             0
           77 |    16 |             1
           77 |    17 |             5
           77 |    18 |            44
           77 |    19 |           310
----------------------------------
           78 |     1 |          1193
           78 |     2 |           162
           78 |     3 |            26
           78 |     4 |             7
           78 |     5 |             3
           78 |     6 |             2
           78 |     7 |             1
           78 |     8 |             0
           78 |     9 |             0
           78 |    10 |             1
           78 |    11 |             0
           78 |    12 |             0
           78 |    13 |             0
           78 |    14 |             0
           78 |    15 |             0
           78 |    16 |             1
           78 |    17 |             8
           78 |    18 |            39
           78 |    19 |           273
----------------------------------
           79 |     1 |          1318
           79 |     2 |           175
           79 |     3 |            27
           79 |     4 |             5
           79 |     5 |             0
           79 |     6 |             0
           79 |     7 |             0
           79 |     8 |             1
           79 |     9 |             0
           79 |    10 |             0
           79 |    11 |             0
           79 |    12 |             0
           79 |    13 |             1
           79 |    14 |             0
           79 |    15 |             2
           79 |    16 |             2
           79 |    17 |            12
           79 |    18 |            31
           79 |    19 |           322
----------------------------------
           80 |     1 |          1708
           80 |     2 |           188
           80 |     3 |            58
           80 |     4 |            11
           80 |     5 |             1
           80 |     6 |             0
           80 |     7 |             0
           80 |     8 |             1
           80 |     9 |             0
           80 |    10 |             0
           80 |    11 |             0
           80 |    12 |             0
           80 |    13 |             0
           80 |    14 |             0
           80 |    15 |             2
           80 |    16 |             4
           80 |    17 |             6
           80 |    18 |            43
           80 |    19 |           378
----------------------------------
           81 |     1 |           375
           81 |     2 |            79
           81 |     3 |             8
           81 |     4 |             0
           81 |     5 |             0
           81 |     6 |             0
           81 |     7 |             0
           81 |     8 |             0
           81 |     9 |             0
           81 |    10 |             0
           81 |    11 |             0
           81 |    12 |             0
           81 |    13 |             0
           81 |    14 |             0
           81 |    15 |             0
           81 |    16 |             0
           81 |    17 |             0
           81 |    18 |             6
           81 |    19 |            99
----------------------------------
           82 |     1 |           746
           82 |     2 |            96
           82 |     3 |            24
           82 |     4 |             7
           82 |     5 |             0
           82 |     6 |             0
           82 |     7 |             0
           82 |     8 |             0
           82 |     9 |             0
           82 |    10 |             0
           82 |    11 |             0
           82 |    12 |             0
           82 |    13 |             0
           82 |    14 |             0
           82 |    15 |             0
           82 |    16 |             1
           82 |    17 |             5
           82 |    18 |            22
           82 |    19 |           165
----------------------------------
           83 |     1 |           830
           83 |     2 |           118
           83 |     3 |            10
           83 |     4 |             0
           83 |     5 |             0
           83 |     6 |             0
           83 |     7 |             0
           83 |     8 |             0
           83 |     9 |             0
           83 |    10 |             0
           83 |    11 |             0
           83 |    12 |             0
           83 |    13 |             0
           83 |    14 |             0
           83 |    15 |             0
           83 |    16 |             0
           83 |    17 |             4
           83 |    18 |            19
           83 |    19 |           181
----------------------------------
           84 |     1 |           520
           84 |     2 |            84
           84 |     3 |             8
           84 |     4 |             9
           84 |     5 |             0
           84 |     6 |             0
           84 |     7 |             0
           84 |     8 |             0
           84 |     9 |             0
           84 |    10 |             0
           84 |    11 |             0
           84 |    12 |             0
           84 |    13 |             0
           84 |    14 |             0
           84 |    15 |             0
           84 |    16 |             0
           84 |    17 |             0
           84 |    18 |            12
           84 |    19 |           123
----------------------------------
           85 |     1 |           409
           85 |     2 |            58
           85 |     3 |             5
           85 |     4 |             8
           85 |     5 |             1
           85 |     6 |             1
           85 |     7 |             2
           85 |     8 |             0
           85 |     9 |             0
           85 |    10 |             0
           85 |    11 |             0
           85 |    12 |             0
           85 |    13 |             0
           85 |    14 |             1
           85 |    15 |             1
           85 |    16 |             1
           85 |    17 |             4
           85 |    18 |             8
           85 |    19 |            96
----------------------------------
           86 |     1 |           359
           86 |     2 |            35
           86 |     3 |            25
           86 |     4 |             2
           86 |     5 |             0
           86 |     6 |             0
           86 |     7 |             1
           86 |     8 |             0
           86 |     9 |             0
           86 |    10 |             1
           86 |    11 |             0
           86 |    12 |             0
           86 |    13 |             0
           86 |    14 |             0
           86 |    15 |             1
           86 |    16 |             1
           86 |    17 |             4
           86 |    18 |             7
           86 |    19 |            80
----------------------------------
           87 |     1 |           396
           87 |     2 |            76
           87 |     3 |            21
           87 |     4 |             4
           87 |     5 |             1
           87 |     6 |             0
           87 |     7 |             0
           87 |     8 |             0
           87 |     9 |             0
           87 |    10 |             0
           87 |    11 |             0
           87 |    12 |             0
           87 |    13 |             0
           87 |    14 |             0
           87 |    15 |             0
           87 |    16 |             2
           87 |    17 |             3
           87 |    18 |            17
           87 |    19 |            89
----------------------------------
           88 |     1 |           170
           88 |     2 |            46
           88 |     3 |             0
           88 |     4 |             0
           88 |     5 |             0
           88 |     6 |             0
           88 |     7 |             0
           88 |     8 |             0
           88 |     9 |             0
           88 |    10 |             0
           88 |    11 |             0
           88 |    12 |             0
           88 |    13 |             0
           88 |    14 |             0
           88 |    15 |             1
           88 |    16 |             3
           88 |    17 |             0
           88 |    18 |            11
           88 |    19 |            33
----------------------------------
           89 |     1 |           111
           89 |     2 |            16
           89 |     3 |            10
           89 |     4 |             7
           89 |     5 |             0
           89 |     6 |             0
           89 |     7 |             0
           89 |     8 |             0
           89 |     9 |             0
           89 |    10 |             0
           89 |    11 |             0
           89 |    12 |             0
           89 |    13 |             0
           89 |    14 |             0
           89 |    15 |             0
           89 |    16 |             1
           89 |    17 |             2
           89 |    18 |             1
           89 |    19 |            30
----------------------------------
           90 |     1 |           331
           90 |     2 |            69
           90 |     3 |            29
           90 |     4 |            21
           90 |     5 |             0
           90 |     6 |             0
           90 |     7 |             0
           90 |     8 |             0
           90 |     9 |             0
           90 |    10 |             0
           90 |    11 |             0
           90 |    12 |             0
           90 |    13 |             0
           90 |    14 |             0
           90 |    15 |             1
           90 |    16 |             0
           90 |    17 |             0
           90 |    18 |            12
           90 |    19 |            77
----------------------------------
           91 |     1 |           251
           91 |     2 |            38
           91 |     3 |            15
           91 |     4 |             0
           91 |     5 |             4
           91 |     6 |             0
           91 |     7 |             0
           91 |     8 |             0
           91 |     9 |             0
           91 |    10 |             0
           91 |    11 |             0
           91 |    12 |             0
           91 |    13 |             0
           91 |    14 |             0
           91 |    15 |             0
           91 |    16 |             0
           91 |    17 |             1
           91 |    18 |             8
           91 |    19 |            47
----------------------------------
           92 |     1 |           243
           92 |     2 |            56
           92 |     3 |             5
           92 |     4 |             0
           92 |     5 |             0
           92 |     6 |             0
           92 |     7 |             0
           92 |     8 |             0
           92 |     9 |             0
           92 |    10 |             0
           92 |    11 |             0
           92 |    12 |             0
           92 |    13 |             0
           92 |    14 |             0
           92 |    15 |             0
           92 |    16 |             0
           92 |    17 |             1
           92 |    18 |             4
           92 |    19 |            59
----------------------------------
           93 |     1 |           107
           93 |     2 |            37
           93 |     3 |             8
           93 |     4 |             5
           93 |     5 |             0
           93 |     6 |             0
           93 |     7 |             0
           93 |     8 |             0
           93 |     9 |             0
           93 |    10 |             0
           93 |    11 |             0
           93 |    12 |             0
           93 |    13 |             0
           93 |    14 |             0
           93 |    15 |             0
           93 |    16 |             0
           93 |    17 |             0
           93 |    18 |             1
           93 |    19 |            28
----------------------------------
           94 |     1 |           182
           94 |     2 |            50
           94 |     3 |             4
           94 |     4 |             1
           94 |     5 |             1
           94 |     6 |             0
           94 |     7 |             0
           94 |     8 |             0
           94 |     9 |             0
           94 |    10 |             0
           94 |    11 |             0
           94 |    12 |             0
           94 |    13 |             0
           94 |    14 |             0
           94 |    15 |             0
           94 |    16 |             1
           94 |    17 |             2
           94 |    18 |             6
           94 |    19 |            35
----------------------------------
----------------------------------
           96 |     1 |            72
           96 |     2 |             7
           96 |     3 |             0
           96 |     4 |             0
           96 |     5 |             0
           96 |     6 |             0
           96 |     7 |             0
           96 |     8 |             0
           96 |     9 |             0
           96 |    10 |             0
           96 |    11 |             0
           96 |    12 |             0
           96 |    13 |             0
           96 |    14 |             0
           96 |    15 |             0
           96 |    16 |             1
           96 |    17 |             4
           96 |    18 |             3
           96 |    19 |             9
----------------------------------
           97 |     1 |            76
           97 |     2 |             8
           97 |     3 |             0
           97 |     4 |             0
           97 |     5 |             0
           97 |     6 |             0
           97 |     7 |             0
           97 |     8 |             0
           97 |     9 |             0
           97 |    10 |             0
           97 |    11 |             0
           97 |    12 |             0
           97 |    13 |             0
           97 |    14 |             0
           97 |    15 |             0
           97 |    16 |             0
           97 |    17 |             0
           97 |    18 |             0
           97 |    19 |            13
----------------------------------
           98 |     1 |            40
           98 |     2 |            36
           98 |     3 |             7
           98 |     4 |             0
           98 |     5 |             0
           98 |     6 |             0
           98 |     7 |             0
           98 |     8 |             0
           98 |     9 |             0
           98 |    10 |             0
           98 |    11 |             0
           98 |    12 |             0
           98 |    13 |             0
           98 |    14 |             0
           98 |    15 |             0
           98 |    16 |             0
           98 |    17 |             0
           98 |    18 |             2
           98 |    19 |            13
----------------------------------
           99 |     1 |            71
           99 |     2 |             7
           99 |     3 |             4
           99 |     4 |             0
           99 |     5 |             0
           99 |     6 |             0
           99 |     7 |             0
           99 |     8 |             0
           99 |     9 |             0
           99 |    10 |             0
           99 |    11 |             0
           99 |    12 |             0
           99 |    13 |             0
           99 |    14 |             0
           99 |    15 |             0
           99 |    16 |             0
           99 |    17 |             1
           99 |    18 |             2
           99 |    19 |            14
----------------------------------
----------------------------------
----------------------------------
----------------------------------
----------------------------------
----------------------------------
----------------------------------
----------------------------------
----------------------------------
----------------------------------
----------------------------------
----------------------------------
----------------------------------
----------------------------------
----------------------------------
----------------------------------
----------------------------------
----------------------------------
----------------------------------
----------------------------------
----------------------------------
----------------------------------
----------------------------------
----------------------------------
----------------------------------
----------------------------------
----------------------------------
----------------------------------
----------------------------------
----------------------------------
----------------------------------
----------------------------------
----------------------------------
----------------------------------
----------------------------------
----------------------------------
----------------------------------
----------------------------------
----------------------------------
----------------------------------
----------------------------------
----------------------------------
----------------------------------
----------------------------------
----------------------------------
----------------------------------
----------------------------------
----------------------------------
----------------------------------
----------------------------------
----------------------------------
----------------------------------
----------------------------------
----------------------------------
----------------------------------
----------------------------------
----------------------------------
----------------------------------
----------------------------------
----------------------------------
----------------------------------
----------------------------------
----------------------------------
----------------------------------
----------------------------------
----------------------------------
----------------------------------
----------------------------------
----------------------------------
----------------------------------
----------------------------------
----------------------------------
----------------------------------
----------------------------------
----------------------------------
----------------------------------
----------------------------------
----------------------------------
----------------------------------
----------------------------------
----------------------------------
----------------------------------
----------------------------------
----------------------------------
----------------------------------
----------------------------------
----------------------------------
----------------------------------
----------------------------------
----------------------------------
----------------------------------
----------------------------------
