MinCut number | SSize | Number of cuts
----------------------------------
----------------------------------
----------------------------------
----------------------------------
----------------------------------
----------------------------------
----------------------------------
----------------------------------
----------------------------------
----------------------------------
----------------------------------
----------------------------------
----------------------------------
----------------------------------
----------------------------------
----------------------------------
----------------------------------
----------------------------------
----------------------------------
----------------------------------
           39 |     1 |            28
           39 |     2 |             0
           39 |     3 |             0
           39 |     4 |             0
           39 |     5 |             0
           39 |     6 |             0
           39 |     7 |             0
           39 |     8 |             0
           39 |     9 |             0
           39 |    10 |             0
           39 |    11 |             0
           39 |    12 |             0
           39 |    13 |             0
           39 |    14 |             0
           39 |    15 |             0
           39 |    16 |             0
           39 |    17 |             0
           39 |    18 |             1
           39 |    19 |            10
----------------------------------
           40 |     1 |            25
           40 |     2 |             0
           40 |     3 |             0
           40 |     4 |             0
           40 |     5 |             0
           40 |     6 |             0
           40 |     7 |             0
           40 |     8 |             0
           40 |     9 |             0
           40 |    10 |             0
           40 |    11 |             0
           40 |    12 |             0
           40 |    13 |             0
           40 |    14 |             0
           40 |    15 |             0
           40 |    16 |             0
           40 |    17 |             0
           40 |    18 |             0
           40 |    19 |            15
----------------------------------
           41 |     1 |            27
           41 |     2 |             0
           41 |     3 |             0
           41 |     4 |             0
           41 |     5 |             0
           41 |     6 |             0
           41 |     7 |             0
           41 |     8 |             0
           41 |     9 |             0
           41 |    10 |             0
           41 |    11 |             0
           41 |    12 |             0
           41 |    13 |             0
           41 |    14 |             0
           41 |    15 |             0
           41 |    16 |             0
           41 |    17 |             0
           41 |    18 |             0
           41 |    19 |            14
----------------------------------
           42 |     1 |            45
           42 |     2 |            10
           42 |     3 |             0
           42 |     4 |             0
           42 |     5 |             0
           42 |     6 |             0
           42 |     7 |             0
           42 |     8 |             0
           42 |     9 |             0
           42 |    10 |             0
           42 |    11 |             0
           42 |    12 |             0
           42 |    13 |             0
           42 |    14 |             0
           42 |    15 |             0
           42 |    16 |             0
           42 |    17 |             0
           42 |    18 |             3
           42 |    19 |            26
----------------------------------
           43 |     1 |            28
           43 |     2 |             0
           43 |     3 |             0
           43 |     4 |             0
           43 |     5 |             0
           43 |     6 |             0
           43 |     7 |             0
           43 |     8 |             0
           43 |     9 |             0
           43 |    10 |             0
           43 |    11 |             0
           43 |    12 |             0
           43 |    13 |             0
           43 |    14 |             0
           43 |    15 |             0
           43 |    16 |             0
           43 |    17 |             0
           43 |    18 |             1
           43 |    19 |            14
----------------------------------
           44 |     1 |           113
           44 |     2 |             1
           44 |     3 |             0
           44 |     4 |             0
           44 |     5 |             0
           44 |     6 |             0
           44 |     7 |             0
           44 |     8 |             0
           44 |     9 |             0
           44 |    10 |             0
           44 |    11 |             0
           44 |    12 |             0
           44 |    13 |             0
           44 |    14 |             0
           44 |    15 |             0
           44 |    16 |             0
           44 |    17 |             0
           44 |    18 |             4
           44 |    19 |            58
----------------------------------
           45 |     1 |            95
           45 |     2 |             0
           45 |     3 |             0
           45 |     4 |             0
           45 |     5 |             0
           45 |     6 |             0
           45 |     7 |             0
           45 |     8 |             0
           45 |     9 |             0
           45 |    10 |             0
           45 |    11 |             0
           45 |    12 |             0
           45 |    13 |             0
           45 |    14 |             0
           45 |    15 |             0
           45 |    16 |             0
           45 |    17 |             0
           45 |    18 |             0
           45 |    19 |            40
----------------------------------
           46 |     1 |           125
           46 |     2 |             2
           46 |     3 |             0
           46 |     4 |             0
           46 |     5 |             0
           46 |     6 |             0
           46 |     7 |             0
           46 |     8 |             0
           46 |     9 |             0
           46 |    10 |             0
           46 |    11 |             0
           46 |    12 |             0
           46 |    13 |             0
           46 |    14 |             0
           46 |    15 |             0
           46 |    16 |             0
           46 |    17 |             2
           46 |    18 |             4
           46 |    19 |            51
----------------------------------
           47 |     1 |           195
           47 |     2 |             0
           47 |     3 |             0
           47 |     4 |             0
           47 |     5 |             0
           47 |     6 |             0
           47 |     7 |             0
           47 |     8 |             0
           47 |     9 |             0
           47 |    10 |             0
           47 |    11 |             0
           47 |    12 |             0
           47 |    13 |             0
           47 |    14 |             0
           47 |    15 |             0
           47 |    16 |             0
           47 |    17 |             0
           47 |    18 |             7
           47 |    19 |            80
----------------------------------
           48 |     1 |           319
           48 |     2 |             1
           48 |     3 |             0
           48 |     4 |             0
           48 |     5 |             0
           48 |     6 |             0
           48 |     7 |             0
           48 |     8 |             0
           48 |     9 |             0
           48 |    10 |             0
           48 |    11 |             0
           48 |    12 |             0
           48 |    13 |             0
           48 |    14 |             0
           48 |    15 |             0
           48 |    16 |             0
           48 |    17 |             0
           48 |    18 |             6
           48 |    19 |           154
----------------------------------
           49 |     1 |           546
           49 |     2 |             7
           49 |     3 |             0
           49 |     4 |             0
           49 |     5 |             0
           49 |     6 |             0
           49 |     7 |             0
           49 |     8 |             0
           49 |     9 |             0
           49 |    10 |             0
           49 |    11 |             0
           49 |    12 |             0
           49 |    13 |             0
           49 |    14 |             0
           49 |    15 |             0
           49 |    16 |             0
           49 |    17 |             0
           49 |    18 |             3
           49 |    19 |           228
----------------------------------
           50 |     1 |           325
           50 |     2 |            19
           50 |     3 |             0
           50 |     4 |             0
           50 |     5 |             0
           50 |     6 |             0
           50 |     7 |             0
           50 |     8 |             0
           50 |     9 |             0
           50 |    10 |             0
           50 |    11 |             0
           50 |    12 |             0
           50 |    13 |             0
           50 |    14 |             0
           50 |    15 |             0
           50 |    16 |             0
           50 |    17 |             0
           50 |    18 |             8
           50 |    19 |           148
----------------------------------
           51 |     1 |           343
           51 |     2 |            16
           51 |     3 |             0
           51 |     4 |             0
           51 |     5 |             0
           51 |     6 |             0
           51 |     7 |             0
           51 |     8 |             0
           51 |     9 |             0
           51 |    10 |             0
           51 |    11 |             0
           51 |    12 |             0
           51 |    13 |             0
           51 |    14 |             0
           51 |    15 |             0
           51 |    16 |             0
           51 |    17 |             1
           51 |    18 |             4
           51 |    19 |           146
----------------------------------
           52 |     1 |           390
           52 |     2 |            13
           52 |     3 |             0
           52 |     4 |             0
           52 |     5 |             0
           52 |     6 |             0
           52 |     7 |             0
           52 |     8 |             0
           52 |     9 |             0
           52 |    10 |             0
           52 |    11 |             0
           52 |    12 |             0
           52 |    13 |             0
           52 |    14 |             0
           52 |    15 |             0
           52 |    16 |             0
           52 |    17 |             0
           52 |    18 |             4
           52 |    19 |           165
----------------------------------
           53 |     1 |           562
           53 |     2 |            28
           53 |     3 |             4
           53 |     4 |             0
           53 |     5 |             0
           53 |     6 |             0
           53 |     7 |             0
           53 |     8 |             0
           53 |     9 |             0
           53 |    10 |             0
           53 |    11 |             0
           53 |    12 |             0
           53 |    13 |             0
           53 |    14 |             0
           53 |    15 |             0
           53 |    16 |             0
           53 |    17 |             0
           53 |    18 |            15
           53 |    19 |           239
----------------------------------
           54 |     1 |           679
           54 |     2 |            23
           54 |     3 |             0
           54 |     4 |             0
           54 |     5 |             0
           54 |     6 |             0
           54 |     7 |             0
           54 |     8 |             0
           54 |     9 |             0
           54 |    10 |             0
           54 |    11 |             0
           54 |    12 |             0
           54 |    13 |             0
           54 |    14 |             0
           54 |    15 |             0
           54 |    16 |             0
           54 |    17 |             0
           54 |    18 |            27
           54 |    19 |           243
----------------------------------
           55 |     1 |           846
           55 |     2 |            24
           55 |     3 |             8
           55 |     4 |             0
           55 |     5 |             0
           55 |     6 |             0
           55 |     7 |             0
           55 |     8 |             0
           55 |     9 |             0
           55 |    10 |             0
           55 |    11 |             0
           55 |    12 |             0
           55 |    13 |             0
           55 |    14 |             0
           55 |    15 |             0
           55 |    16 |             0
           55 |    17 |             0
           55 |    18 |            16
           55 |    19 |           316
----------------------------------
           56 |     1 |          1052
           56 |     2 |            14
           56 |     3 |             0
           56 |     4 |             0
           56 |     5 |             0
           56 |     6 |             0
           56 |     7 |             0
           56 |     8 |             0
           56 |     9 |             0
           56 |    10 |             0
           56 |    11 |             0
           56 |    12 |             0
           56 |    13 |             0
           56 |    14 |             0
           56 |    15 |             0
           56 |    16 |             1
           56 |    17 |             2
           56 |    18 |            24
           56 |    19 |           363
----------------------------------
           57 |     1 |           881
           57 |     2 |            32
           57 |     3 |             0
           57 |     4 |             0
           57 |     5 |             0
           57 |     6 |             0
           57 |     7 |             0
           57 |     8 |             0
           57 |     9 |             0
           57 |    10 |             0
           57 |    11 |             0
           57 |    12 |             0
           57 |    13 |             0
           57 |    14 |             0
           57 |    15 |             0
           57 |    16 |             0
           57 |    17 |             1
           57 |    18 |            12
           57 |    19 |           328
----------------------------------
           58 |     1 |          1553
           58 |     2 |            48
           58 |     3 |             0
           58 |     4 |             1
           58 |     5 |             0
           58 |     6 |             0
           58 |     7 |             0
           58 |     8 |             0
           58 |     9 |             0
           58 |    10 |             0
           58 |    11 |             0
           58 |    12 |             0
           58 |    13 |             0
           58 |    14 |             0
           58 |    15 |             0
           58 |    16 |             0
           58 |    17 |             0
           58 |    18 |            33
           58 |    19 |           511
----------------------------------
           59 |     1 |          1299
           59 |     2 |            29
           59 |     3 |             0
           59 |     4 |             0
           59 |     5 |             0
           59 |     6 |             0
           59 |     7 |             0
           59 |     8 |             0
           59 |     9 |             0
           59 |    10 |             0
           59 |    11 |             0
           59 |    12 |             0
           59 |    13 |             0
           59 |    14 |             0
           59 |    15 |             0
           59 |    16 |             0
           59 |    17 |             2
           59 |    18 |            24
           59 |    19 |           416
----------------------------------
           60 |     1 |          1502
           60 |     2 |            45
           60 |     3 |             0
           60 |     4 |             0
           60 |     5 |             0
           60 |     6 |             0
           60 |     7 |             0
           60 |     8 |             0
           60 |     9 |             0
           60 |    10 |             0
           60 |    11 |             0
           60 |    12 |             0
           60 |    13 |             0
           60 |    14 |             0
           60 |    15 |             1
           60 |    16 |             2
           60 |    17 |             5
           60 |    18 |            28
           60 |    19 |           457
----------------------------------
           61 |     1 |          2056
           61 |     2 |            60
           61 |     3 |             1
           61 |     4 |             0
           61 |     5 |             0
           61 |     6 |             0
           61 |     7 |             0
           61 |     8 |             0
           61 |     9 |             0
           61 |    10 |             0
           61 |    11 |             0
           61 |    12 |             0
           61 |    13 |             0
           61 |    14 |             0
           61 |    15 |             0
           61 |    16 |             0
           61 |    17 |             3
           61 |    18 |            27
           61 |    19 |           659
----------------------------------
           62 |     1 |          2258
           62 |     2 |            90
           62 |     3 |             3
           62 |     4 |             0
           62 |     5 |             0
           62 |     6 |             0
           62 |     7 |             0
           62 |     8 |             0
           62 |     9 |             0
           62 |    10 |             0
           62 |    11 |             0
           62 |    12 |             0
           62 |    13 |             0
           62 |    14 |             0
           62 |    15 |             0
           62 |    16 |             0
           62 |    17 |             4
           62 |    18 |            55
           62 |    19 |           690
----------------------------------
           63 |     1 |          2178
           63 |     2 |            69
           63 |     3 |             6
           63 |     4 |             0
           63 |     5 |             0
           63 |     6 |             0
           63 |     7 |             0
           63 |     8 |             0
           63 |     9 |             0
           63 |    10 |             0
           63 |    11 |             0
           63 |    12 |             0
           63 |    13 |             0
           63 |    14 |             0
           63 |    15 |             0
           63 |    16 |             0
           63 |    17 |             4
           63 |    18 |            34
           63 |    19 |           670
----------------------------------
           64 |     1 |          1949
           64 |     2 |            58
           64 |     3 |             0
           64 |     4 |             1
           64 |     5 |             0
           64 |     6 |             0
           64 |     7 |             0
           64 |     8 |             0
           64 |     9 |             0
           64 |    10 |             0
           64 |    11 |             0
           64 |    12 |             0
           64 |    13 |             0
           64 |    14 |             0
           64 |    15 |             1
           64 |    16 |             1
           64 |    17 |             2
           64 |    18 |            48
           64 |    19 |           564
----------------------------------
           65 |     1 |          1771
           65 |     2 |            64
           65 |     3 |             5
           65 |     4 |             0
           65 |     5 |             0
           65 |     6 |             0
           65 |     7 |             0
           65 |     8 |             0
           65 |     9 |             0
           65 |    10 |             0
           65 |    11 |             0
           65 |    12 |             0
           65 |    13 |             0
           65 |    14 |             0
           65 |    15 |             0
           65 |    16 |             0
           65 |    17 |             1
           65 |    18 |            27
           65 |    19 |           537
----------------------------------
           66 |     1 |          2063
           66 |     2 |           109
           66 |     3 |             4
           66 |     4 |             0
           66 |     5 |             0
           66 |     6 |             0
           66 |     7 |             0
           66 |     8 |             0
           66 |     9 |             0
           66 |    10 |             0
           66 |    11 |             0
           66 |    12 |             0
           66 |    13 |             0
           66 |    14 |             0
           66 |    15 |             0
           66 |    16 |             0
           66 |    17 |             4
           66 |    18 |            26
           66 |    19 |           632
----------------------------------
           67 |     1 |          2062
           67 |     2 |           131
           67 |     3 |            12
           67 |     4 |             0
           67 |     5 |             0
           67 |     6 |             0
           67 |     7 |             0
           67 |     8 |             0
           67 |     9 |             0
           67 |    10 |             0
           67 |    11 |             0
           67 |    12 |             0
           67 |    13 |             0
           67 |    14 |             0
           67 |    15 |             0
           67 |    16 |             0
           67 |    17 |             2
           67 |    18 |            32
           67 |    19 |           575
----------------------------------
           68 |     1 |          2093
           68 |     2 |            77
           68 |     3 |             9
           68 |     4 |             0
           68 |     5 |             2
           68 |     6 |             0
           68 |     7 |             0
           68 |     8 |             0
           68 |     9 |             0
           68 |    10 |             0
           68 |    11 |             0
           68 |    12 |             0
           68 |    13 |             0
           68 |    14 |             0
           68 |    15 |             0
           68 |    16 |             0
           68 |    17 |             1
           68 |    18 |            39
           68 |    19 |           567
----------------------------------
           69 |     1 |          2023
           69 |     2 |            75
           69 |     3 |             1
           69 |     4 |             0
           69 |     5 |             0
           69 |     6 |             0
           69 |     7 |             0
           69 |     8 |             0
           69 |     9 |             0
           69 |    10 |             0
           69 |    11 |             0
           69 |    12 |             0
           69 |    13 |             0
           69 |    14 |             0
           69 |    15 |             0
           69 |    16 |             2
           69 |    17 |             2
           69 |    18 |            32
           69 |    19 |           556
----------------------------------
           70 |     1 |          1975
           70 |     2 |           114
           70 |     3 |             2
           70 |     4 |             0
           70 |     5 |             0
           70 |     6 |             0
           70 |     7 |             0
           70 |     8 |             0
           70 |     9 |             0
           70 |    10 |             0
           70 |    11 |             0
           70 |    12 |             0
           70 |    13 |             0
           70 |    14 |             0
           70 |    15 |             0
           70 |    16 |             0
           70 |    17 |             5
           70 |    18 |            41
           70 |    19 |           523
----------------------------------
           71 |     1 |          1806
           71 |     2 |            77
           71 |     3 |            16
           71 |     4 |             0
           71 |     5 |             0
           71 |     6 |             0
           71 |     7 |             0
           71 |     8 |             0
           71 |     9 |             0
           71 |    10 |             0
           71 |    11 |             0
           71 |    12 |             0
           71 |    13 |             0
           71 |    14 |             1
           71 |    15 |             1
           71 |    16 |             0
           71 |    17 |             4
           71 |    18 |            32
           71 |    19 |           477
----------------------------------
           72 |     1 |          1821
           72 |     2 |           107
           72 |     3 |             0
           72 |     4 |             0
           72 |     5 |             0
           72 |     6 |             0
           72 |     7 |             0
           72 |     8 |             0
           72 |     9 |             0
           72 |    10 |             0
           72 |    11 |             0
           72 |    12 |             0
           72 |    13 |             0
           72 |    14 |             0
           72 |    15 |             0
           72 |    16 |             2
           72 |    17 |             1
           72 |    18 |            30
           72 |    19 |           487
----------------------------------
           73 |     1 |          1673
           73 |     2 |            63
           73 |     3 |             2
           73 |     4 |             0
           73 |     5 |             0
           73 |     6 |             0
           73 |     7 |             0
           73 |     8 |             0
           73 |     9 |             0
           73 |    10 |             0
           73 |    11 |             0
           73 |    12 |             0
           73 |    13 |             0
           73 |    14 |             0
           73 |    15 |             0
           73 |    16 |             4
           73 |    17 |             6
           73 |    18 |            34
           73 |    19 |           408
----------------------------------
           74 |     1 |          2101
           74 |     2 |            79
           74 |     3 |             2
           74 |     4 |             0
           74 |     5 |             0
           74 |     6 |             0
           74 |     7 |             0
           74 |     8 |             0
           74 |     9 |             0
           74 |    10 |             0
           74 |    11 |             0
           74 |    12 |             0
           74 |    13 |             0
           74 |    14 |             0
           74 |    15 |             0
           74 |    16 |             1
           74 |    17 |             6
           74 |    18 |            30
           74 |    19 |           519
----------------------------------
           75 |     1 |          1757
           75 |     2 |           100
           75 |     3 |             7
           75 |     4 |             0
           75 |     5 |             0
           75 |     6 |             0
           75 |     7 |             0
           75 |     8 |             0
           75 |     9 |             0
           75 |    10 |             0
           75 |    11 |             0
           75 |    12 |             0
           75 |    13 |             0
           75 |    14 |             0
           75 |    15 |             0
           75 |    16 |             0
           75 |    17 |            13
           75 |    18 |            18
           75 |    19 |           430
----------------------------------
           76 |     1 |           886
           76 |     2 |            71
           76 |     3 |            15
           76 |     4 |             0
           76 |     5 |             0
           76 |     6 |             0
           76 |     7 |             0
           76 |     8 |             0
           76 |     9 |             0
           76 |    10 |             0
           76 |    11 |             0
           76 |    12 |             0
           76 |    13 |             0
           76 |    14 |             0
           76 |    15 |             0
           76 |    16 |             1
           76 |    17 |             2
           76 |    18 |            12
           76 |    19 |           229
----------------------------------
           77 |     1 |           957
           77 |     2 |            25
           77 |     3 |             3
           77 |     4 |             0
           77 |     5 |             0
           77 |     6 |             0
           77 |     7 |             0
           77 |     8 |             0
           77 |     9 |             0
           77 |    10 |             0
           77 |    11 |             0
           77 |    12 |             0
           77 |    13 |             0
           77 |    14 |             0
           77 |    15 |             0
           77 |    16 |             1
           77 |    17 |             2
           77 |    18 |            13
           77 |    19 |           231
----------------------------------
           78 |     1 |           740
           78 |     2 |            17
           78 |     3 |             0
           78 |     4 |             0
           78 |     5 |             0
           78 |     6 |             0
           78 |     7 |             0
           78 |     8 |             0
           78 |     9 |             0
           78 |    10 |             0
           78 |    11 |             0
           78 |    12 |             0
           78 |    13 |             0
           78 |    14 |             0
           78 |    15 |             0
           78 |    16 |             0
           78 |    17 |             1
           78 |    18 |            14
           78 |    19 |           164
----------------------------------
           79 |     1 |           707
           79 |     2 |            55
           79 |     3 |             1
           79 |     4 |             0
           79 |     5 |             0
           79 |     6 |             0
           79 |     7 |             0
           79 |     8 |             0
           79 |     9 |             0
           79 |    10 |             0
           79 |    11 |             0
           79 |    12 |             0
           79 |    13 |             0
           79 |    14 |             0
           79 |    15 |             0
           79 |    16 |             0
           79 |    17 |             1
           79 |    18 |             5
           79 |    19 |           179
----------------------------------
           80 |     1 |           657
           80 |     2 |            37
           80 |     3 |             9
           80 |     4 |             0
           80 |     5 |             0
           80 |     6 |             0
           80 |     7 |             0
           80 |     8 |             0
           80 |     9 |             0
           80 |    10 |             0
           80 |    11 |             0
           80 |    12 |             0
           80 |    13 |             0
           80 |    14 |             0
           80 |    15 |             0
           80 |    16 |             0
           80 |    17 |             1
           80 |    18 |             9
           80 |    19 |           167
----------------------------------
           81 |     1 |           286
           81 |     2 |            39
           81 |     3 |             5
           81 |     4 |             0
           81 |     5 |             0
           81 |     6 |             0
           81 |     7 |             0
           81 |     8 |             0
           81 |     9 |             0
           81 |    10 |             1
           81 |    11 |             1
           81 |    12 |             0
           81 |    13 |             0
           81 |    14 |             0
           81 |    15 |             0
           81 |    16 |             0
           81 |    17 |             0
           81 |    18 |             3
           81 |    19 |            70
----------------------------------
           82 |     1 |           364
           82 |     2 |            29
           82 |     3 |             3
           82 |     4 |             0
           82 |     5 |             0
           82 |     6 |             0
           82 |     7 |             0
           82 |     8 |             0
           82 |     9 |             0
           82 |    10 |             0
           82 |    11 |             0
           82 |    12 |             0
           82 |    13 |             0
           82 |    14 |             0
           82 |    15 |             0
           82 |    16 |             0
           82 |    17 |             0
           82 |    18 |             4
           82 |    19 |            92
----------------------------------
           83 |     1 |           456
           83 |     2 |            19
           83 |     3 |             0
           83 |     4 |             1
           83 |     5 |             0
           83 |     6 |             0
           83 |     7 |             0
           83 |     8 |             0
           83 |     9 |             0
           83 |    10 |             0
           83 |    11 |             0
           83 |    12 |             0
           83 |    13 |             0
           83 |    14 |             0
           83 |    15 |             0
           83 |    16 |             0
           83 |    17 |             2
           83 |    18 |             7
           83 |    19 |            96
----------------------------------
           84 |     1 |           429
           84 |     2 |            48
           84 |     3 |             6
           84 |     4 |             0
           84 |     5 |             0
           84 |     6 |             0
           84 |     7 |             0
           84 |     8 |             0
           84 |     9 |             0
           84 |    10 |             0
           84 |    11 |             0
           84 |    12 |             0
           84 |    13 |             0
           84 |    14 |             0
           84 |    15 |             0
           84 |    16 |             0
           84 |    17 |             1
           84 |    18 |             2
           84 |    19 |           102
----------------------------------
           85 |     1 |           459
           85 |     2 |            25
           85 |     3 |             0
           85 |     4 |             0
           85 |     5 |             0
           85 |     6 |             0
           85 |     7 |             0
           85 |     8 |             0
           85 |     9 |             0
           85 |    10 |             0
           85 |    11 |             0
           85 |    12 |             0
           85 |    13 |             0
           85 |    14 |             0
           85 |    15 |             0
           85 |    16 |             0
           85 |    17 |             0
           85 |    18 |             5
           85 |    19 |           106
----------------------------------
           86 |     1 |           262
           86 |     2 |            26
           86 |     3 |             0
           86 |     4 |             0
           86 |     5 |             0
           86 |     6 |             0
           86 |     7 |             0
           86 |     8 |             0
           86 |     9 |             0
           86 |    10 |             0
           86 |    11 |             0
           86 |    12 |             0
           86 |    13 |             0
           86 |    14 |             0
           86 |    15 |             0
           86 |    16 |             0
           86 |    17 |             0
           86 |    18 |            11
           86 |    19 |            45
----------------------------------
           87 |     1 |           258
           87 |     2 |            20
           87 |     3 |             7
           87 |     4 |             4
           87 |     5 |             0
           87 |     6 |             0
           87 |     7 |             0
           87 |     8 |             0
           87 |     9 |             0
           87 |    10 |             0
           87 |    11 |             0
           87 |    12 |             0
           87 |    13 |             0
           87 |    14 |             0
           87 |    15 |             0
           87 |    16 |             0
           87 |    17 |             0
           87 |    18 |             6
           87 |    19 |            53
----------------------------------
           88 |     1 |           435
           88 |     2 |            78
           88 |     3 |             2
           88 |     4 |             0
           88 |     5 |             0
           88 |     6 |             0
           88 |     7 |             0
           88 |     8 |             0
           88 |     9 |             0
           88 |    10 |             0
           88 |    11 |             0
           88 |    12 |             0
           88 |    13 |             0
           88 |    14 |             0
           88 |    15 |             0
           88 |    16 |             2
           88 |    17 |             2
           88 |    18 |            13
           88 |    19 |            84
----------------------------------
           89 |     1 |           278
           89 |     2 |            16
           89 |     3 |            10
           89 |     4 |             2
           89 |     5 |             0
           89 |     6 |             0
           89 |     7 |             0
           89 |     8 |             0
           89 |     9 |             0
           89 |    10 |             0
           89 |    11 |             0
           89 |    12 |             0
           89 |    13 |             0
           89 |    14 |             0
           89 |    15 |             0
           89 |    16 |             0
           89 |    17 |             1
           89 |    18 |             4
           89 |    19 |            45
----------------------------------
           90 |     1 |            55
           90 |     2 |            14
           90 |     3 |             3
           90 |     4 |             0
           90 |     5 |             0
           90 |     6 |             0
           90 |     7 |             0
           90 |     8 |             0
           90 |     9 |             0
           90 |    10 |             0
           90 |    11 |             0
           90 |    12 |             0
           90 |    13 |             0
           90 |    14 |             0
           90 |    15 |             0
           90 |    16 |             0
           90 |    17 |             0
           90 |    18 |             0
           90 |    19 |            18
----------------------------------
           91 |     1 |            71
           91 |     2 |             3
           91 |     3 |             0
           91 |     4 |             0
           91 |     5 |             0
           91 |     6 |             0
           91 |     7 |             0
           91 |     8 |             0
           91 |     9 |             0
           91 |    10 |             0
           91 |    11 |             0
           91 |    12 |             0
           91 |    13 |             0
           91 |    14 |             0
           91 |    15 |             0
           91 |    16 |             0
           91 |    17 |             0
           91 |    18 |             2
           91 |    19 |            15
----------------------------------
           92 |     1 |            52
           92 |     2 |            21
           92 |     3 |             0
           92 |     4 |             0
           92 |     5 |             0
           92 |     6 |             0
           92 |     7 |             0
           92 |     8 |             0
           92 |     9 |             0
           92 |    10 |             0
           92 |    11 |             0
           92 |    12 |             0
           92 |    13 |             0
           92 |    14 |             0
           92 |    15 |             0
           92 |    16 |             0
           92 |    17 |             0
           92 |    18 |             2
           92 |    19 |            17
----------------------------------
           93 |     1 |            70
           93 |     2 |             7
           93 |     3 |             5
           93 |     4 |             0
           93 |     5 |             0
           93 |     6 |             0
           93 |     7 |             0
           93 |     8 |             0
           93 |     9 |             0
           93 |    10 |             0
           93 |    11 |             0
           93 |    12 |             0
           93 |    13 |             0
           93 |    14 |             0
           93 |    15 |             0
           93 |    16 |             0
           93 |    17 |             0
           93 |    18 |             0
           93 |    19 |            11
----------------------------------
----------------------------------
           95 |     1 |            66
           95 |     2 |            11
           95 |     3 |             0
           95 |     4 |             0
           95 |     5 |             0
           95 |     6 |             0
           95 |     7 |             0
           95 |     8 |             0
           95 |     9 |             0
           95 |    10 |             0
           95 |    11 |             0
           95 |    12 |             0
           95 |    13 |             0
           95 |    14 |             0
           95 |    15 |             0
           95 |    16 |             0
           95 |    17 |             0
           95 |    18 |             3
           95 |    19 |            15
----------------------------------
           96 |     1 |            45
           96 |     2 |            36
           96 |     3 |             1
           96 |     4 |             0
           96 |     5 |             0
           96 |     6 |             0
           96 |     7 |             0
           96 |     8 |             0
           96 |     9 |             0
           96 |    10 |             0
           96 |    11 |             0
           96 |    12 |             0
           96 |    13 |             0
           96 |    14 |             0
           96 |    15 |             0
           96 |    16 |             0
           96 |    17 |             0
           96 |    18 |             3
           96 |    19 |            11
----------------------------------
           97 |     1 |            81
           97 |     2 |             0
           97 |     3 |             0
           97 |     4 |             0
           97 |     5 |             0
           97 |     6 |             0
           97 |     7 |             0
           97 |     8 |             0
           97 |     9 |             0
           97 |    10 |             0
           97 |    11 |             0
           97 |    12 |             0
           97 |    13 |             0
           97 |    14 |             0
           97 |    15 |             0
           97 |    16 |             0
           97 |    17 |             0
           97 |    18 |             1
           97 |    19 |            15
----------------------------------
----------------------------------
----------------------------------
----------------------------------
----------------------------------
----------------------------------
----------------------------------
----------------------------------
----------------------------------
----------------------------------
----------------------------------
----------------------------------
----------------------------------
----------------------------------
----------------------------------
----------------------------------
----------------------------------
----------------------------------
----------------------------------
----------------------------------
----------------------------------
----------------------------------
----------------------------------
----------------------------------
----------------------------------
----------------------------------
----------------------------------
----------------------------------
----------------------------------
----------------------------------
----------------------------------
----------------------------------
----------------------------------
----------------------------------
----------------------------------
----------------------------------
----------------------------------
----------------------------------
----------------------------------
----------------------------------
----------------------------------
----------------------------------
----------------------------------
----------------------------------
----------------------------------
----------------------------------
----------------------------------
----------------------------------
----------------------------------
----------------------------------
----------------------------------
----------------------------------
----------------------------------
----------------------------------
----------------------------------
----------------------------------
----------------------------------
----------------------------------
----------------------------------
----------------------------------
----------------------------------
----------------------------------
----------------------------------
----------------------------------
----------------------------------
----------------------------------
----------------------------------
----------------------------------
----------------------------------
----------------------------------
----------------------------------
----------------------------------
----------------------------------
----------------------------------
----------------------------------
----------------------------------
----------------------------------
----------------------------------
----------------------------------
----------------------------------
----------------------------------
----------------------------------
----------------------------------
----------------------------------
----------------------------------
----------------------------------
----------------------------------
----------------------------------
----------------------------------
----------------------------------
----------------------------------
----------------------------------
----------------------------------
----------------------------------
