MinCut number | Number of graphs
           19 |               0
           20 |               0
           21 |               0
           22 |               0
           23 |               0
           24 |               0
           25 |               0
           26 |               0
           27 |               0
           28 |               0
           29 |               0
           30 |               0
           31 |               0
           32 |               0
           33 |               0
           34 |               0
           35 |               1
           36 |               0
           37 |               0
           38 |               0
           39 |               0
           40 |               0
           41 |               1
           42 |               1
           43 |               0
           44 |               0
           45 |               5
           46 |               3
           47 |               8
           48 |               7
           49 |               5
           50 |              14
           51 |              15
           52 |               8
           53 |              17
           54 |              11
           55 |              13
           56 |              23
           57 |              22
           58 |              26
           59 |              20
           60 |              21
           61 |              28
           62 |              26
           63 |              32
           64 |              30
           65 |              34
           66 |              32
           67 |              38
           68 |              34
           69 |              22
           70 |              24
           71 |              34
           72 |              27
           73 |              32
           74 |              31
           75 |              17
           76 |              33
           77 |              23
           78 |              28
           79 |              16
           80 |              17
           81 |              27
           82 |              28
           83 |              15
           84 |              19
           85 |               9
           86 |               9
           87 |              11
           88 |               9
           89 |              11
           90 |              10
           91 |               4
           92 |              11
           93 |              11
           94 |               8
           95 |               5
           96 |               8
           97 |               2
           98 |               3
           99 |               1
          100 |               4
          101 |               4
          102 |               3
          103 |               2
          104 |               2
          105 |               1
          106 |               0
          107 |               0
          108 |               0
          109 |               1
          110 |               0
          111 |               0
          112 |               0
          113 |               0
          114 |               0
          115 |               2
          116 |               0
          117 |               0
          118 |               1
          119 |               0
          120 |               0
          121 |               0
          122 |               0
          123 |               0
          124 |               0
          125 |               0
          126 |               0
          127 |               0
          128 |               0
          129 |               0
          130 |               0
          131 |               0
          132 |               0
          133 |               0
          134 |               0
          135 |               0
          136 |               0
          137 |               0
          138 |               0
          139 |               0
          140 |               0
          141 |               0
          142 |               0
          143 |               0
          144 |               0
          145 |               0
          146 |               0
          147 |               0
          148 |               0
          149 |               0
          150 |               0
          151 |               0
          152 |               0
          153 |               0
          154 |               0
          155 |               0
          156 |               0
          157 |               0
          158 |               0
          159 |               0
          160 |               0
          161 |               0
          162 |               0
          163 |               0
          164 |               0
          165 |               0
          166 |               0
          167 |               0
          168 |               0
          169 |               0
          170 |               0
          171 |               0
          172 |               0
          173 |               0
          174 |               0
          175 |               0
          176 |               0
          177 |               0
          178 |               0
          179 |               0
          180 |               0
          181 |               0
          182 |               0
          183 |               0
          184 |               0
          185 |               0
          186 |               0
          187 |               0
          188 |               0
          189 |               0
          190 |               0
