MinCut number | SSize | Number of cuts
----------------------------------
----------------------------------
----------------------------------
----------------------------------
----------------------------------
----------------------------------
----------------------------------
----------------------------------
----------------------------------
----------------------------------
----------------------------------
----------------------------------
----------------------------------
----------------------------------
----------------------------------
           34 |     1 |            13
           34 |     2 |             3
           34 |     3 |             0
           34 |     4 |             0
           34 |     5 |             0
           34 |     6 |             0
           34 |     7 |             0
           34 |     8 |             0
           34 |     9 |             0
           34 |    10 |             0
           34 |    11 |             0
           34 |    12 |             0
           34 |    13 |             0
           34 |    14 |             0
           34 |    15 |             0
           34 |    16 |             0
           34 |    17 |             0
           34 |    18 |             6
           34 |    19 |            12
----------------------------------
----------------------------------
           36 |     1 |            19
           36 |     2 |             1
           36 |     3 |             0
           36 |     4 |             0
           36 |     5 |             0
           36 |     6 |             0
           36 |     7 |             0
           36 |     8 |             0
           36 |     9 |             0
           36 |    10 |             0
           36 |    11 |             0
           36 |    12 |             0
           36 |    13 |             0
           36 |    14 |             0
           36 |    15 |             0
           36 |    16 |             0
           36 |    17 |             0
           36 |    18 |             2
           36 |    19 |            14
----------------------------------
----------------------------------
----------------------------------
           39 |     1 |            27
           39 |     2 |             1
           39 |     3 |             0
           39 |     4 |             0
           39 |     5 |             0
           39 |     6 |             0
           39 |     7 |             0
           39 |     8 |             0
           39 |     9 |             0
           39 |    10 |             0
           39 |    11 |             0
           39 |    12 |             0
           39 |    13 |             0
           39 |    14 |             0
           39 |    15 |             0
           39 |    16 |             1
           39 |    17 |             0
           39 |    18 |             3
           39 |    19 |             7
----------------------------------
           40 |     1 |            18
           40 |     2 |             7
           40 |     3 |             0
           40 |     4 |             0
           40 |     5 |             0
           40 |     6 |             0
           40 |     7 |             0
           40 |     8 |             0
           40 |     9 |             0
           40 |    10 |             0
           40 |    11 |             0
           40 |    12 |             0
           40 |    13 |             0
           40 |    14 |             0
           40 |    15 |             0
           40 |    16 |             0
           40 |    17 |             0
           40 |    18 |             2
           40 |    19 |            13
----------------------------------
           41 |     1 |            44
           41 |     2 |             7
           41 |     3 |             0
           41 |     4 |             0
           41 |     5 |             0
           41 |     6 |             0
           41 |     7 |             0
           41 |     8 |             0
           41 |     9 |             0
           41 |    10 |             0
           41 |    11 |             0
           41 |    12 |             0
           41 |    13 |             0
           41 |    14 |             1
           41 |    15 |             0
           41 |    16 |             0
           41 |    17 |             2
           41 |    18 |             7
           41 |    19 |            21
----------------------------------
----------------------------------
           43 |     1 |           162
           43 |     2 |             6
           43 |     3 |             0
           43 |     4 |             0
           43 |     5 |             0
           43 |     6 |             0
           43 |     7 |             0
           43 |     8 |             0
           43 |     9 |             0
           43 |    10 |             0
           43 |    11 |             0
           43 |    12 |             0
           43 |    13 |             0
           43 |    14 |             0
           43 |    15 |             0
           43 |    16 |             0
           43 |    17 |             2
           43 |    18 |             9
           43 |    19 |            79
----------------------------------
           44 |     1 |            54
           44 |     2 |             2
           44 |     3 |             0
           44 |     4 |             3
           44 |     5 |             0
           44 |     6 |             0
           44 |     7 |             0
           44 |     8 |             0
           44 |     9 |             0
           44 |    10 |             0
           44 |    11 |             0
           44 |    12 |             0
           44 |    13 |             0
           44 |    14 |             0
           44 |    15 |             0
           44 |    16 |             0
           44 |    17 |             0
           44 |    18 |             3
           44 |    19 |            26
----------------------------------
           45 |     1 |            84
           45 |     2 |            10
           45 |     3 |             1
           45 |     4 |             0
           45 |     5 |             0
           45 |     6 |             0
           45 |     7 |             0
           45 |     8 |             0
           45 |     9 |             0
           45 |    10 |             0
           45 |    11 |             0
           45 |    12 |             0
           45 |    13 |             0
           45 |    14 |             0
           45 |    15 |             0
           45 |    16 |             0
           45 |    17 |             0
           45 |    18 |             6
           45 |    19 |            34
----------------------------------
           46 |     1 |           113
           46 |     2 |             9
           46 |     3 |             2
           46 |     4 |             0
           46 |     5 |             0
           46 |     6 |             0
           46 |     7 |             0
           46 |     8 |             0
           46 |     9 |             0
           46 |    10 |             0
           46 |    11 |             0
           46 |    12 |             0
           46 |    13 |             0
           46 |    14 |             0
           46 |    15 |             0
           46 |    16 |             0
           46 |    17 |             0
           46 |    18 |             5
           46 |    19 |            55
----------------------------------
           47 |     1 |            96
           47 |     2 |             1
           47 |     3 |             1
           47 |     4 |             0
           47 |     5 |             0
           47 |     6 |             0
           47 |     7 |             0
           47 |     8 |             0
           47 |     9 |             0
           47 |    10 |             0
           47 |    11 |             0
           47 |    12 |             0
           47 |    13 |             0
           47 |    14 |             0
           47 |    15 |             0
           47 |    16 |             1
           47 |    17 |             1
           47 |    18 |             8
           47 |    19 |            33
----------------------------------
           48 |     1 |           283
           48 |     2 |            13
           48 |     3 |             5
           48 |     4 |             0
           48 |     5 |             0
           48 |     6 |             0
           48 |     7 |             0
           48 |     8 |             0
           48 |     9 |             0
           48 |    10 |             0
           48 |    11 |             0
           48 |    12 |             0
           48 |    13 |             0
           48 |    14 |             0
           48 |    15 |             0
           48 |    16 |             0
           48 |    17 |             2
           48 |    18 |            18
           48 |    19 |           111
----------------------------------
           49 |     1 |           392
           49 |     2 |            46
           49 |     3 |             1
           49 |     4 |             0
           49 |     5 |             0
           49 |     6 |             0
           49 |     7 |             0
           49 |     8 |             0
           49 |     9 |             0
           49 |    10 |             0
           49 |    11 |             0
           49 |    12 |             0
           49 |    13 |             0
           49 |    14 |             0
           49 |    15 |             0
           49 |    16 |             1
           49 |    17 |             2
           49 |    18 |            29
           49 |    19 |           166
----------------------------------
           50 |     1 |           226
           50 |     2 |            15
           50 |     3 |             1
           50 |     4 |             0
           50 |     5 |             0
           50 |     6 |             0
           50 |     7 |             0
           50 |     8 |             0
           50 |     9 |             0
           50 |    10 |             0
           50 |    11 |             0
           50 |    12 |             0
           50 |    13 |             0
           50 |    14 |             0
           50 |    15 |             0
           50 |    16 |             0
           50 |    17 |             4
           50 |    18 |            21
           50 |    19 |            83
----------------------------------
           51 |     1 |           207
           51 |     2 |            38
           51 |     3 |             1
           51 |     4 |             0
           51 |     5 |             0
           51 |     6 |             0
           51 |     7 |             0
           51 |     8 |             0
           51 |     9 |             0
           51 |    10 |             0
           51 |    11 |             0
           51 |    12 |             0
           51 |    13 |             0
           51 |    14 |             0
           51 |    15 |             1
           51 |    16 |             0
           51 |    17 |             2
           51 |    18 |            16
           51 |    19 |            92
----------------------------------
           52 |     1 |           172
           52 |     2 |            14
           52 |     3 |             1
           52 |     4 |             0
           52 |     5 |             0
           52 |     6 |             0
           52 |     7 |             0
           52 |     8 |             0
           52 |     9 |             0
           52 |    10 |             0
           52 |    11 |             0
           52 |    12 |             0
           52 |    13 |             0
           52 |    14 |             1
           52 |    15 |             0
           52 |    16 |             0
           52 |    17 |             3
           52 |    18 |            14
           52 |    19 |            55
----------------------------------
           53 |     1 |           320
           53 |     2 |            20
           53 |     3 |             4
           53 |     4 |             0
           53 |     5 |             0
           53 |     6 |             0
           53 |     7 |             0
           53 |     8 |             0
           53 |     9 |             0
           53 |    10 |             0
           53 |    11 |             0
           53 |    12 |             0
           53 |    13 |             0
           53 |    14 |             0
           53 |    15 |             0
           53 |    16 |             1
           53 |    17 |             2
           53 |    18 |            15
           53 |    19 |           115
----------------------------------
           54 |     1 |           647
           54 |     2 |            47
           54 |     3 |            16
           54 |     4 |             0
           54 |     5 |             0
           54 |     6 |             0
           54 |     7 |             0
           54 |     8 |             0
           54 |     9 |             0
           54 |    10 |             0
           54 |    11 |             0
           54 |    12 |             0
           54 |    13 |             0
           54 |    14 |             0
           54 |    15 |             0
           54 |    16 |             3
           54 |    17 |             5
           54 |    18 |            30
           54 |    19 |           224
----------------------------------
           55 |     1 |           384
           55 |     2 |            53
           55 |     3 |             6
           55 |     4 |             0
           55 |     5 |             0
           55 |     6 |             0
           55 |     7 |             0
           55 |     8 |             0
           55 |     9 |             0
           55 |    10 |             0
           55 |    11 |             0
           55 |    12 |             0
           55 |    13 |             0
           55 |    14 |             0
           55 |    15 |             0
           55 |    16 |             0
           55 |    17 |             7
           55 |    18 |            25
           55 |    19 |           130
----------------------------------
           56 |     1 |           887
           56 |     2 |            63
           56 |     3 |            20
           56 |     4 |             1
           56 |     5 |             7
           56 |     6 |             0
           56 |     7 |             0
           56 |     8 |             0
           56 |     9 |             0
           56 |    10 |             0
           56 |    11 |             0
           56 |    12 |             0
           56 |    13 |             0
           56 |    14 |             0
           56 |    15 |             9
           56 |    16 |             2
           56 |    17 |            19
           56 |    18 |            54
           56 |    19 |           282
----------------------------------
           57 |     1 |           869
           57 |     2 |            70
           57 |     3 |             5
           57 |     4 |             0
           57 |     5 |             0
           57 |     6 |             0
           57 |     7 |             1
           57 |     8 |             1
           57 |     9 |             1
           57 |    10 |             0
           57 |    11 |             0
           57 |    12 |             0
           57 |    13 |             0
           57 |    14 |             0
           57 |    15 |             0
           57 |    16 |             0
           57 |    17 |             6
           57 |    18 |            33
           57 |    19 |           325
----------------------------------
           58 |     1 |          1153
           58 |     2 |           110
           58 |     3 |            11
           58 |     4 |             5
           58 |     5 |             1
           58 |     6 |             0
           58 |     7 |             0
           58 |     8 |             0
           58 |     9 |             0
           58 |    10 |             0
           58 |    11 |             2
           58 |    12 |             0
           58 |    13 |             0
           58 |    14 |             2
           58 |    15 |             1
           58 |    16 |             3
           58 |    17 |            13
           58 |    18 |            66
           58 |    19 |           373
----------------------------------
           59 |     1 |           997
           59 |     2 |            68
           59 |     3 |             4
           59 |     4 |             4
           59 |     5 |             0
           59 |     6 |             0
           59 |     7 |             0
           59 |     8 |             0
           59 |     9 |             0
           59 |    10 |             0
           59 |    11 |             0
           59 |    12 |             1
           59 |    13 |             0
           59 |    14 |             0
           59 |    15 |             0
           59 |    16 |             0
           59 |    17 |             8
           59 |    18 |            47
           59 |    19 |           287
----------------------------------
           60 |     1 |          1297
           60 |     2 |           137
           60 |     3 |             7
           60 |     4 |             3
           60 |     5 |             3
           60 |     6 |             0
           60 |     7 |             0
           60 |     8 |             0
           60 |     9 |             1
           60 |    10 |             0
           60 |    11 |             0
           60 |    12 |             0
           60 |    13 |             0
           60 |    14 |             1
           60 |    15 |             0
           60 |    16 |             4
           60 |    17 |            12
           60 |    18 |            61
           60 |    19 |           394
----------------------------------
           61 |     1 |          1034
           61 |     2 |           109
           61 |     3 |            10
           61 |     4 |             7
           61 |     5 |             0
           61 |     6 |             0
           61 |     7 |             0
           61 |     8 |             0
           61 |     9 |             0
           61 |    10 |             0
           61 |    11 |             0
           61 |    12 |             0
           61 |    13 |             0
           61 |    14 |             0
           61 |    15 |             0
           61 |    16 |             3
           61 |    17 |             9
           61 |    18 |            62
           61 |    19 |           291
----------------------------------
           62 |     1 |          1130
           62 |     2 |           106
           62 |     3 |             7
           62 |     4 |             0
           62 |     5 |             1
           62 |     6 |             0
           62 |     7 |             0
           62 |     8 |             1
           62 |     9 |             0
           62 |    10 |             0
           62 |    11 |             0
           62 |    12 |             0
           62 |    13 |             0
           62 |    14 |             0
           62 |    15 |             0
           62 |    16 |             0
           62 |    17 |            10
           62 |    18 |            57
           62 |    19 |           362
----------------------------------
           63 |     1 |          1490
           63 |     2 |           143
           63 |     3 |            19
           63 |     4 |             3
           63 |     5 |             0
           63 |     6 |             0
           63 |     7 |             1
           63 |     8 |             0
           63 |     9 |             0
           63 |    10 |             0
           63 |    11 |             0
           63 |    12 |             0
           63 |    13 |             0
           63 |    14 |             0
           63 |    15 |             3
           63 |    16 |             3
           63 |    17 |            16
           63 |    18 |            91
           63 |    19 |           436
----------------------------------
           64 |     1 |          1097
           64 |     2 |           148
           64 |     3 |            16
           64 |     4 |             0
           64 |     5 |             3
           64 |     6 |             0
           64 |     7 |             0
           64 |     8 |             1
           64 |     9 |             0
           64 |    10 |             0
           64 |    11 |             0
           64 |    12 |             0
           64 |    13 |             0
           64 |    14 |             1
           64 |    15 |             0
           64 |    16 |             3
           64 |    17 |            19
           64 |    18 |            55
           64 |    19 |           321
----------------------------------
           65 |     1 |          1691
           65 |     2 |           186
           65 |     3 |            39
           65 |     4 |            16
           65 |     5 |             2
           65 |     6 |             1
           65 |     7 |             1
           65 |     8 |             0
           65 |     9 |             0
           65 |    10 |             0
           65 |    11 |             1
           65 |    12 |             0
           65 |    13 |             0
           65 |    14 |             0
           65 |    15 |             3
           65 |    16 |            11
           65 |    17 |            26
           65 |    18 |            77
           65 |    19 |           481
----------------------------------
           66 |     1 |          1939
           66 |     2 |           207
           66 |     3 |            32
           66 |     4 |             7
           66 |     5 |             2
           66 |     6 |             0
           66 |     7 |             1
           66 |     8 |             0
           66 |     9 |             0
           66 |    10 |             0
           66 |    11 |             0
           66 |    12 |             0
           66 |    13 |             0
           66 |    14 |             0
           66 |    15 |             1
           66 |    16 |             4
           66 |    17 |            27
           66 |    18 |            96
           66 |    19 |           522
----------------------------------
           67 |     1 |          1472
           67 |     2 |           236
           67 |     3 |            41
           67 |     4 |             7
           67 |     5 |             0
           67 |     6 |             0
           67 |     7 |             1
           67 |     8 |             0
           67 |     9 |             0
           67 |    10 |             0
           67 |    11 |             0
           67 |    12 |             2
           67 |    13 |             0
           67 |    14 |             1
           67 |    15 |             3
           67 |    16 |             8
           67 |    17 |            17
           67 |    18 |            90
           67 |    19 |           400
----------------------------------
           68 |     1 |          1651
           68 |     2 |           262
           68 |     3 |            14
           68 |     4 |             6
           68 |     5 |             0
           68 |     6 |             0
           68 |     7 |             0
           68 |     8 |             0
           68 |     9 |             0
           68 |    10 |             0
           68 |    11 |             0
           68 |    12 |             0
           68 |    13 |             0
           68 |    14 |             2
           68 |    15 |             5
           68 |    16 |             8
           68 |    17 |            25
           68 |    18 |            94
           68 |    19 |           449
----------------------------------
           69 |     1 |          1851
           69 |     2 |           200
           69 |     3 |            15
           69 |     4 |             8
           69 |     5 |             0
           69 |     6 |             0
           69 |     7 |             0
           69 |     8 |             0
           69 |     9 |             0
           69 |    10 |             0
           69 |    11 |             0
           69 |    12 |             0
           69 |    13 |             0
           69 |    14 |             1
           69 |    15 |             3
           69 |    16 |             3
           69 |    17 |            26
           69 |    18 |            75
           69 |    19 |           509
----------------------------------
           70 |     1 |          1201
           70 |     2 |           195
           70 |     3 |            54
           70 |     4 |            12
           70 |     5 |             0
           70 |     6 |             0
           70 |     7 |             0
           70 |     8 |             0
           70 |     9 |             0
           70 |    10 |             0
           70 |    11 |             0
           70 |    12 |             0
           70 |    13 |             0
           70 |    14 |             0
           70 |    15 |             3
           70 |    16 |             7
           70 |    17 |            20
           70 |    18 |            66
           70 |    19 |           332
----------------------------------
           71 |     1 |          1940
           71 |     2 |           263
           71 |     3 |            25
           71 |     4 |            22
           71 |     5 |             0
           71 |     6 |             1
           71 |     7 |             1
           71 |     8 |             0
           71 |     9 |             1
           71 |    10 |             0
           71 |    11 |             0
           71 |    12 |             0
           71 |    13 |             0
           71 |    14 |             1
           71 |    15 |             3
           71 |    16 |             7
           71 |    17 |            21
           71 |    18 |            96
           71 |    19 |           530
----------------------------------
           72 |     1 |          1356
           72 |     2 |           208
           72 |     3 |            67
           72 |     4 |            17
           72 |     5 |             3
           72 |     6 |             0
           72 |     7 |             0
           72 |     8 |             1
           72 |     9 |             0
           72 |    10 |             0
           72 |    11 |             1
           72 |    12 |             0
           72 |    13 |             1
           72 |    14 |             1
           72 |    15 |             1
           72 |    16 |            10
           72 |    17 |            14
           72 |    18 |            68
           72 |    19 |           340
----------------------------------
           73 |     1 |          1547
           73 |     2 |           198
           73 |     3 |            32
           73 |     4 |             7
           73 |     5 |             6
           73 |     6 |             6
           73 |     7 |             0
           73 |     8 |             2
           73 |     9 |             3
           73 |    10 |             0
           73 |    11 |             0
           73 |    12 |             0
           73 |    13 |             0
           73 |    14 |             1
           73 |    15 |             2
           73 |    16 |             6
           73 |    17 |            25
           73 |    18 |            88
           73 |    19 |           340
----------------------------------
           74 |     1 |          1588
           74 |     2 |           270
           74 |     3 |            26
           74 |     4 |            14
           74 |     5 |             1
           74 |     6 |             0
           74 |     7 |             0
           74 |     8 |             0
           74 |     9 |             0
           74 |    10 |             0
           74 |    11 |             0
           74 |    12 |             0
           74 |    13 |             1
           74 |    14 |             2
           74 |    15 |             0
           74 |    16 |             5
           74 |    17 |            20
           74 |    18 |            53
           74 |    19 |           388
----------------------------------
           75 |     1 |          1845
           75 |     2 |           321
           75 |     3 |            24
           75 |     4 |            15
           75 |     5 |             4
           75 |     6 |             0
           75 |     7 |             0
           75 |     8 |             1
           75 |     9 |             0
           75 |    10 |             0
           75 |    11 |             0
           75 |    12 |             0
           75 |    13 |             0
           75 |    14 |             0
           75 |    15 |             1
           75 |    16 |             2
           75 |    17 |            16
           75 |    18 |            67
           75 |    19 |           479
----------------------------------
           76 |     1 |          1255
           76 |     2 |           201
           76 |     3 |            27
           76 |     4 |            18
           76 |     5 |             1
           76 |     6 |             0
           76 |     7 |             0
           76 |     8 |             0
           76 |     9 |             0
           76 |    10 |             0
           76 |    11 |             0
           76 |    12 |             0
           76 |    13 |             1
           76 |    14 |             0
           76 |    15 |             1
           76 |    16 |             1
           76 |    17 |             8
           76 |    18 |            64
           76 |    19 |           323
----------------------------------
           77 |     1 |          1479
           77 |     2 |           274
           77 |     3 |            45
           77 |     4 |            20
           77 |     5 |            18
           77 |     6 |             0
           77 |     7 |             0
           77 |     8 |             0
           77 |     9 |             2
           77 |    10 |             0
           77 |    11 |             1
           77 |    12 |             0
           77 |    13 |             0
           77 |    14 |             0
           77 |    15 |             0
           77 |    16 |             6
           77 |    17 |            26
           77 |    18 |            66
           77 |    19 |           373
----------------------------------
           78 |     1 |          1118
           78 |     2 |           157
           78 |     3 |            42
           78 |     4 |             1
           78 |     5 |             3
           78 |     6 |             3
           78 |     7 |             0
           78 |     8 |             0
           78 |     9 |             0
           78 |    10 |             0
           78 |    11 |             0
           78 |    12 |             0
           78 |    13 |             1
           78 |    14 |             1
           78 |    15 |             1
           78 |    16 |             6
           78 |    17 |            20
           78 |    18 |            63
           78 |    19 |           222
----------------------------------
           79 |     1 |          1563
           79 |     2 |           299
           79 |     3 |            41
           79 |     4 |            13
           79 |     5 |             8
           79 |     6 |             1
           79 |     7 |             0
           79 |     8 |             0
           79 |     9 |             1
           79 |    10 |             1
           79 |    11 |             2
           79 |    12 |             0
           79 |    13 |             0
           79 |    14 |             1
           79 |    15 |             2
           79 |    16 |             6
           79 |    17 |            24
           79 |    18 |            65
           79 |    19 |           343
----------------------------------
           80 |     1 |           758
           80 |     2 |           177
           80 |     3 |            18
           80 |     4 |             9
           80 |     5 |             4
           80 |     6 |             0
           80 |     7 |             0
           80 |     8 |             0
           80 |     9 |             0
           80 |    10 |             0
           80 |    11 |             0
           80 |    12 |             0
           80 |    13 |             0
           80 |    14 |             0
           80 |    15 |             0
           80 |    16 |             5
           80 |    17 |            19
           80 |    18 |            39
           80 |    19 |           171
----------------------------------
           81 |     1 |          1087
           81 |     2 |           194
           81 |     3 |            16
           81 |     4 |             2
           81 |     5 |             0
           81 |     6 |             3
           81 |     7 |             1
           81 |     8 |             0
           81 |     9 |             0
           81 |    10 |             0
           81 |    11 |             1
           81 |    12 |             0
           81 |    13 |             0
           81 |    14 |             0
           81 |    15 |             1
           81 |    16 |             1
           81 |    17 |            13
           81 |    18 |            37
           81 |    19 |           264
----------------------------------
           82 |     1 |           793
           82 |     2 |           128
           82 |     3 |            13
           82 |     4 |            10
           82 |     5 |             0
           82 |     6 |             1
           82 |     7 |             0
           82 |     8 |             0
           82 |     9 |             0
           82 |    10 |             0
           82 |    11 |             0
           82 |    12 |             0
           82 |    13 |             1
           82 |    14 |             0
           82 |    15 |             0
           82 |    16 |             2
           82 |    17 |             7
           82 |    18 |            35
           82 |    19 |           158
----------------------------------
           83 |     1 |           597
           83 |     2 |           148
           83 |     3 |            56
           83 |     4 |             4
           83 |     5 |             2
           83 |     6 |             4
           83 |     7 |             0
           83 |     8 |             0
           83 |     9 |             0
           83 |    10 |             0
           83 |    11 |             0
           83 |    12 |             0
           83 |    13 |             0
           83 |    14 |             0
           83 |    15 |             1
           83 |    16 |             1
           83 |    17 |             9
           83 |    18 |            22
           83 |    19 |           152
----------------------------------
           84 |     1 |           491
           84 |     2 |           146
           84 |     3 |            38
           84 |     4 |             4
           84 |     5 |             0
           84 |     6 |             0
           84 |     7 |             0
           84 |     8 |             0
           84 |     9 |             0
           84 |    10 |             0
           84 |    11 |             0
           84 |    12 |             1
           84 |    13 |             0
           84 |    14 |             0
           84 |    15 |             0
           84 |    16 |             1
           84 |    17 |             4
           84 |    18 |            21
           84 |    19 |           134
----------------------------------
           85 |     1 |           427
           85 |     2 |            44
           85 |     3 |             8
           85 |     4 |             1
           85 |     5 |             0
           85 |     6 |             0
           85 |     7 |             0
           85 |     8 |             0
           85 |     9 |             0
           85 |    10 |             0
           85 |    11 |             0
           85 |    12 |             0
           85 |    13 |             0
           85 |    14 |             0
           85 |    15 |             0
           85 |    16 |             1
           85 |    17 |             4
           85 |    18 |            19
           85 |    19 |            91
----------------------------------
           86 |     1 |           559
           86 |     2 |           126
           86 |     3 |            25
           86 |     4 |             2
           86 |     5 |             0
           86 |     6 |             0
           86 |     7 |             0
           86 |     8 |             0
           86 |     9 |             0
           86 |    10 |             0
           86 |    11 |             1
           86 |    12 |             0
           86 |    13 |             0
           86 |    14 |             0
           86 |    15 |             0
           86 |    16 |             0
           86 |    17 |             4
           86 |    18 |            24
           86 |    19 |           119
----------------------------------
           87 |     1 |           571
           87 |     2 |           105
           87 |     3 |            20
           87 |     4 |            17
           87 |     5 |             0
           87 |     6 |             3
           87 |     7 |             3
           87 |     8 |             0
           87 |     9 |             0
           87 |    10 |             0
           87 |    11 |             0
           87 |    12 |             0
           87 |    13 |             1
           87 |    14 |             0
           87 |    15 |             0
           87 |    16 |             0
           87 |    17 |             2
           87 |    18 |            15
           87 |    19 |           133
----------------------------------
           88 |     1 |           519
           88 |     2 |           145
           88 |     3 |            40
           88 |     4 |            20
           88 |     5 |             0
           88 |     6 |             0
           88 |     7 |             0
           88 |     8 |             0
           88 |     9 |             0
           88 |    10 |             0
           88 |    11 |             1
           88 |    12 |             3
           88 |    13 |             2
           88 |    14 |             0
           88 |    15 |             0
           88 |    16 |             0
           88 |    17 |             0
           88 |    18 |            20
           88 |    19 |           130
----------------------------------
           89 |     1 |           282
           89 |     2 |            59
           89 |     3 |            15
           89 |     4 |             8
           89 |     5 |             5
           89 |     6 |             0
           89 |     7 |             0
           89 |     8 |             0
           89 |     9 |             0
           89 |    10 |             0
           89 |    11 |             0
           89 |    12 |             0
           89 |    13 |             0
           89 |    14 |             0
           89 |    15 |             0
           89 |    16 |             0
           89 |    17 |             0
           89 |    18 |             8
           89 |    19 |            68
----------------------------------
           90 |     1 |           438
           90 |     2 |           112
           90 |     3 |            27
           90 |     4 |             3
           90 |     5 |             0
           90 |     6 |             3
           90 |     7 |             0
           90 |     8 |             5
           90 |     9 |             0
           90 |    10 |             0
           90 |    11 |             1
           90 |    12 |             0
           90 |    13 |             1
           90 |    14 |             3
           90 |    15 |             1
           90 |    16 |             4
           90 |    17 |            17
           90 |    18 |            23
           90 |    19 |            82
----------------------------------
           91 |     1 |           283
           91 |     2 |            80
           91 |     3 |            10
           91 |     4 |             0
           91 |     5 |             0
           91 |     6 |             0
           91 |     7 |             0
           91 |     8 |             0
           91 |     9 |             0
           91 |    10 |             0
           91 |    11 |             0
           91 |    12 |             0
           91 |    13 |             0
           91 |    14 |             0
           91 |    15 |             0
           91 |    16 |             2
           91 |    17 |             3
           91 |    18 |            13
           91 |    19 |            64
----------------------------------
           92 |     1 |           294
           92 |     2 |            73
           92 |     3 |             2
           92 |     4 |             2
           92 |     5 |             0
           92 |     6 |             0
           92 |     7 |             0
           92 |     8 |             0
           92 |     9 |             0
           92 |    10 |             0
           92 |    11 |             1
           92 |    12 |             0
           92 |    13 |             1
           92 |    14 |             1
           92 |    15 |             0
           92 |    16 |             6
           92 |    17 |             4
           92 |    18 |            12
           92 |    19 |            64
----------------------------------
           93 |     1 |           220
           93 |     2 |            70
           93 |     3 |            26
           93 |     4 |             1
           93 |     5 |             0
           93 |     6 |             0
           93 |     7 |             0
           93 |     8 |             0
           93 |     9 |             0
           93 |    10 |             0
           93 |    11 |             0
           93 |    12 |             0
           93 |    13 |             0
           93 |    14 |             0
           93 |    15 |             0
           93 |    16 |             2
           93 |    17 |             2
           93 |    18 |             8
           93 |    19 |            43
----------------------------------
           94 |     1 |           110
           94 |     2 |            15
           94 |     3 |            16
           94 |     4 |             7
           94 |     5 |             9
           94 |     6 |             0
           94 |     7 |             1
           94 |     8 |             0
           94 |     9 |             0
           94 |    10 |             0
           94 |    11 |             0
           94 |    12 |             0
           94 |    13 |             0
           94 |    14 |             0
           94 |    15 |             0
           94 |    16 |             0
           94 |    17 |             0
           94 |    18 |             7
           94 |    19 |            23
----------------------------------
           95 |     1 |           275
           95 |     2 |            89
           95 |     3 |            20
           95 |     4 |             0
           95 |     5 |             7
           95 |     6 |             2
           95 |     7 |             1
           95 |     8 |             1
           95 |     9 |             0
           95 |    10 |             0
           95 |    11 |             1
           95 |    12 |             0
           95 |    13 |             1
           95 |    14 |             2
           95 |    15 |             1
           95 |    16 |             0
           95 |    17 |             3
           95 |    18 |             7
           95 |    19 |            65
----------------------------------
           96 |     1 |            98
           96 |     2 |            47
           96 |     3 |             5
           96 |     4 |             1
           96 |     5 |             5
           96 |     6 |             0
           96 |     7 |             1
           96 |     8 |             2
           96 |     9 |             1
           96 |    10 |             2
           96 |    11 |             0
           96 |    12 |             1
           96 |    13 |             0
           96 |    14 |             0
           96 |    15 |             1
           96 |    16 |             2
           96 |    17 |             2
           96 |    18 |             6
           96 |    19 |            18
----------------------------------
           97 |     1 |           160
           97 |     2 |            50
           97 |     3 |            18
           97 |     4 |            12
           97 |     5 |             0
           97 |     6 |             0
           97 |     7 |             0
           97 |     8 |             0
           97 |     9 |             0
           97 |    10 |             0
           97 |    11 |             0
           97 |    12 |             0
           97 |    13 |             0
           97 |    14 |             0
           97 |    15 |             0
           97 |    16 |             0
           97 |    17 |             2
           97 |    18 |            11
           97 |    19 |            38
----------------------------------
----------------------------------
           99 |     1 |           108
           99 |     2 |            56
           99 |     3 |             8
           99 |     4 |             0
           99 |     5 |             0
           99 |     6 |             0
           99 |     7 |             0
           99 |     8 |             0
           99 |     9 |             0
           99 |    10 |             0
           99 |    11 |             0
           99 |    12 |             0
           99 |    13 |             0
           99 |    14 |             0
           99 |    15 |             0
           99 |    16 |             0
           99 |    17 |             1
           99 |    18 |             1
           99 |    19 |            24
----------------------------------
          100 |     1 |            58
          100 |     2 |            11
          100 |     3 |             7
          100 |     4 |             7
          100 |     5 |             1
          100 |     6 |             0
          100 |     7 |             0
          100 |     8 |             0
          100 |     9 |             1
          100 |    10 |             0
          100 |    11 |             0
          100 |    12 |             0
          100 |    13 |             0
          100 |    14 |             0
          100 |    15 |             0
          100 |    16 |             0
          100 |    17 |             0
          100 |    18 |             0
          100 |    19 |            15
----------------------------------
          101 |     1 |           113
          101 |     2 |            41
          101 |     3 |            10
          101 |     4 |            10
          101 |     5 |             0
          101 |     6 |             0
          101 |     7 |             0
          101 |     8 |             0
          101 |     9 |             0
          101 |    10 |             0
          101 |    11 |             0
          101 |    12 |             0
          101 |    13 |             0
          101 |    14 |             0
          101 |    15 |             0
          101 |    16 |             0
          101 |    17 |             0
          101 |    18 |             3
          101 |    19 |            25
----------------------------------
----------------------------------
          103 |     1 |            45
          103 |     2 |            24
          103 |     3 |             2
          103 |     4 |             6
          103 |     5 |             8
          103 |     6 |             0
          103 |     7 |             0
          103 |     8 |             0
          103 |     9 |             0
          103 |    10 |             0
          103 |    11 |             0
          103 |    12 |             0
          103 |    13 |             0
          103 |    14 |             0
          103 |    15 |             0
          103 |    16 |             0
          103 |    17 |             0
          103 |    18 |             1
          103 |    19 |            17
----------------------------------
          104 |     1 |            64
          104 |     2 |            21
          104 |     3 |             1
          104 |     4 |             0
          104 |     5 |             0
          104 |     6 |             0
          104 |     7 |             0
          104 |     8 |             0
          104 |     9 |             0
          104 |    10 |             0
          104 |    11 |             0
          104 |    12 |             0
          104 |    13 |             0
          104 |    14 |             0
          104 |    15 |             0
          104 |    16 |             0
          104 |    17 |             2
          104 |    18 |             3
          104 |    19 |            13
----------------------------------
----------------------------------
          106 |     1 |            67
          106 |     2 |            10
          106 |     3 |             7
          106 |     4 |             1
          106 |     5 |             0
          106 |     6 |             0
          106 |     7 |             1
          106 |     8 |             0
          106 |     9 |             0
          106 |    10 |             1
          106 |    11 |             0
          106 |    12 |             0
          106 |    13 |             0
          106 |    14 |             0
          106 |    15 |             0
          106 |    16 |             0
          106 |    17 |             1
          106 |    18 |             8
          106 |    19 |            10
----------------------------------
----------------------------------
----------------------------------
          109 |     1 |            63
          109 |     2 |            17
          109 |     3 |            13
          109 |     4 |             0
          109 |     5 |             2
          109 |     6 |             2
          109 |     7 |             0
          109 |     8 |             0
          109 |     9 |             0
          109 |    10 |             0
          109 |    11 |             0
          109 |    12 |             0
          109 |    13 |             0
          109 |    14 |             0
          109 |    15 |             0
          109 |    16 |             0
          109 |    17 |             2
          109 |    18 |             1
          109 |    19 |             9
----------------------------------
----------------------------------
----------------------------------
----------------------------------
----------------------------------
----------------------------------
----------------------------------
----------------------------------
----------------------------------
----------------------------------
----------------------------------
----------------------------------
----------------------------------
----------------------------------
----------------------------------
----------------------------------
----------------------------------
----------------------------------
----------------------------------
----------------------------------
----------------------------------
----------------------------------
----------------------------------
----------------------------------
----------------------------------
----------------------------------
----------------------------------
----------------------------------
----------------------------------
----------------------------------
----------------------------------
----------------------------------
----------------------------------
----------------------------------
----------------------------------
----------------------------------
----------------------------------
----------------------------------
----------------------------------
----------------------------------
----------------------------------
----------------------------------
----------------------------------
----------------------------------
----------------------------------
----------------------------------
----------------------------------
----------------------------------
----------------------------------
----------------------------------
----------------------------------
----------------------------------
----------------------------------
----------------------------------
----------------------------------
----------------------------------
----------------------------------
----------------------------------
----------------------------------
----------------------------------
----------------------------------
----------------------------------
----------------------------------
----------------------------------
----------------------------------
----------------------------------
----------------------------------
----------------------------------
----------------------------------
----------------------------------
----------------------------------
----------------------------------
----------------------------------
----------------------------------
----------------------------------
----------------------------------
----------------------------------
----------------------------------
----------------------------------
----------------------------------
----------------------------------
----------------------------------
