MinCut number | SSize | Number of cuts
----------------------------------
----------------------------------
----------------------------------
----------------------------------
----------------------------------
----------------------------------
----------------------------------
----------------------------------
----------------------------------
----------------------------------
----------------------------------
----------------------------------
----------------------------------
----------------------------------
----------------------------------
----------------------------------
----------------------------------
           36 |     1 |            19
           36 |     2 |             3
           36 |     3 |             0
           36 |     4 |             0
           36 |     5 |             0
           36 |     6 |             0
           36 |     7 |             0
           36 |     8 |             0
           36 |     9 |             0
           36 |    10 |             0
           36 |    11 |             0
           36 |    12 |             0
           36 |    13 |             0
           36 |    14 |             0
           36 |    15 |             0
           36 |    16 |             0
           36 |    17 |             0
           36 |    18 |             0
           36 |    19 |            14
----------------------------------
----------------------------------
----------------------------------
----------------------------------
           40 |     1 |            18
           40 |     2 |             6
           40 |     3 |             0
           40 |     4 |             0
           40 |     5 |             0
           40 |     6 |             0
           40 |     7 |             0
           40 |     8 |             0
           40 |     9 |             0
           40 |    10 |             0
           40 |    11 |             0
           40 |    12 |             0
           40 |    13 |             0
           40 |    14 |             0
           40 |    15 |             0
           40 |    16 |             0
           40 |    17 |             0
           40 |    18 |             0
           40 |    19 |            16
----------------------------------
           41 |     1 |            18
           41 |     2 |             6
           41 |     3 |             0
           41 |     4 |             0
           41 |     5 |             0
           41 |     6 |             0
           41 |     7 |             0
           41 |     8 |             0
           41 |     9 |             0
           41 |    10 |             0
           41 |    11 |             0
           41 |    12 |             0
           41 |    13 |             0
           41 |    14 |             0
           41 |    15 |             0
           41 |    16 |             0
           41 |    17 |             0
           41 |    18 |             4
           41 |    19 |            13
----------------------------------
           42 |     1 |            53
           42 |     2 |             1
           42 |     3 |             0
           42 |     4 |             0
           42 |     5 |             0
           42 |     6 |             0
           42 |     7 |             0
           42 |     8 |             0
           42 |     9 |             0
           42 |    10 |             0
           42 |    11 |             0
           42 |    12 |             0
           42 |    13 |             0
           42 |    14 |             0
           42 |    15 |             0
           42 |    16 |             0
           42 |    17 |             0
           42 |    18 |             3
           42 |    19 |            27
----------------------------------
           43 |     1 |            29
           43 |     2 |             0
           43 |     3 |             0
           43 |     4 |             0
           43 |     5 |             0
           43 |     6 |             0
           43 |     7 |             0
           43 |     8 |             0
           43 |     9 |             0
           43 |    10 |             0
           43 |    11 |             0
           43 |    12 |             0
           43 |    13 |             0
           43 |    14 |             0
           43 |    15 |             0
           43 |    16 |             0
           43 |    17 |             0
           43 |    18 |             0
           43 |    19 |            14
----------------------------------
           44 |     1 |            85
           44 |     2 |             3
           44 |     3 |             0
           44 |     4 |             0
           44 |     5 |             0
           44 |     6 |             0
           44 |     7 |             0
           44 |     8 |             0
           44 |     9 |             0
           44 |    10 |             0
           44 |    11 |             0
           44 |    12 |             0
           44 |    13 |             0
           44 |    14 |             0
           44 |    15 |             0
           44 |    16 |             0
           44 |    17 |             0
           44 |    18 |             4
           44 |    19 |            40
----------------------------------
           45 |     1 |            62
           45 |     2 |             0
           45 |     3 |             0
           45 |     4 |             0
           45 |     5 |             0
           45 |     6 |             0
           45 |     7 |             0
           45 |     8 |             0
           45 |     9 |             0
           45 |    10 |             0
           45 |    11 |             0
           45 |    12 |             0
           45 |    13 |             0
           45 |    14 |             0
           45 |    15 |             0
           45 |    16 |             0
           45 |    17 |             0
           45 |    18 |             1
           45 |    19 |            27
----------------------------------
           46 |     1 |           112
           46 |     2 |            13
           46 |     3 |             0
           46 |     4 |             0
           46 |     5 |             0
           46 |     6 |             0
           46 |     7 |             0
           46 |     8 |             0
           46 |     9 |             0
           46 |    10 |             0
           46 |    11 |             0
           46 |    12 |             0
           46 |    13 |             0
           46 |    14 |             0
           46 |    15 |             0
           46 |    16 |             0
           46 |    17 |             2
           46 |    18 |             7
           46 |    19 |            50
----------------------------------
           47 |     1 |            97
           47 |     2 |             1
           47 |     3 |             0
           47 |     4 |             0
           47 |     5 |             0
           47 |     6 |             0
           47 |     7 |             0
           47 |     8 |             0
           47 |     9 |             0
           47 |    10 |             0
           47 |    11 |             0
           47 |    12 |             0
           47 |    13 |             0
           47 |    14 |             0
           47 |    15 |             0
           47 |    16 |             0
           47 |    17 |             0
           47 |    18 |             1
           47 |    19 |            42
----------------------------------
           48 |     1 |           132
           48 |     2 |             2
           48 |     3 |             0
           48 |     4 |             0
           48 |     5 |             0
           48 |     6 |             0
           48 |     7 |             0
           48 |     8 |             0
           48 |     9 |             0
           48 |    10 |             0
           48 |    11 |             0
           48 |    12 |             0
           48 |    13 |             0
           48 |    14 |             0
           48 |    15 |             0
           48 |    16 |             0
           48 |    17 |             0
           48 |    18 |             5
           48 |    19 |            53
----------------------------------
           49 |     1 |           329
           49 |     2 |            11
           49 |     3 |             2
           49 |     4 |             0
           49 |     5 |             0
           49 |     6 |             0
           49 |     7 |             0
           49 |     8 |             0
           49 |     9 |             0
           49 |    10 |             0
           49 |    11 |             0
           49 |    12 |             0
           49 |    13 |             0
           49 |    14 |             0
           49 |    15 |             0
           49 |    16 |             0
           49 |    17 |             0
           49 |    18 |             9
           49 |    19 |           139
----------------------------------
           50 |     1 |           630
           50 |     2 |            21
           50 |     3 |             5
           50 |     4 |             0
           50 |     5 |             0
           50 |     6 |             0
           50 |     7 |             0
           50 |     8 |             0
           50 |     9 |             0
           50 |    10 |             0
           50 |    11 |             0
           50 |    12 |             0
           50 |    13 |             0
           50 |    14 |             0
           50 |    15 |             0
           50 |    16 |             0
           50 |    17 |             1
           50 |    18 |            21
           50 |    19 |           272
----------------------------------
           51 |     1 |           527
           51 |     2 |            36
           51 |     3 |             5
           51 |     4 |             0
           51 |     5 |             0
           51 |     6 |             0
           51 |     7 |             0
           51 |     8 |             0
           51 |     9 |             0
           51 |    10 |             0
           51 |    11 |             0
           51 |    12 |             0
           51 |    13 |             0
           51 |    14 |             0
           51 |    15 |             0
           51 |    16 |             0
           51 |    17 |             0
           51 |    18 |            12
           51 |    19 |           236
----------------------------------
           52 |     1 |           316
           52 |     2 |            20
           52 |     3 |             0
           52 |     4 |             0
           52 |     5 |             0
           52 |     6 |             0
           52 |     7 |             0
           52 |     8 |             0
           52 |     9 |             0
           52 |    10 |             0
           52 |    11 |             0
           52 |    12 |             0
           52 |    13 |             0
           52 |    14 |             0
           52 |    15 |             0
           52 |    16 |             0
           52 |    17 |             0
           52 |    18 |             8
           52 |    19 |           124
----------------------------------
           53 |     1 |           483
           53 |     2 |             4
           53 |     3 |             3
           53 |     4 |             0
           53 |     5 |             0
           53 |     6 |             0
           53 |     7 |             0
           53 |     8 |             0
           53 |     9 |             0
           53 |    10 |             0
           53 |    11 |             0
           53 |    12 |             0
           53 |    13 |             0
           53 |    14 |             0
           53 |    15 |             0
           53 |    16 |             0
           53 |    17 |             5
           53 |    18 |             9
           53 |    19 |           185
----------------------------------
           54 |     1 |           501
           54 |     2 |            10
           54 |     3 |             0
           54 |     4 |             0
           54 |     5 |             0
           54 |     6 |             0
           54 |     7 |             0
           54 |     8 |             0
           54 |     9 |             0
           54 |    10 |             0
           54 |    11 |             0
           54 |    12 |             0
           54 |    13 |             0
           54 |    14 |             0
           54 |    15 |             0
           54 |    16 |             0
           54 |    17 |             0
           54 |    18 |            13
           54 |    19 |           178
----------------------------------
           55 |     1 |           853
           55 |     2 |            15
           55 |     3 |            11
           55 |     4 |             0
           55 |     5 |             0
           55 |     6 |             0
           55 |     7 |             0
           55 |     8 |             0
           55 |     9 |             0
           55 |    10 |             0
           55 |    11 |             0
           55 |    12 |             0
           55 |    13 |             0
           55 |    14 |             0
           55 |    15 |             0
           55 |    16 |             0
           55 |    17 |             0
           55 |    18 |            24
           55 |    19 |           307
----------------------------------
           56 |     1 |           704
           56 |     2 |            33
           56 |     3 |             0
           56 |     4 |             0
           56 |     5 |             0
           56 |     6 |             0
           56 |     7 |             0
           56 |     8 |             0
           56 |     9 |             0
           56 |    10 |             0
           56 |    11 |             0
           56 |    12 |             0
           56 |    13 |             0
           56 |    14 |             0
           56 |    15 |             0
           56 |    16 |             0
           56 |    17 |             1
           56 |    18 |            17
           56 |    19 |           253
----------------------------------
           57 |     1 |           835
           57 |     2 |            40
           57 |     3 |             3
           57 |     4 |             3
           57 |     5 |             0
           57 |     6 |             0
           57 |     7 |             0
           57 |     8 |             0
           57 |     9 |             0
           57 |    10 |             0
           57 |    11 |             0
           57 |    12 |             0
           57 |    13 |             0
           57 |    14 |             0
           57 |    15 |             0
           57 |    16 |             0
           57 |    17 |             2
           57 |    18 |            21
           57 |    19 |           293
----------------------------------
           58 |     1 |           871
           58 |     2 |            25
           58 |     3 |             0
           58 |     4 |             0
           58 |     5 |             9
           58 |     6 |             0
           58 |     7 |             0
           58 |     8 |             0
           58 |     9 |             0
           58 |    10 |             0
           58 |    11 |             0
           58 |    12 |             0
           58 |    13 |             0
           58 |    14 |             0
           58 |    15 |             0
           58 |    16 |             0
           58 |    17 |             1
           58 |    18 |            14
           58 |    19 |           298
----------------------------------
           59 |     1 |           866
           59 |     2 |            57
           59 |     3 |             0
           59 |     4 |             0
           59 |     5 |             0
           59 |     6 |             0
           59 |     7 |             0
           59 |     8 |             0
           59 |     9 |             0
           59 |    10 |             0
           59 |    11 |             0
           59 |    12 |             0
           59 |    13 |             0
           59 |    14 |             0
           59 |    15 |             0
           59 |    16 |             0
           59 |    17 |             0
           59 |    18 |            17
           59 |    19 |           299
----------------------------------
           60 |     1 |          1344
           60 |     2 |            91
           60 |     3 |             3
           60 |     4 |             0
           60 |     5 |             0
           60 |     6 |             0
           60 |     7 |             0
           60 |     8 |             0
           60 |     9 |             0
           60 |    10 |             0
           60 |    11 |             0
           60 |    12 |             0
           60 |    13 |             0
           60 |    14 |             0
           60 |    15 |             0
           60 |    16 |             1
           60 |    17 |             7
           60 |    18 |            50
           60 |    19 |           424
----------------------------------
           61 |     1 |          1248
           61 |     2 |            74
           61 |     3 |             6
           61 |     4 |             0
           61 |     5 |             0
           61 |     6 |             0
           61 |     7 |             0
           61 |     8 |             0
           61 |     9 |             0
           61 |    10 |             0
           61 |    11 |             0
           61 |    12 |             0
           61 |    13 |             0
           61 |    14 |             0
           61 |    15 |             1
           61 |    16 |             2
           61 |    17 |             3
           61 |    18 |            33
           61 |    19 |           402
----------------------------------
           62 |     1 |          1564
           62 |     2 |            66
           62 |     3 |             5
           62 |     4 |             0
           62 |     5 |             0
           62 |     6 |             0
           62 |     7 |             0
           62 |     8 |             0
           62 |     9 |             0
           62 |    10 |             0
           62 |    11 |             0
           62 |    12 |             0
           62 |    13 |             0
           62 |    14 |             0
           62 |    15 |             1
           62 |    16 |             2
           62 |    17 |             8
           62 |    18 |            32
           62 |    19 |           492
----------------------------------
           63 |     1 |          1702
           63 |     2 |            73
           63 |     3 |             1
           63 |     4 |             0
           63 |     5 |             0
           63 |     6 |             0
           63 |     7 |             0
           63 |     8 |             0
           63 |     9 |             0
           63 |    10 |             0
           63 |    11 |             0
           63 |    12 |             0
           63 |    13 |             0
           63 |    14 |             0
           63 |    15 |             0
           63 |    16 |             0
           63 |    17 |             2
           63 |    18 |            31
           63 |    19 |           522
----------------------------------
           64 |     1 |          2026
           64 |     2 |           124
           64 |     3 |            20
           64 |     4 |             0
           64 |     5 |             1
           64 |     6 |             1
           64 |     7 |             0
           64 |     8 |             0
           64 |     9 |             0
           64 |    10 |             0
           64 |    11 |             0
           64 |    12 |             1
           64 |    13 |             0
           64 |    14 |             0
           64 |    15 |             0
           64 |    16 |             0
           64 |    17 |             7
           64 |    18 |            68
           64 |    19 |           632
----------------------------------
           65 |     1 |          1971
           65 |     2 |           107
           65 |     3 |            14
           65 |     4 |             1
           65 |     5 |             0
           65 |     6 |             0
           65 |     7 |             0
           65 |     8 |             0
           65 |     9 |             0
           65 |    10 |             0
           65 |    11 |             0
           65 |    12 |             1
           65 |    13 |             0
           65 |    14 |             0
           65 |    15 |             0
           65 |    16 |             1
           65 |    17 |             5
           65 |    18 |            45
           65 |    19 |           585
----------------------------------
           66 |     1 |          1819
           66 |     2 |            48
           66 |     3 |            13
           66 |     4 |            11
           66 |     5 |             0
           66 |     6 |             0
           66 |     7 |             0
           66 |     8 |             0
           66 |     9 |             0
           66 |    10 |             0
           66 |    11 |             0
           66 |    12 |             0
           66 |    13 |             0
           66 |    14 |             0
           66 |    15 |             0
           66 |    16 |             1
           66 |    17 |             7
           66 |    18 |            34
           66 |    19 |           509
----------------------------------
           67 |     1 |          2086
           67 |     2 |           160
           67 |     3 |            28
           67 |     4 |             0
           67 |     5 |             0
           67 |     6 |             0
           67 |     7 |             0
           67 |     8 |             0
           67 |     9 |             0
           67 |    10 |             0
           67 |    11 |             0
           67 |    12 |             0
           67 |    13 |             0
           67 |    14 |             0
           67 |    15 |             0
           67 |    16 |             2
           67 |    17 |             4
           67 |    18 |            70
           67 |    19 |           598
----------------------------------
           68 |     1 |          1992
           68 |     2 |           105
           68 |     3 |             9
           68 |     4 |             2
           68 |     5 |             0
           68 |     6 |             0
           68 |     7 |             0
           68 |     8 |             0
           68 |     9 |             0
           68 |    10 |             0
           68 |    11 |             0
           68 |    12 |             0
           68 |    13 |             0
           68 |    14 |             0
           68 |    15 |             0
           68 |    16 |             1
           68 |    17 |             4
           68 |    18 |            26
           68 |    19 |           581
----------------------------------
           69 |     1 |          2333
           69 |     2 |           173
           69 |     3 |            17
           69 |     4 |             5
           69 |     5 |             0
           69 |     6 |             0
           69 |     7 |             0
           69 |     8 |             0
           69 |     9 |             0
           69 |    10 |             0
           69 |    11 |             0
           69 |    12 |             0
           69 |    13 |             0
           69 |    14 |             0
           69 |    15 |             0
           69 |    16 |             0
           69 |    17 |             6
           69 |    18 |            39
           69 |    19 |           670
----------------------------------
           70 |     1 |          1687
           70 |     2 |           106
           70 |     3 |            14
           70 |     4 |             0
           70 |     5 |             0
           70 |     6 |             0
           70 |     7 |             0
           70 |     8 |             0
           70 |     9 |             0
           70 |    10 |             0
           70 |    11 |             0
           70 |    12 |             0
           70 |    13 |             0
           70 |    14 |             0
           70 |    15 |             1
           70 |    16 |             0
           70 |    17 |             5
           70 |    18 |            44
           70 |    19 |           453
----------------------------------
           71 |     1 |          1945
           71 |     2 |           137
           71 |     3 |            23
           71 |     4 |             0
           71 |     5 |             0
           71 |     6 |             0
           71 |     7 |             0
           71 |     8 |             0
           71 |     9 |             0
           71 |    10 |             0
           71 |    11 |             0
           71 |    12 |             0
           71 |    13 |             0
           71 |    14 |             0
           71 |    15 |             0
           71 |    16 |             0
           71 |    17 |             4
           71 |    18 |            38
           71 |    19 |           551
----------------------------------
           72 |     1 |          1825
           72 |     2 |           116
           72 |     3 |            20
           72 |     4 |             2
           72 |     5 |             0
           72 |     6 |             0
           72 |     7 |             0
           72 |     8 |             0
           72 |     9 |             0
           72 |    10 |             0
           72 |    11 |             0
           72 |    12 |             0
           72 |    13 |             0
           72 |    14 |             0
           72 |    15 |             0
           72 |    16 |             0
           72 |    17 |             2
           72 |    18 |            28
           72 |    19 |           455
----------------------------------
           73 |     1 |          1669
           73 |     2 |           125
           73 |     3 |             9
           73 |     4 |             3
           73 |     5 |             0
           73 |     6 |             0
           73 |     7 |             0
           73 |     8 |             0
           73 |     9 |             0
           73 |    10 |             0
           73 |    11 |             0
           73 |    12 |             0
           73 |    13 |             0
           73 |    14 |             0
           73 |    15 |             0
           73 |    16 |             1
           73 |    17 |             9
           73 |    18 |            33
           73 |    19 |           414
----------------------------------
           74 |     1 |          2190
           74 |     2 |           137
           74 |     3 |            18
           74 |     4 |             3
           74 |     5 |             0
           74 |     6 |             0
           74 |     7 |             0
           74 |     8 |             0
           74 |     9 |             0
           74 |    10 |             0
           74 |    11 |             0
           74 |    12 |             0
           74 |    13 |             0
           74 |    14 |             0
           74 |    15 |             1
           74 |    16 |             2
           74 |    17 |             2
           74 |    18 |            57
           74 |    19 |           550
----------------------------------
           75 |     1 |          1426
           75 |     2 |           124
           75 |     3 |            12
           75 |     4 |             0
           75 |     5 |             0
           75 |     6 |             0
           75 |     7 |             0
           75 |     8 |             0
           75 |     9 |             0
           75 |    10 |             0
           75 |    11 |             0
           75 |    12 |             0
           75 |    13 |             0
           75 |    14 |             0
           75 |    15 |             1
           75 |    16 |             3
           75 |    17 |             3
           75 |    18 |            40
           75 |    19 |           341
----------------------------------
           76 |     1 |          1355
           76 |     2 |            97
           76 |     3 |             8
           76 |     4 |             0
           76 |     5 |             0
           76 |     6 |             0
           76 |     7 |             0
           76 |     8 |             0
           76 |     9 |             0
           76 |    10 |             0
           76 |    11 |             0
           76 |    12 |             1
           76 |    13 |             0
           76 |    14 |             0
           76 |    15 |             1
           76 |    16 |             0
           76 |    17 |             4
           76 |    18 |            27
           76 |    19 |           331
----------------------------------
           77 |     1 |          1359
           77 |     2 |           106
           77 |     3 |             1
           77 |     4 |             0
           77 |     5 |             0
           77 |     6 |             0
           77 |     7 |             0
           77 |     8 |             0
           77 |     9 |             0
           77 |    10 |             0
           77 |    11 |             0
           77 |    12 |             0
           77 |    13 |             0
           77 |    14 |             0
           77 |    15 |             0
           77 |    16 |             1
           77 |    17 |             2
           77 |    18 |            26
           77 |    19 |           353
----------------------------------
           78 |     1 |          1239
           78 |     2 |           127
           78 |     3 |            13
           78 |     4 |             4
           78 |     5 |             0
           78 |     6 |             0
           78 |     7 |             0
           78 |     8 |             0
           78 |     9 |             0
           78 |    10 |             0
           78 |    11 |             0
           78 |    12 |             0
           78 |    13 |             0
           78 |    14 |             0
           78 |    15 |             0
           78 |    16 |             1
           78 |    17 |             3
           78 |    18 |            24
           78 |    19 |           305
----------------------------------
           79 |     1 |          1434
           79 |     2 |           122
           79 |     3 |            21
           79 |     4 |             1
           79 |     5 |             1
           79 |     6 |             0
           79 |     7 |             0
           79 |     8 |             0
           79 |     9 |             0
           79 |    10 |             0
           79 |    11 |             0
           79 |    12 |             0
           79 |    13 |             0
           79 |    14 |             0
           79 |    15 |             0
           79 |    16 |             1
           79 |    17 |             4
           79 |    18 |            56
           79 |    19 |           335
----------------------------------
           80 |     1 |          1090
           80 |     2 |           108
           80 |     3 |            16
           80 |     4 |             5
           80 |     5 |             0
           80 |     6 |             0
           80 |     7 |             0
           80 |     8 |             0
           80 |     9 |             0
           80 |    10 |             0
           80 |    11 |             0
           80 |    12 |             0
           80 |    13 |             0
           80 |    14 |             0
           80 |    15 |             1
           80 |    16 |             0
           80 |    17 |             5
           80 |    18 |            30
           80 |    19 |           265
----------------------------------
           81 |     1 |          1025
           81 |     2 |           135
           81 |     3 |            22
           81 |     4 |             0
           81 |     5 |             0
           81 |     6 |             0
           81 |     7 |             0
           81 |     8 |             1
           81 |     9 |             0
           81 |    10 |             0
           81 |    11 |             0
           81 |    12 |             1
           81 |    13 |             2
           81 |    14 |             0
           81 |    15 |             1
           81 |    16 |             0
           81 |    17 |             8
           81 |    18 |            28
           81 |    19 |           235
----------------------------------
           82 |     1 |           973
           82 |     2 |            70
           82 |     3 |            18
           82 |     4 |             1
           82 |     5 |             0
           82 |     6 |             0
           82 |     7 |             0
           82 |     8 |             0
           82 |     9 |             0
           82 |    10 |             0
           82 |    11 |             0
           82 |    12 |             0
           82 |    13 |             0
           82 |    14 |             0
           82 |    15 |             0
           82 |    16 |             0
           82 |    17 |             0
           82 |    18 |            13
           82 |    19 |           237
----------------------------------
           83 |     1 |           468
           83 |     2 |            69
           83 |     3 |             5
           83 |     4 |             0
           83 |     5 |             0
           83 |     6 |             0
           83 |     7 |             0
           83 |     8 |             0
           83 |     9 |             0
           83 |    10 |             0
           83 |    11 |             0
           83 |    12 |             0
           83 |    13 |             0
           83 |    14 |             0
           83 |    15 |             0
           83 |    16 |             0
           83 |    17 |             1
           83 |    18 |            21
           83 |    19 |           100
----------------------------------
           84 |     1 |           488
           84 |     2 |            53
           84 |     3 |             8
           84 |     4 |             0
           84 |     5 |             0
           84 |     6 |             0
           84 |     7 |             0
           84 |     8 |             0
           84 |     9 |             0
           84 |    10 |             0
           84 |    11 |             0
           84 |    12 |             0
           84 |    13 |             0
           84 |    14 |             0
           84 |    15 |             0
           84 |    16 |             0
           84 |    17 |             2
           84 |    18 |             8
           84 |    19 |           113
----------------------------------
           85 |     1 |           752
           85 |     2 |            84
           85 |     3 |             2
           85 |     4 |             0
           85 |     5 |             0
           85 |     6 |             0
           85 |     7 |             0
           85 |     8 |             0
           85 |     9 |             0
           85 |    10 |             0
           85 |    11 |             0
           85 |    12 |             0
           85 |    13 |             0
           85 |    14 |             0
           85 |    15 |             0
           85 |    16 |             0
           85 |    17 |             0
           85 |    18 |            11
           85 |    19 |           171
----------------------------------
           86 |     1 |           470
           86 |     2 |            91
           86 |     3 |             1
           86 |     4 |             3
           86 |     5 |             0
           86 |     6 |             0
           86 |     7 |             0
           86 |     8 |             0
           86 |     9 |             0
           86 |    10 |             0
           86 |    11 |             0
           86 |    12 |             0
           86 |    13 |             0
           86 |    14 |             0
           86 |    15 |             0
           86 |    16 |             1
           86 |    17 |             5
           86 |    18 |            17
           86 |    19 |           100
----------------------------------
           87 |     1 |           194
           87 |     2 |            23
           87 |     3 |             0
           87 |     4 |             1
           87 |     5 |             0
           87 |     6 |             0
           87 |     7 |             0
           87 |     8 |             0
           87 |     9 |             0
           87 |    10 |             0
           87 |    11 |             0
           87 |    12 |             0
           87 |    13 |             0
           87 |    14 |             0
           87 |    15 |             0
           87 |    16 |             0
           87 |    17 |             0
           87 |    18 |             1
           87 |    19 |            42
----------------------------------
           88 |     1 |           238
           88 |     2 |            37
           88 |     3 |            12
           88 |     4 |             1
           88 |     5 |             0
           88 |     6 |             0
           88 |     7 |             0
           88 |     8 |             0
           88 |     9 |             0
           88 |    10 |             0
           88 |    11 |             0
           88 |    12 |             0
           88 |    13 |             0
           88 |    14 |             0
           88 |    15 |             0
           88 |    16 |             0
           88 |    17 |             6
           88 |    18 |             3
           88 |    19 |            55
----------------------------------
           89 |     1 |           258
           89 |     2 |            35
           89 |     3 |             2
           89 |     4 |             0
           89 |     5 |             0
           89 |     6 |             0
           89 |     7 |             0
           89 |     8 |             0
           89 |     9 |             0
           89 |    10 |             0
           89 |    11 |             0
           89 |    12 |             0
           89 |    13 |             0
           89 |    14 |             0
           89 |    15 |             0
           89 |    16 |             0
           89 |    17 |             0
           89 |    18 |             6
           89 |    19 |            55
----------------------------------
           90 |     1 |           231
           90 |     2 |            50
           90 |     3 |            11
           90 |     4 |             0
           90 |     5 |             2
           90 |     6 |             0
           90 |     7 |             0
           90 |     8 |             0
           90 |     9 |             0
           90 |    10 |             0
           90 |    11 |             0
           90 |    12 |             0
           90 |    13 |             0
           90 |    14 |             0
           90 |    15 |             0
           90 |    16 |             0
           90 |    17 |             1
           90 |    18 |             5
           90 |    19 |            60
----------------------------------
           91 |     1 |           127
           91 |     2 |            26
           91 |     3 |             0
           91 |     4 |             0
           91 |     5 |             0
           91 |     6 |             0
           91 |     7 |             0
           91 |     8 |             0
           91 |     9 |             0
           91 |    10 |             0
           91 |    11 |             0
           91 |    12 |             0
           91 |    13 |             0
           91 |    14 |             0
           91 |    15 |             0
           91 |    16 |             0
           91 |    17 |             0
           91 |    18 |             3
           91 |    19 |            26
----------------------------------
           92 |     1 |           119
           92 |     2 |            28
           92 |     3 |             9
           92 |     4 |             0
           92 |     5 |             0
           92 |     6 |             0
           92 |     7 |             0
           92 |     8 |             0
           92 |     9 |             0
           92 |    10 |             0
           92 |    11 |             0
           92 |    12 |             0
           92 |    13 |             0
           92 |    14 |             0
           92 |    15 |             0
           92 |    16 |             0
           92 |    17 |             0
           92 |    18 |             5
           92 |    19 |            23
----------------------------------
----------------------------------
           94 |     1 |            69
           94 |     2 |             5
           94 |     3 |             0
           94 |     4 |             0
           94 |     5 |             0
           94 |     6 |             0
           94 |     7 |             0
           94 |     8 |             0
           94 |     9 |             0
           94 |    10 |             0
           94 |    11 |             0
           94 |    12 |             0
           94 |    13 |             0
           94 |    14 |             0
           94 |    15 |             0
           94 |    16 |             0
           94 |    17 |             0
           94 |    18 |             1
           94 |    19 |            19
----------------------------------
           95 |     1 |            65
           95 |     2 |            13
           95 |     3 |             4
           95 |     4 |             1
           95 |     5 |             2
           95 |     6 |             0
           95 |     7 |             0
           95 |     8 |             0
           95 |     9 |             0
           95 |    10 |             0
           95 |    11 |             0
           95 |    12 |             0
           95 |    13 |             0
           95 |    14 |             0
           95 |    15 |             0
           95 |    16 |             0
           95 |    17 |             0
           95 |    18 |             0
           95 |    19 |            10
----------------------------------
----------------------------------
----------------------------------
----------------------------------
----------------------------------
----------------------------------
----------------------------------
----------------------------------
----------------------------------
----------------------------------
----------------------------------
----------------------------------
----------------------------------
----------------------------------
----------------------------------
----------------------------------
----------------------------------
----------------------------------
----------------------------------
----------------------------------
----------------------------------
----------------------------------
----------------------------------
----------------------------------
----------------------------------
----------------------------------
----------------------------------
----------------------------------
----------------------------------
----------------------------------
----------------------------------
----------------------------------
----------------------------------
----------------------------------
----------------------------------
----------------------------------
----------------------------------
----------------------------------
----------------------------------
----------------------------------
----------------------------------
----------------------------------
----------------------------------
----------------------------------
----------------------------------
----------------------------------
----------------------------------
----------------------------------
----------------------------------
----------------------------------
----------------------------------
----------------------------------
----------------------------------
----------------------------------
----------------------------------
----------------------------------
----------------------------------
----------------------------------
----------------------------------
----------------------------------
----------------------------------
----------------------------------
----------------------------------
----------------------------------
----------------------------------
----------------------------------
----------------------------------
----------------------------------
----------------------------------
----------------------------------
----------------------------------
----------------------------------
----------------------------------
----------------------------------
----------------------------------
----------------------------------
----------------------------------
----------------------------------
----------------------------------
----------------------------------
----------------------------------
----------------------------------
----------------------------------
----------------------------------
----------------------------------
----------------------------------
----------------------------------
----------------------------------
----------------------------------
----------------------------------
----------------------------------
----------------------------------
----------------------------------
----------------------------------
----------------------------------
----------------------------------
