MinCut number | RSize | Number of cuts
----------------------------------
----------------------------------
----------------------------------
----------------------------------
----------------------------------
----------------------------------
----------------------------------
----------------------------------
----------------------------------
----------------------------------
----------------------------------
----------------------------------
----------------------------------
----------------------------------
----------------------------------
----------------------------------
----------------------------------
----------------------------------
----------------------------------
----------------------------------
           39 |     1 |            12
           39 |     2 |             1
           39 |     3 |             1
           39 |     4 |             1
           39 |     5 |             1
           39 |     6 |             0
           39 |     7 |             1
           39 |     8 |             3
           39 |     9 |             1
           39 |    10 |             0
           39 |    11 |             0
           39 |    12 |             0
           39 |    13 |             1
           39 |    14 |             1
           39 |    15 |             0
           39 |    16 |             0
           39 |    17 |             1
           39 |    18 |             1
           39 |    19 |             0
----------------------------------
----------------------------------
----------------------------------
----------------------------------
           43 |     1 |            11
           43 |     2 |             4
           43 |     3 |             2
           43 |     4 |             2
           43 |     5 |             0
           43 |     6 |             2
           43 |     7 |             1
           43 |     8 |             0
           43 |     9 |             0
           43 |    10 |             0
           43 |    11 |             0
           43 |    12 |             1
           43 |    13 |             1
           43 |    14 |             1
           43 |    15 |             1
           43 |    16 |             2
           43 |    17 |             1
           43 |    18 |             0
           43 |    19 |             0
----------------------------------
----------------------------------
           45 |     1 |            17
           45 |     2 |            11
           45 |     3 |             4
           45 |     4 |             2
           45 |     5 |             1
           45 |     6 |             2
           45 |     7 |             1
           45 |     8 |             2
           45 |     9 |             2
           45 |    10 |             3
           45 |    11 |             2
           45 |    12 |             3
           45 |    13 |             2
           45 |    14 |             0
           45 |    15 |             1
           45 |    16 |             2
           45 |    17 |             3
           45 |    18 |             4
           45 |    19 |             0
----------------------------------
           46 |     1 |            19
           46 |     2 |             9
           46 |     3 |             4
           46 |     4 |             2
           46 |     5 |             2
           46 |     6 |             3
           46 |     7 |             3
           46 |     8 |             1
           46 |     9 |             0
           46 |    10 |             0
           46 |    11 |             0
           46 |    12 |             2
           46 |    13 |             3
           46 |    14 |             2
           46 |    15 |             4
           46 |    16 |             4
           46 |    17 |             2
           46 |    18 |             3
           46 |    19 |             0
----------------------------------
           47 |     1 |            24
           47 |     2 |            12
           47 |     3 |            11
           47 |     4 |             7
           47 |     5 |             5
           47 |     6 |             3
           47 |     7 |             6
           47 |     8 |             9
           47 |     9 |             4
           47 |    10 |             1
           47 |    11 |             5
           47 |    12 |             3
           47 |    13 |             1
           47 |    14 |             2
           47 |    15 |             2
           47 |    16 |             3
           47 |    17 |             3
           47 |    18 |             3
           47 |    19 |             0
----------------------------------
           48 |     1 |             4
           48 |     2 |             5
           48 |     3 |             5
           48 |     4 |             4
           48 |     5 |             3
           48 |     6 |             2
           48 |     7 |             3
           48 |     8 |             1
           48 |     9 |             0
           48 |    10 |             0
           48 |    11 |             1
           48 |    12 |             1
           48 |    13 |             1
           48 |    14 |             1
           48 |    15 |             2
           48 |    16 |             1
           48 |    17 |             2
           48 |    18 |             1
           48 |    19 |             0
----------------------------------
           49 |     1 |            31
           49 |     2 |            23
           49 |     3 |            24
           49 |     4 |            13
           49 |     5 |            13
           49 |     6 |            13
           49 |     7 |             7
           49 |     8 |             5
           49 |     9 |             3
           49 |    10 |             4
           49 |    11 |             8
           49 |    12 |             7
           49 |    13 |             5
           49 |    14 |             8
           49 |    15 |             5
           49 |    16 |             7
           49 |    17 |             7
           49 |    18 |             6
           49 |    19 |             0
----------------------------------
           50 |     1 |            14
           50 |     2 |             6
           50 |     3 |             9
           50 |     4 |             6
           50 |     5 |             3
           50 |     6 |             5
           50 |     7 |             3
           50 |     8 |             5
           50 |     9 |             3
           50 |    10 |             4
           50 |    11 |             3
           50 |    12 |             2
           50 |    13 |             1
           50 |    14 |             2
           50 |    15 |             5
           50 |    16 |             2
           50 |    17 |             1
           50 |    18 |             2
           50 |    19 |             0
----------------------------------
           51 |     1 |            26
           51 |     2 |            16
           51 |     3 |            10
           51 |     4 |             3
           51 |     5 |             5
           51 |     6 |             3
           51 |     7 |             4
           51 |     8 |             4
           51 |     9 |             5
           51 |    10 |             2
           51 |    11 |             2
           51 |    12 |             3
           51 |    13 |             3
           51 |    14 |             5
           51 |    15 |             7
           51 |    16 |             6
           51 |    17 |             3
           51 |    18 |             5
           51 |    19 |             0
----------------------------------
           52 |     1 |            59
           52 |     2 |            39
           52 |     3 |            30
           52 |     4 |            21
           52 |     5 |            14
           52 |     6 |            12
           52 |     7 |            13
           52 |     8 |            10
           52 |     9 |             8
           52 |    10 |            10
           52 |    11 |             6
           52 |    12 |             8
           52 |    13 |            10
           52 |    14 |            15
           52 |    15 |            13
           52 |    16 |            15
           52 |    17 |            16
           52 |    18 |            14
           52 |    19 |             0
----------------------------------
           53 |     1 |           138
           53 |     2 |            76
           53 |     3 |            66
           53 |     4 |            56
           53 |     5 |            43
           53 |     6 |            27
           53 |     7 |            26
           53 |     8 |            22
           53 |     9 |            19
           53 |    10 |            20
           53 |    11 |            32
           53 |    12 |            24
           53 |    13 |            19
           53 |    14 |            22
           53 |    15 |            29
           53 |    16 |            24
           53 |    17 |            34
           53 |    18 |            16
           53 |    19 |             0
----------------------------------
           54 |     1 |           142
           54 |     2 |            96
           54 |     3 |            56
           54 |     4 |            54
           54 |     5 |            51
           54 |     6 |            37
           54 |     7 |            32
           54 |     8 |            29
           54 |     9 |            38
           54 |    10 |            22
           54 |    11 |            20
           54 |    12 |            26
           54 |    13 |            26
           54 |    14 |            28
           54 |    15 |            25
           54 |    16 |            27
           54 |    17 |            27
           54 |    18 |            15
           54 |    19 |             0
----------------------------------
           55 |     1 |           103
           55 |     2 |            71
           55 |     3 |            44
           55 |     4 |            41
           55 |     5 |            31
           55 |     6 |            32
           55 |     7 |            29
           55 |     8 |            31
           55 |     9 |            23
           55 |    10 |            28
           55 |    11 |            23
           55 |    12 |            24
           55 |    13 |            24
           55 |    14 |            23
           55 |    15 |            22
           55 |    16 |            23
           55 |    17 |            21
           55 |    18 |            16
           55 |    19 |             0
----------------------------------
           56 |     1 |           137
           56 |     2 |            92
           56 |     3 |            57
           56 |     4 |            41
           56 |     5 |            33
           56 |     6 |            35
           56 |     7 |            30
           56 |     8 |            32
           56 |     9 |            26
           56 |    10 |            21
           56 |    11 |            23
           56 |    12 |            24
           56 |    13 |            30
           56 |    14 |            19
           56 |    15 |            30
           56 |    16 |            29
           56 |    17 |            26
           56 |    18 |            22
           56 |    19 |             0
----------------------------------
           57 |     1 |           147
           57 |     2 |            95
           57 |     3 |            66
           57 |     4 |            45
           57 |     5 |            40
           57 |     6 |            45
           57 |     7 |            28
           57 |     8 |            30
           57 |     9 |            25
           57 |    10 |            23
           57 |    11 |            32
           57 |    12 |            30
           57 |    13 |            29
           57 |    14 |            29
           57 |    15 |            25
           57 |    16 |            25
           57 |    17 |            26
           57 |    18 |            13
           57 |    19 |             0
----------------------------------
           58 |     1 |           107
           58 |     2 |            75
           58 |     3 |            53
           58 |     4 |            53
           58 |     5 |            46
           58 |     6 |            33
           58 |     7 |            31
           58 |     8 |            28
           58 |     9 |            24
           58 |    10 |            36
           58 |    11 |            26
           58 |    12 |            23
           58 |    13 |            20
           58 |    14 |            21
           58 |    15 |            23
           58 |    16 |            23
           58 |    17 |            23
           58 |    18 |            12
           58 |    19 |             0
----------------------------------
           59 |     1 |           202
           59 |     2 |           149
           59 |     3 |           106
           59 |     4 |            87
           59 |     5 |            70
           59 |     6 |            47
           59 |     7 |            50
           59 |     8 |            44
           59 |     9 |            36
           59 |    10 |            41
           59 |    11 |            48
           59 |    12 |            48
           59 |    13 |            54
           59 |    14 |            51
           59 |    15 |            59
           59 |    16 |            56
           59 |    17 |            45
           59 |    18 |            28
           59 |    19 |             0
----------------------------------
           60 |     1 |           173
           60 |     2 |           130
           60 |     3 |            99
           60 |     4 |            79
           60 |     5 |            63
           60 |     6 |            65
           60 |     7 |            55
           60 |     8 |            65
           60 |     9 |            55
           60 |    10 |            48
           60 |    11 |            40
           60 |    12 |            49
           60 |    13 |            39
           60 |    14 |            43
           60 |    15 |            37
           60 |    16 |            43
           60 |    17 |            38
           60 |    18 |            29
           60 |    19 |             0
----------------------------------
           61 |     1 |           213
           61 |     2 |           151
           61 |     3 |           108
           61 |     4 |            92
           61 |     5 |            71
           61 |     6 |            82
           61 |     7 |            70
           61 |     8 |            61
           61 |     9 |            64
           61 |    10 |            61
           61 |    11 |            52
           61 |    12 |            59
           61 |    13 |            61
           61 |    14 |            62
           61 |    15 |            58
           61 |    16 |            68
           61 |    17 |            59
           61 |    18 |            32
           61 |    19 |             0
----------------------------------
           62 |     1 |           214
           62 |     2 |           165
           62 |     3 |           132
           62 |     4 |           102
           62 |     5 |           105
           62 |     6 |            75
           62 |     7 |            69
           62 |     8 |            66
           62 |     9 |            60
           62 |    10 |            75
           62 |    11 |            74
           62 |    12 |            63
           62 |    13 |            66
           62 |    14 |            71
           62 |    15 |            66
           62 |    16 |            58
           62 |    17 |            56
           62 |    18 |            36
           62 |    19 |             0
----------------------------------
           63 |     1 |           197
           63 |     2 |           136
           63 |     3 |            93
           63 |     4 |            91
           63 |     5 |            82
           63 |     6 |            81
           63 |     7 |            68
           63 |     8 |            52
           63 |     9 |            55
           63 |    10 |            60
           63 |    11 |            47
           63 |    12 |            47
           63 |    13 |            49
           63 |    14 |            65
           63 |    15 |            55
           63 |    16 |            48
           63 |    17 |            40
           63 |    18 |            25
           63 |    19 |             0
----------------------------------
           64 |     1 |           263
           64 |     2 |           198
           64 |     3 |           173
           64 |     4 |           164
           64 |     5 |           141
           64 |     6 |           133
           64 |     7 |           114
           64 |     8 |           110
           64 |     9 |            99
           64 |    10 |            89
           64 |    11 |            92
           64 |    12 |            92
           64 |    13 |            86
           64 |    14 |            63
           64 |    15 |            72
           64 |    16 |            67
           64 |    17 |            64
           64 |    18 |            38
           64 |    19 |             0
----------------------------------
           65 |     1 |           314
           65 |     2 |           236
           65 |     3 |           162
           65 |     4 |           144
           65 |     5 |           146
           65 |     6 |           119
           65 |     7 |           117
           65 |     8 |           112
           65 |     9 |           120
           65 |    10 |           117
           65 |    11 |           109
           65 |    12 |           115
           65 |    13 |           111
           65 |    14 |            98
           65 |    15 |           100
           65 |    16 |            74
           65 |    17 |            62
           65 |    18 |            50
           65 |    19 |             0
----------------------------------
           66 |     1 |           271
           66 |     2 |           200
           66 |     3 |           153
           66 |     4 |           133
           66 |     5 |           129
           66 |     6 |            94
           66 |     7 |           100
           66 |     8 |            77
           66 |     9 |            77
           66 |    10 |            68
           66 |    11 |            83
           66 |    12 |            83
           66 |    13 |            92
           66 |    14 |            76
           66 |    15 |            81
           66 |    16 |            68
           66 |    17 |            50
           66 |    18 |            37
           66 |    19 |             0
----------------------------------
           67 |     1 |           226
           67 |     2 |           172
           67 |     3 |           160
           67 |     4 |           117
           67 |     5 |            88
           67 |     6 |            84
           67 |     7 |            74
           67 |     8 |            77
           67 |     9 |            69
           67 |    10 |            53
           67 |    11 |            78
           67 |    12 |            78
           67 |    13 |            75
           67 |    14 |            73
           67 |    15 |            86
           67 |    16 |            71
           67 |    17 |            67
           67 |    18 |            41
           67 |    19 |             0
----------------------------------
           68 |     1 |           249
           68 |     2 |           215
           68 |     3 |           155
           68 |     4 |           144
           68 |     5 |           125
           68 |     6 |           111
           68 |     7 |           114
           68 |     8 |           104
           68 |     9 |            96
           68 |    10 |            93
           68 |    11 |           104
           68 |    12 |            97
           68 |    13 |            85
           68 |    14 |            83
           68 |    15 |            68
           68 |    16 |            69
           68 |    17 |            55
           68 |    18 |            44
           68 |    19 |             0
----------------------------------
           69 |     1 |           287
           69 |     2 |           215
           69 |     3 |           178
           69 |     4 |           152
           69 |     5 |           113
           69 |     6 |            92
           69 |     7 |            95
           69 |     8 |            92
           69 |     9 |            97
           69 |    10 |           113
           69 |    11 |            97
           69 |    12 |            89
           69 |    13 |            95
           69 |    14 |           100
           69 |    15 |            92
           69 |    16 |            86
           69 |    17 |            79
           69 |    18 |            61
           69 |    19 |             0
----------------------------------
           70 |     1 |           257
           70 |     2 |           188
           70 |     3 |           184
           70 |     4 |           141
           70 |     5 |           130
           70 |     6 |           116
           70 |     7 |           102
           70 |     8 |           120
           70 |     9 |            98
           70 |    10 |            94
           70 |    11 |            90
           70 |    12 |            81
           70 |    13 |            83
           70 |    14 |            77
           70 |    15 |            83
           70 |    16 |            90
           70 |    17 |            76
           70 |    18 |            42
           70 |    19 |             0
----------------------------------
           71 |     1 |           253
           71 |     2 |           195
           71 |     3 |           161
           71 |     4 |           131
           71 |     5 |           119
           71 |     6 |           111
           71 |     7 |           109
           71 |     8 |           103
           71 |     9 |           101
           71 |    10 |           100
           71 |    11 |            95
           71 |    12 |            85
           71 |    13 |           108
           71 |    14 |            93
           71 |    15 |           100
           71 |    16 |            85
           71 |    17 |            70
           71 |    18 |            43
           71 |    19 |             0
----------------------------------
           72 |     1 |           222
           72 |     2 |           181
           72 |     3 |           172
           72 |     4 |           171
           72 |     5 |           144
           72 |     6 |           122
           72 |     7 |           109
           72 |     8 |           110
           72 |     9 |            99
           72 |    10 |            96
           72 |    11 |           101
           72 |    12 |            78
           72 |    13 |            84
           72 |    14 |            78
           72 |    15 |            89
           72 |    16 |            76
           72 |    17 |            47
           72 |    18 |            33
           72 |    19 |             0
----------------------------------
           73 |     1 |           259
           73 |     2 |           178
           73 |     3 |           163
           73 |     4 |           144
           73 |     5 |           136
           73 |     6 |           132
           73 |     7 |           116
           73 |     8 |           111
           73 |     9 |           107
           73 |    10 |           114
           73 |    11 |           114
           73 |    12 |            97
           73 |    13 |           101
           73 |    14 |           104
           73 |    15 |            93
           73 |    16 |            76
           73 |    17 |            57
           73 |    18 |            40
           73 |    19 |             0
----------------------------------
           74 |     1 |           187
           74 |     2 |           152
           74 |     3 |           143
           74 |     4 |           121
           74 |     5 |           114
           74 |     6 |            98
           74 |     7 |            86
           74 |     8 |            77
           74 |     9 |            74
           74 |    10 |            92
           74 |    11 |            82
           74 |    12 |            75
           74 |    13 |            77
           74 |    14 |            71
           74 |    15 |            83
           74 |    16 |            66
           74 |    17 |            55
           74 |    18 |            20
           74 |    19 |             0
----------------------------------
           75 |     1 |           164
           75 |     2 |           134
           75 |     3 |           127
           75 |     4 |           115
           75 |     5 |           108
           75 |     6 |            94
           75 |     7 |            69
           75 |     8 |            69
           75 |     9 |            64
           75 |    10 |            73
           75 |    11 |            61
           75 |    12 |            67
           75 |    13 |            76
           75 |    14 |            76
           75 |    15 |            59
           75 |    16 |            60
           75 |    17 |            49
           75 |    18 |            31
           75 |    19 |             0
----------------------------------
           76 |     1 |           206
           76 |     2 |           164
           76 |     3 |           152
           76 |     4 |           117
           76 |     5 |           108
           76 |     6 |            99
           76 |     7 |            87
           76 |     8 |            91
           76 |     9 |            96
           76 |    10 |            86
           76 |    11 |            85
           76 |    12 |            97
           76 |    13 |            80
           76 |    14 |            69
           76 |    15 |            64
           76 |    16 |            65
           76 |    17 |            36
           76 |    18 |            28
           76 |    19 |             0
----------------------------------
           77 |     1 |           211
           77 |     2 |           164
           77 |     3 |           140
           77 |     4 |           120
           77 |     5 |           112
           77 |     6 |           111
           77 |     7 |           124
           77 |     8 |           106
           77 |     9 |           102
           77 |    10 |           100
           77 |    11 |            93
           77 |    12 |            87
           77 |    13 |            93
           77 |    14 |            88
           77 |    15 |            73
           77 |    16 |            67
           77 |    17 |            59
           77 |    18 |            34
           77 |    19 |             0
----------------------------------
           78 |     1 |           207
           78 |     2 |           182
           78 |     3 |           144
           78 |     4 |           170
           78 |     5 |           139
           78 |     6 |           118
           78 |     7 |           110
           78 |     8 |           105
           78 |     9 |           103
           78 |    10 |           112
           78 |    11 |            90
           78 |    12 |           105
           78 |    13 |            81
           78 |    14 |            88
           78 |    15 |            91
           78 |    16 |            62
           78 |    17 |            52
           78 |    18 |            36
           78 |    19 |             0
----------------------------------
           79 |     1 |           199
           79 |     2 |           162
           79 |     3 |           139
           79 |     4 |           120
           79 |     5 |           136
           79 |     6 |           134
           79 |     7 |           144
           79 |     8 |           118
           79 |     9 |           119
           79 |    10 |           111
           79 |    11 |           102
           79 |    12 |            82
           79 |    13 |            94
           79 |    14 |            79
           79 |    15 |            67
           79 |    16 |            64
           79 |    17 |            51
           79 |    18 |            41
           79 |    19 |             0
----------------------------------
           80 |     1 |           137
           80 |     2 |           128
           80 |     3 |           111
           80 |     4 |           100
           80 |     5 |           109
           80 |     6 |            93
           80 |     7 |            81
           80 |     8 |            93
           80 |     9 |            79
           80 |    10 |            74
           80 |    11 |            56
           80 |    12 |            66
           80 |    13 |            59
           80 |    14 |            54
           80 |    15 |            71
           80 |    16 |            54
           80 |    17 |            34
           80 |    18 |            23
           80 |    19 |             0
----------------------------------
           81 |     1 |           158
           81 |     2 |           129
           81 |     3 |            96
           81 |     4 |            95
           81 |     5 |           106
           81 |     6 |           118
           81 |     7 |           108
           81 |     8 |            93
           81 |     9 |            91
           81 |    10 |            88
           81 |    11 |            78
           81 |    12 |            88
           81 |    13 |            91
           81 |    14 |            86
           81 |    15 |            76
           81 |    16 |            66
           81 |    17 |            58
           81 |    18 |            31
           81 |    19 |             0
----------------------------------
           82 |     1 |           181
           82 |     2 |           137
           82 |     3 |           133
           82 |     4 |           116
           82 |     5 |           111
           82 |     6 |           104
           82 |     7 |            88
           82 |     8 |            77
           82 |     9 |            94
           82 |    10 |            99
           82 |    11 |           106
           82 |    12 |            97
           82 |    13 |            96
           82 |    14 |            73
           82 |    15 |            85
           82 |    16 |            64
           82 |    17 |            43
           82 |    18 |            24
           82 |    19 |             0
----------------------------------
           83 |     1 |           109
           83 |     2 |           102
           83 |     3 |            80
           83 |     4 |            91
           83 |     5 |            70
           83 |     6 |            76
           83 |     7 |            73
           83 |     8 |            62
           83 |     9 |            71
           83 |    10 |            53
           83 |    11 |            61
           83 |    12 |            63
           83 |    13 |            52
           83 |    14 |            53
           83 |    15 |            59
           83 |    16 |            42
           83 |    17 |            32
           83 |    18 |            24
           83 |    19 |             0
----------------------------------
           84 |     1 |            77
           84 |     2 |            59
           84 |     3 |            78
           84 |     4 |            78
           84 |     5 |            78
           84 |     6 |            55
           84 |     7 |            51
           84 |     8 |            55
           84 |     9 |            51
           84 |    10 |            59
           84 |    11 |            47
           84 |    12 |            46
           84 |    13 |            43
           84 |    14 |            41
           84 |    15 |            28
           84 |    16 |            30
           84 |    17 |            24
           84 |    18 |            14
           84 |    19 |             0
----------------------------------
           85 |     1 |           108
           85 |     2 |            79
           85 |     3 |            93
           85 |     4 |            83
           85 |     5 |            77
           85 |     6 |            80
           85 |     7 |            62
           85 |     8 |            67
           85 |     9 |            53
           85 |    10 |            55
           85 |    11 |            60
           85 |    12 |            73
           85 |    13 |            60
           85 |    14 |            84
           85 |    15 |            56
           85 |    16 |            62
           85 |    17 |            36
           85 |    18 |            24
           85 |    19 |             0
----------------------------------
           86 |     1 |           126
           86 |     2 |           108
           86 |     3 |           103
           86 |     4 |            89
           86 |     5 |            81
           86 |     6 |            83
           86 |     7 |            87
           86 |     8 |            73
           86 |     9 |            88
           86 |    10 |            77
           86 |    11 |            79
           86 |    12 |            69
           86 |    13 |            68
           86 |    14 |            72
           86 |    15 |            54
           86 |    16 |            59
           86 |    17 |            45
           86 |    18 |            27
           86 |    19 |             0
----------------------------------
           87 |     1 |            77
           87 |     2 |            64
           87 |     3 |            60
           87 |     4 |            58
           87 |     5 |            58
           87 |     6 |            51
           87 |     7 |            38
           87 |     8 |            43
           87 |     9 |            48
           87 |    10 |            49
           87 |    11 |            53
           87 |    12 |            39
           87 |    13 |            53
           87 |    14 |            52
           87 |    15 |            45
           87 |    16 |            38
           87 |    17 |            24
           87 |    18 |            16
           87 |    19 |             0
----------------------------------
           88 |     1 |            74
           88 |     2 |            49
           88 |     3 |            45
           88 |     4 |            42
           88 |     5 |            41
           88 |     6 |            50
           88 |     7 |            57
           88 |     8 |            56
           88 |     9 |            63
           88 |    10 |            70
           88 |    11 |            64
           88 |    12 |            63
           88 |    13 |            51
           88 |    14 |            48
           88 |    15 |            36
           88 |    16 |            34
           88 |    17 |            27
           88 |    18 |            16
           88 |    19 |             0
----------------------------------
           89 |     1 |            63
           89 |     2 |            62
           89 |     3 |            60
           89 |     4 |            55
           89 |     5 |            53
           89 |     6 |            62
           89 |     7 |            57
           89 |     8 |            47
           89 |     9 |            42
           89 |    10 |            39
           89 |    11 |            34
           89 |    12 |            46
           89 |    13 |            49
           89 |    14 |            42
           89 |    15 |            36
           89 |    16 |            28
           89 |    17 |            15
           89 |    18 |            17
           89 |    19 |             0
----------------------------------
           90 |     1 |            80
           90 |     2 |            73
           90 |     3 |            65
           90 |     4 |            56
           90 |     5 |            64
           90 |     6 |            53
           90 |     7 |            49
           90 |     8 |            42
           90 |     9 |            45
           90 |    10 |            49
           90 |    11 |            48
           90 |    12 |            61
           90 |    13 |            47
           90 |    14 |            46
           90 |    15 |            42
           90 |    16 |            35
           90 |    17 |            28
           90 |    18 |            14
           90 |    19 |             0
----------------------------------
           91 |     1 |            49
           91 |     2 |            39
           91 |     3 |            51
           91 |     4 |            56
           91 |     5 |            49
           91 |     6 |            53
           91 |     7 |            45
           91 |     8 |            34
           91 |     9 |            38
           91 |    10 |            32
           91 |    11 |            39
           91 |    12 |            29
           91 |    13 |            36
           91 |    14 |            29
           91 |    15 |            32
           91 |    16 |            20
           91 |    17 |            19
           91 |    18 |             8
           91 |    19 |             0
----------------------------------
           92 |     1 |            80
           92 |     2 |            54
           92 |     3 |            69
           92 |     4 |            66
           92 |     5 |            50
           92 |     6 |            55
           92 |     7 |            56
           92 |     8 |            50
           92 |     9 |            48
           92 |    10 |            48
           92 |    11 |            58
           92 |    12 |            50
           92 |    13 |            47
           92 |    14 |            51
           92 |    15 |            40
           92 |    16 |            35
           92 |    17 |            31
           92 |    18 |            18
           92 |    19 |             0
----------------------------------
           93 |     1 |            23
           93 |     2 |            19
           93 |     3 |            16
           93 |     4 |            21
           93 |     5 |            21
           93 |     6 |            27
           93 |     7 |            26
           93 |     8 |            25
           93 |     9 |            21
           93 |    10 |            21
           93 |    11 |            15
           93 |    12 |            18
           93 |    13 |            17
           93 |    14 |            15
           93 |    15 |            11
           93 |    16 |            15
           93 |    17 |            15
           93 |    18 |            10
           93 |    19 |             0
----------------------------------
           94 |     1 |            16
           94 |     2 |            18
           94 |     3 |            15
           94 |     4 |            16
           94 |     5 |            15
           94 |     6 |            17
           94 |     7 |            14
           94 |     8 |            18
           94 |     9 |            17
           94 |    10 |            24
           94 |    11 |            14
           94 |    12 |            18
           94 |    13 |            16
           94 |    14 |            17
           94 |    15 |            11
           94 |    16 |             7
           94 |    17 |             5
           94 |    18 |             3
           94 |    19 |             0
----------------------------------
           95 |     1 |             5
           95 |     2 |             4
           95 |     3 |             6
           95 |     4 |             8
           95 |     5 |             7
           95 |     6 |             9
           95 |     7 |            10
           95 |     8 |             7
           95 |     9 |             7
           95 |    10 |             5
           95 |    11 |             5
           95 |    12 |             4
           95 |    13 |             2
           95 |    14 |             3
           95 |    15 |             3
           95 |    16 |             2
           95 |    17 |             0
           95 |    18 |             0
           95 |    19 |             0
----------------------------------
           96 |     1 |            19
           96 |     2 |            23
           96 |     3 |            18
           96 |     4 |            18
           96 |     5 |            25
           96 |     6 |            25
           96 |     7 |            27
           96 |     8 |            24
           96 |     9 |            24
           96 |    10 |            24
           96 |    11 |            23
           96 |    12 |            21
           96 |    13 |            21
           96 |    14 |            21
           96 |    15 |            17
           96 |    16 |            17
           96 |    17 |             8
           96 |    18 |             1
           96 |    19 |             0
----------------------------------
           97 |     1 |            40
           97 |     2 |            36
           97 |     3 |            38
           97 |     4 |            27
           97 |     5 |            26
           97 |     6 |            23
           97 |     7 |            30
           97 |     8 |            27
           97 |     9 |            39
           97 |    10 |            27
           97 |    11 |            37
           97 |    12 |            28
           97 |    13 |            32
           97 |    14 |            36
           97 |    15 |            26
           97 |    16 |            27
           97 |    17 |            22
           97 |    18 |             9
           97 |    19 |             0
----------------------------------
           98 |     1 |            35
           98 |     2 |            40
           98 |     3 |            31
           98 |     4 |            29
           98 |     5 |            35
           98 |     6 |            49
           98 |     7 |            38
           98 |     8 |            54
           98 |     9 |            46
           98 |    10 |            46
           98 |    11 |            37
           98 |    12 |            42
           98 |    13 |            36
           98 |    14 |            33
           98 |    15 |            33
           98 |    16 |            20
           98 |    17 |            19
           98 |    18 |            13
           98 |    19 |             0
----------------------------------
           99 |     1 |            30
           99 |     2 |            13
           99 |     3 |            11
           99 |     4 |             9
           99 |     5 |            12
           99 |     6 |            15
           99 |     7 |            24
           99 |     8 |            19
           99 |     9 |            12
           99 |    10 |            16
           99 |    11 |            14
           99 |    12 |            16
           99 |    13 |            19
           99 |    14 |            11
           99 |    15 |            15
           99 |    16 |            15
           99 |    17 |            10
           99 |    18 |             5
           99 |    19 |             0
----------------------------------
----------------------------------
          101 |     1 |             8
          101 |     2 |             5
          101 |     3 |             6
          101 |     4 |             6
          101 |     5 |             5
          101 |     6 |             5
          101 |     7 |             7
          101 |     8 |             5
          101 |     9 |             5
          101 |    10 |             5
          101 |    11 |             8
          101 |    12 |             6
          101 |    13 |             6
          101 |    14 |             5
          101 |    15 |             3
          101 |    16 |             3
          101 |    17 |             1
          101 |    18 |             1
          101 |    19 |             0
----------------------------------
          102 |     1 |            13
          102 |     2 |            10
          102 |     3 |             9
          102 |     4 |             8
          102 |     5 |             9
          102 |     6 |            11
          102 |     7 |            14
          102 |     8 |            12
          102 |     9 |            17
          102 |    10 |            15
          102 |    11 |            12
          102 |    12 |            10
          102 |    13 |            15
          102 |    14 |             9
          102 |    15 |             6
          102 |    16 |             9
          102 |    17 |             4
          102 |    18 |             2
          102 |    19 |             0
----------------------------------
          103 |     1 |             5
          103 |     2 |            11
          103 |     3 |             7
          103 |     4 |             7
          103 |     5 |             5
          103 |     6 |             7
          103 |     7 |             7
          103 |     8 |             8
          103 |     9 |             8
          103 |    10 |             6
          103 |    11 |             6
          103 |    12 |             5
          103 |    13 |             4
          103 |    14 |             2
          103 |    15 |             4
          103 |    16 |             2
          103 |    17 |             2
          103 |    18 |             2
          103 |    19 |             0
----------------------------------
          104 |     1 |            13
          104 |     2 |             8
          104 |     3 |            12
          104 |     4 |            12
          104 |     5 |            16
          104 |     6 |            12
          104 |     7 |            10
          104 |     8 |            10
          104 |     9 |             8
          104 |    10 |            13
          104 |    11 |            12
          104 |    12 |            14
          104 |    13 |            10
          104 |    14 |             4
          104 |    15 |            10
          104 |    16 |            11
          104 |    17 |            10
          104 |    18 |             4
          104 |    19 |             0
----------------------------------
          105 |     1 |            11
          105 |     2 |            10
          105 |     3 |             7
          105 |     4 |             6
          105 |     5 |             9
          105 |     6 |            12
          105 |     7 |            13
          105 |     8 |            12
          105 |     9 |            18
          105 |    10 |            20
          105 |    11 |            14
          105 |    12 |            14
          105 |    13 |            18
          105 |    14 |            11
          105 |    15 |             9
          105 |    16 |            12
          105 |    17 |             4
          105 |    18 |             3
          105 |    19 |             0
----------------------------------
          106 |     1 |             8
          106 |     2 |             2
          106 |     3 |             3
          106 |     4 |            10
          106 |     5 |             5
          106 |     6 |             4
          106 |     7 |            10
          106 |     8 |             9
          106 |     9 |             9
          106 |    10 |             8
          106 |    11 |             8
          106 |    12 |             8
          106 |    13 |             3
          106 |    14 |             5
          106 |    15 |             4
          106 |    16 |             3
          106 |    17 |             2
          106 |    18 |             1
          106 |    19 |             0
----------------------------------
----------------------------------
----------------------------------
          109 |     1 |             2
          109 |     2 |             5
          109 |     3 |             4
          109 |     4 |             3
          109 |     5 |             6
          109 |     6 |             5
          109 |     7 |             7
          109 |     8 |             7
          109 |     9 |            10
          109 |    10 |            13
          109 |    11 |            10
          109 |    12 |             8
          109 |    13 |             7
          109 |    14 |             5
          109 |    15 |             5
          109 |    16 |             5
          109 |    17 |             3
          109 |    18 |             1
          109 |    19 |             0
----------------------------------
----------------------------------
          111 |     1 |             8
          111 |     2 |             4
          111 |     3 |             5
          111 |     4 |             6
          111 |     5 |             7
          111 |     6 |             4
          111 |     7 |             6
          111 |     8 |             5
          111 |     9 |             6
          111 |    10 |             9
          111 |    11 |             6
          111 |    12 |             5
          111 |    13 |             5
          111 |    14 |             6
          111 |    15 |             5
          111 |    16 |             8
          111 |    17 |             4
          111 |    18 |             2
          111 |    19 |             0
----------------------------------
----------------------------------
----------------------------------
          114 |     1 |             9
          114 |     2 |             5
          114 |     3 |             5
          114 |     4 |             4
          114 |     5 |             4
          114 |     6 |             2
          114 |     7 |             4
          114 |     8 |             4
          114 |     9 |             6
          114 |    10 |             4
          114 |    11 |             8
          114 |    12 |             8
          114 |    13 |             9
          114 |    14 |             9
          114 |    15 |             9
          114 |    16 |             8
          114 |    17 |             4
          114 |    18 |             3
          114 |    19 |             0
----------------------------------
----------------------------------
----------------------------------
----------------------------------
----------------------------------
----------------------------------
          120 |     1 |             8
          120 |     2 |             6
          120 |     3 |             7
          120 |     4 |             7
          120 |     5 |             5
          120 |     6 |             8
          120 |     7 |             9
          120 |     8 |             7
          120 |     9 |             8
          120 |    10 |            13
          120 |    11 |             9
          120 |    12 |             6
          120 |    13 |             8
          120 |    14 |             5
          120 |    15 |             4
          120 |    16 |             3
          120 |    17 |             2
          120 |    18 |             0
          120 |    19 |             0
----------------------------------
----------------------------------
----------------------------------
----------------------------------
----------------------------------
----------------------------------
----------------------------------
----------------------------------
----------------------------------
----------------------------------
----------------------------------
----------------------------------
----------------------------------
----------------------------------
----------------------------------
----------------------------------
----------------------------------
----------------------------------
----------------------------------
----------------------------------
----------------------------------
----------------------------------
----------------------------------
----------------------------------
----------------------------------
----------------------------------
----------------------------------
----------------------------------
----------------------------------
----------------------------------
----------------------------------
----------------------------------
----------------------------------
----------------------------------
----------------------------------
----------------------------------
----------------------------------
----------------------------------
----------------------------------
----------------------------------
----------------------------------
----------------------------------
----------------------------------
----------------------------------
----------------------------------
----------------------------------
----------------------------------
----------------------------------
----------------------------------
----------------------------------
----------------------------------
----------------------------------
----------------------------------
----------------------------------
----------------------------------
----------------------------------
----------------------------------
----------------------------------
----------------------------------
----------------------------------
----------------------------------
----------------------------------
----------------------------------
----------------------------------
----------------------------------
----------------------------------
----------------------------------
----------------------------------
----------------------------------
----------------------------------
----------------------------------
