MinCut number | SSize | Number of cuts
----------------------------------
----------------------------------
----------------------------------
----------------------------------
----------------------------------
----------------------------------
----------------------------------
----------------------------------
----------------------------------
----------------------------------
----------------------------------
----------------------------------
----------------------------------
----------------------------------
----------------------------------
----------------------------------
----------------------------------
----------------------------------
----------------------------------
           38 |     1 |            12
           38 |     2 |             4
           38 |     3 |             4
           38 |     4 |             3
           38 |     5 |             0
           38 |     6 |             0
           38 |     7 |             0
           38 |     8 |             0
           38 |     9 |             4
           38 |    10 |             1
           38 |    11 |             0
           38 |    12 |             0
           38 |    13 |             4
           38 |    14 |             0
           38 |    15 |             2
           38 |    16 |             0
           38 |    17 |             1
           38 |    18 |             2
           38 |    19 |             1
----------------------------------
           39 |     1 |            39
           39 |     2 |            14
           39 |     3 |            12
           39 |     4 |             4
           39 |     5 |             5
           39 |     6 |             3
           39 |     7 |             2
           39 |     8 |             1
           39 |     9 |             0
           39 |    10 |             1
           39 |    11 |             1
           39 |    12 |             2
           39 |    13 |             2
           39 |    14 |             0
           39 |    15 |             5
           39 |    16 |             4
           39 |    17 |             7
           39 |    18 |             8
           39 |    19 |             7
----------------------------------
----------------------------------
----------------------------------
           42 |     1 |            43
           42 |     2 |            14
           42 |     3 |             5
           42 |     4 |             9
           42 |     5 |             3
           42 |     6 |             3
           42 |     7 |             0
           42 |     8 |             1
           42 |     9 |             1
           42 |    10 |             2
           42 |    11 |             5
           42 |    12 |             3
           42 |    13 |             6
           42 |    14 |             3
           42 |    15 |             8
           42 |    16 |             6
           42 |    17 |             9
           42 |    18 |             3
           42 |    19 |             2
----------------------------------
           43 |     1 |            52
           43 |     2 |            12
           43 |     3 |             5
           43 |     4 |             6
           43 |     5 |             3
           43 |     6 |             2
           43 |     7 |             3
           43 |     8 |             2
           43 |     9 |             1
           43 |    10 |             3
           43 |    11 |             3
           43 |    12 |             4
           43 |    13 |             1
           43 |    14 |             5
           43 |    15 |             9
           43 |    16 |             5
           43 |    17 |             6
           43 |    18 |             5
           43 |    19 |             2
----------------------------------
----------------------------------
           45 |     1 |            44
           45 |     2 |            17
           45 |     3 |            11
           45 |     4 |             4
           45 |     5 |             5
           45 |     6 |             4
           45 |     7 |             5
           45 |     8 |             4
           45 |     9 |             4
           45 |    10 |             2
           45 |    11 |             3
           45 |    12 |             3
           45 |    13 |             4
           45 |    14 |             3
           45 |    15 |             0
           45 |    16 |             3
           45 |    17 |             7
           45 |    18 |             7
           45 |    19 |             5
----------------------------------
           46 |     1 |            29
           46 |     2 |             6
           46 |     3 |             3
           46 |     4 |             1
           46 |     5 |             3
           46 |     6 |             6
           46 |     7 |             7
           46 |     8 |             2
           46 |     9 |             0
           46 |    10 |             1
           46 |    11 |             1
           46 |    12 |             2
           46 |    13 |             1
           46 |    14 |             5
           46 |    15 |             2
           46 |    16 |             9
           46 |    17 |             5
           46 |    18 |             4
           46 |    19 |             5
----------------------------------
           47 |     1 |            45
           47 |     2 |            24
           47 |     3 |            16
           47 |     4 |            19
           47 |     5 |            10
           47 |     6 |             9
           47 |     7 |             7
           47 |     8 |             6
           47 |     9 |             2
           47 |    10 |             3
           47 |    11 |             4
           47 |    12 |             1
           47 |    13 |             1
           47 |    14 |             7
           47 |    15 |             4
           47 |    16 |             7
           47 |    17 |             7
           47 |    18 |             8
           47 |    19 |             8
----------------------------------
           48 |     1 |            64
           48 |     2 |            24
           48 |     3 |            18
           48 |     4 |            11
           48 |     5 |             8
           48 |     6 |             2
           48 |     7 |             2
           48 |     8 |             4
           48 |     9 |             3
           48 |    10 |             2
           48 |    11 |             6
           48 |    12 |             1
           48 |    13 |             3
           48 |    14 |             1
           48 |    15 |             5
           48 |    16 |             5
           48 |    17 |            12
           48 |    18 |            12
           48 |    19 |             9
----------------------------------
           49 |     1 |           152
           49 |     2 |            66
           49 |     3 |            29
           49 |     4 |            23
           49 |     5 |            11
           49 |     6 |            10
           49 |     7 |             8
           49 |     8 |             8
           49 |     9 |             9
           49 |    10 |             6
           49 |    11 |             8
           49 |    12 |            12
           49 |    13 |            15
           49 |    14 |             7
           49 |    15 |            23
           49 |    16 |            15
           49 |    17 |            18
           49 |    18 |             9
           49 |    19 |            12
----------------------------------
           50 |     1 |           105
           50 |     2 |            51
           50 |     3 |            27
           50 |     4 |            28
           50 |     5 |            16
           50 |     6 |             7
           50 |     7 |             8
           50 |     8 |             6
           50 |     9 |             6
           50 |    10 |             6
           50 |    11 |             8
           50 |    12 |             4
           50 |    13 |            11
           50 |    14 |             7
           50 |    15 |             9
           50 |    16 |            10
           50 |    17 |            12
           50 |    18 |            16
           50 |    19 |            13
----------------------------------
           51 |     1 |           111
           51 |     2 |            56
           51 |     3 |            30
           51 |     4 |            17
           51 |     5 |             9
           51 |     6 |            13
           51 |     7 |             8
           51 |     8 |             9
           51 |     9 |            11
           51 |    10 |             2
           51 |    11 |             4
           51 |    12 |            13
           51 |    13 |             7
           51 |    14 |            11
           51 |    15 |            14
           51 |    16 |            10
           51 |    17 |            10
           51 |    18 |            12
           51 |    19 |            10
----------------------------------
           52 |     1 |           152
           52 |     2 |            68
           52 |     3 |            28
           52 |     4 |            21
           52 |     5 |            11
           52 |     6 |            14
           52 |     7 |            14
           52 |     8 |             6
           52 |     9 |            11
           52 |    10 |             6
           52 |    11 |            10
           52 |    12 |             8
           52 |    13 |            14
           52 |    14 |            25
           52 |    15 |            15
           52 |    16 |            21
           52 |    17 |            16
           52 |    18 |            13
           52 |    19 |            15
----------------------------------
           53 |     1 |           227
           53 |     2 |            97
           53 |     3 |            39
           53 |     4 |            43
           53 |     5 |            37
           53 |     6 |            15
           53 |     7 |            17
           53 |     8 |            15
           53 |     9 |            21
           53 |    10 |            19
           53 |    11 |            15
           53 |    12 |            18
           53 |    13 |            20
           53 |    14 |            19
           53 |    15 |            22
           53 |    16 |            27
           53 |    17 |            38
           53 |    18 |            32
           53 |    19 |            21
----------------------------------
           54 |     1 |           212
           54 |     2 |            91
           54 |     3 |            57
           54 |     4 |            39
           54 |     5 |            40
           54 |     6 |            27
           54 |     7 |            19
           54 |     8 |            19
           54 |     9 |            30
           54 |    10 |            22
           54 |    11 |            19
           54 |    12 |            18
           54 |    13 |            27
           54 |    14 |            19
           54 |    15 |            22
           54 |    16 |            26
           54 |    17 |            23
           54 |    18 |            23
           54 |    19 |            23
----------------------------------
           55 |     1 |           251
           55 |     2 |           107
           55 |     3 |            60
           55 |     4 |            50
           55 |     5 |            36
           55 |     6 |            20
           55 |     7 |            29
           55 |     8 |            21
           55 |     9 |            31
           55 |    10 |            19
           55 |    11 |            23
           55 |    12 |            26
           55 |    13 |            20
           55 |    14 |            20
           55 |    15 |            26
           55 |    16 |            36
           55 |    17 |            36
           55 |    18 |            39
           55 |    19 |            30
----------------------------------
           56 |     1 |           202
           56 |     2 |           101
           56 |     3 |            60
           56 |     4 |            46
           56 |     5 |            32
           56 |     6 |            28
           56 |     7 |            28
           56 |     8 |            20
           56 |     9 |            22
           56 |    10 |            17
           56 |    11 |            16
           56 |    12 |            16
           56 |    13 |            16
           56 |    14 |            20
           56 |    15 |            25
           56 |    16 |            20
           56 |    17 |            24
           56 |    18 |            16
           56 |    19 |            19
----------------------------------
           57 |     1 |           251
           57 |     2 |           141
           57 |     3 |            69
           57 |     4 |            41
           57 |     5 |            44
           57 |     6 |            17
           57 |     7 |            16
           57 |     8 |            23
           57 |     9 |            20
           57 |    10 |            22
           57 |    11 |            28
           57 |    12 |            29
           57 |    13 |            22
           57 |    14 |            21
           57 |    15 |            22
           57 |    16 |            20
           57 |    17 |            23
           57 |    18 |            23
           57 |    19 |            23
----------------------------------
           58 |     1 |           342
           58 |     2 |           187
           58 |     3 |           107
           58 |     4 |            75
           58 |     5 |            59
           58 |     6 |            40
           58 |     7 |            33
           58 |     8 |            22
           58 |     9 |            35
           58 |    10 |            34
           58 |    11 |            31
           58 |    12 |            50
           58 |    13 |            26
           58 |    14 |            27
           58 |    15 |            47
           58 |    16 |            28
           58 |    17 |            50
           58 |    18 |            47
           58 |    19 |            36
----------------------------------
           59 |     1 |           345
           59 |     2 |           185
           59 |     3 |           129
           59 |     4 |            77
           59 |     5 |            67
           59 |     6 |            46
           59 |     7 |            39
           59 |     8 |            36
           59 |     9 |            31
           59 |    10 |            34
           59 |    11 |            22
           59 |    12 |            41
           59 |    13 |            39
           59 |    14 |            47
           59 |    15 |            28
           59 |    16 |            45
           59 |    17 |            40
           59 |    18 |            55
           59 |    19 |            51
----------------------------------
           60 |     1 |           243
           60 |     2 |           114
           60 |     3 |            80
           60 |     4 |            51
           60 |     5 |            44
           60 |     6 |            20
           60 |     7 |            18
           60 |     8 |            14
           60 |     9 |            17
           60 |    10 |            16
           60 |    11 |            10
           60 |    12 |            11
           60 |    13 |            14
           60 |    14 |            20
           60 |    15 |            15
           60 |    16 |            20
           60 |    17 |            27
           60 |    18 |            28
           60 |    19 |            18
----------------------------------
           61 |     1 |           508
           61 |     2 |           271
           61 |     3 |           148
           61 |     4 |           116
           61 |     5 |            81
           61 |     6 |            84
           61 |     7 |            60
           61 |     8 |            49
           61 |     9 |            47
           61 |    10 |            44
           61 |    11 |            46
           61 |    12 |            57
           61 |    13 |            35
           61 |    14 |            49
           61 |    15 |            44
           61 |    16 |            39
           61 |    17 |            44
           61 |    18 |            61
           61 |    19 |            47
----------------------------------
           62 |     1 |           410
           62 |     2 |           213
           62 |     3 |           111
           62 |     4 |            92
           62 |     5 |            67
           62 |     6 |            49
           62 |     7 |            43
           62 |     8 |            43
           62 |     9 |            28
           62 |    10 |            33
           62 |    11 |            42
           62 |    12 |            42
           62 |    13 |            35
           62 |    14 |            28
           62 |    15 |            36
           62 |    16 |            32
           62 |    17 |            42
           62 |    18 |            39
           62 |    19 |            41
----------------------------------
           63 |     1 |           501
           63 |     2 |           256
           63 |     3 |           170
           63 |     4 |           113
           63 |     5 |            99
           63 |     6 |            75
           63 |     7 |            63
           63 |     8 |            49
           63 |     9 |            43
           63 |    10 |            48
           63 |    11 |            58
           63 |    12 |            49
           63 |    13 |            56
           63 |    14 |            44
           63 |    15 |            52
           63 |    16 |            52
           63 |    17 |            57
           63 |    18 |            57
           63 |    19 |            48
----------------------------------
           64 |     1 |           360
           64 |     2 |           174
           64 |     3 |           114
           64 |     4 |            84
           64 |     5 |            49
           64 |     6 |            37
           64 |     7 |            30
           64 |     8 |            26
           64 |     9 |            41
           64 |    10 |            35
           64 |    11 |            23
           64 |    12 |            26
           64 |    13 |            48
           64 |    14 |            34
           64 |    15 |            38
           64 |    16 |            36
           64 |    17 |            45
           64 |    18 |            44
           64 |    19 |            36
----------------------------------
           65 |     1 |           537
           65 |     2 |           304
           65 |     3 |           175
           65 |     4 |           135
           65 |     5 |            94
           65 |     6 |            83
           65 |     7 |            69
           65 |     8 |            52
           65 |     9 |            31
           65 |    10 |            43
           65 |    11 |            36
           65 |    12 |            42
           65 |    13 |            28
           65 |    14 |            42
           65 |    15 |            46
           65 |    16 |            56
           65 |    17 |            60
           65 |    18 |            60
           65 |    19 |            57
----------------------------------
           66 |     1 |           495
           66 |     2 |           277
           66 |     3 |           163
           66 |     4 |           118
           66 |     5 |            87
           66 |     6 |            86
           66 |     7 |            53
           66 |     8 |            47
           66 |     9 |            48
           66 |    10 |            56
           66 |    11 |            46
           66 |    12 |            46
           66 |    13 |            40
           66 |    14 |            47
           66 |    15 |            60
           66 |    16 |            51
           66 |    17 |            45
           66 |    18 |            35
           66 |    19 |            48
----------------------------------
           67 |     1 |           567
           67 |     2 |           284
           67 |     3 |           181
           67 |     4 |           113
           67 |     5 |           109
           67 |     6 |            82
           67 |     7 |            66
           67 |     8 |            44
           67 |     9 |            48
           67 |    10 |            42
           67 |    11 |            41
           67 |    12 |            60
           67 |    13 |            43
           67 |    14 |            51
           67 |    15 |            60
           67 |    16 |            55
           67 |    17 |            64
           67 |    18 |            53
           67 |    19 |            47
----------------------------------
           68 |     1 |           568
           68 |     2 |           278
           68 |     3 |           179
           68 |     4 |           112
           68 |     5 |           106
           68 |     6 |            79
           68 |     7 |            59
           68 |     8 |            52
           68 |     9 |            50
           68 |    10 |            74
           68 |    11 |            55
           68 |    12 |            70
           68 |    13 |            66
           68 |    14 |            66
           68 |    15 |            51
           68 |    16 |            71
           68 |    17 |            62
           68 |    18 |            57
           68 |    19 |            53
----------------------------------
           69 |     1 |           536
           69 |     2 |           286
           69 |     3 |           207
           69 |     4 |           114
           69 |     5 |            81
           69 |     6 |            84
           69 |     7 |            64
           69 |     8 |            45
           69 |     9 |            34
           69 |    10 |            56
           69 |    11 |            39
           69 |    12 |            27
           69 |    13 |            50
           69 |    14 |            48
           69 |    15 |            64
           69 |    16 |            48
           69 |    17 |            55
           69 |    18 |            51
           69 |    19 |            43
----------------------------------
           70 |     1 |           501
           70 |     2 |           287
           70 |     3 |           173
           70 |     4 |           126
           70 |     5 |            89
           70 |     6 |            78
           70 |     7 |            73
           70 |     8 |            77
           70 |     9 |            50
           70 |    10 |            38
           70 |    11 |            39
           70 |    12 |            40
           70 |    13 |            45
           70 |    14 |            35
           70 |    15 |            46
           70 |    16 |            58
           70 |    17 |            45
           70 |    18 |            36
           70 |    19 |            54
----------------------------------
           71 |     1 |           518
           71 |     2 |           280
           71 |     3 |           195
           71 |     4 |           137
           71 |     5 |           114
           71 |     6 |           107
           71 |     7 |            84
           71 |     8 |            69
           71 |     9 |            71
           71 |    10 |            57
           71 |    11 |            60
           71 |    12 |            57
           71 |    13 |            51
           71 |    14 |            50
           71 |    15 |            51
           71 |    16 |            64
           71 |    17 |            60
           71 |    18 |            67
           71 |    19 |            38
----------------------------------
           72 |     1 |           519
           72 |     2 |           295
           72 |     3 |           182
           72 |     4 |           163
           72 |     5 |           125
           72 |     6 |            87
           72 |     7 |            56
           72 |     8 |            43
           72 |     9 |            50
           72 |    10 |            31
           72 |    11 |            47
           72 |    12 |            51
           72 |    13 |            59
           72 |    14 |            52
           72 |    15 |            70
           72 |    16 |            61
           72 |    17 |            62
           72 |    18 |            79
           72 |    19 |            56
----------------------------------
           73 |     1 |           692
           73 |     2 |           380
           73 |     3 |           272
           73 |     4 |           179
           73 |     5 |           151
           73 |     6 |           114
           73 |     7 |           102
           73 |     8 |            65
           73 |     9 |            82
           73 |    10 |            75
           73 |    11 |            62
           73 |    12 |            64
           73 |    13 |            73
           73 |    14 |            74
           73 |    15 |            62
           73 |    16 |            60
           73 |    17 |            73
           73 |    18 |            75
           73 |    19 |            46
----------------------------------
           74 |     1 |           457
           74 |     2 |           280
           74 |     3 |           174
           74 |     4 |           134
           74 |     5 |            96
           74 |     6 |            66
           74 |     7 |            59
           74 |     8 |            59
           74 |     9 |            45
           74 |    10 |            52
           74 |    11 |            24
           74 |    12 |            49
           74 |    13 |            35
           74 |    14 |            32
           74 |    15 |            42
           74 |    16 |            39
           74 |    17 |            52
           74 |    18 |            44
           74 |    19 |            37
----------------------------------
           75 |     1 |           446
           75 |     2 |           242
           75 |     3 |           166
           75 |     4 |           155
           75 |     5 |            90
           75 |     6 |            71
           75 |     7 |            58
           75 |     8 |            51
           75 |     9 |            45
           75 |    10 |            42
           75 |    11 |            42
           75 |    12 |            42
           75 |    13 |            37
           75 |    14 |            51
           75 |    15 |            35
           75 |    16 |            38
           75 |    17 |            40
           75 |    18 |            38
           75 |    19 |            36
----------------------------------
           76 |     1 |           446
           76 |     2 |           256
           76 |     3 |           181
           76 |     4 |           139
           76 |     5 |            87
           76 |     6 |            88
           76 |     7 |            52
           76 |     8 |            56
           76 |     9 |            36
           76 |    10 |            32
           76 |    11 |            43
           76 |    12 |            43
           76 |    13 |            34
           76 |    14 |            32
           76 |    15 |            44
           76 |    16 |            44
           76 |    17 |            49
           76 |    18 |            56
           76 |    19 |            30
----------------------------------
           77 |     1 |           509
           77 |     2 |           315
           77 |     3 |           191
           77 |     4 |           136
           77 |     5 |            97
           77 |     6 |            86
           77 |     7 |            69
           77 |     8 |            74
           77 |     9 |            70
           77 |    10 |            47
           77 |    11 |            44
           77 |    12 |            50
           77 |    13 |            44
           77 |    14 |            47
           77 |    15 |            54
           77 |    16 |            44
           77 |    17 |            42
           77 |    18 |            48
           77 |    19 |            35
----------------------------------
           78 |     1 |           647
           78 |     2 |           406
           78 |     3 |           287
           78 |     4 |           206
           78 |     5 |           156
           78 |     6 |           108
           78 |     7 |            53
           78 |     8 |            66
           78 |     9 |            60
           78 |    10 |            64
           78 |    11 |            60
           78 |    12 |            70
           78 |    13 |            68
           78 |    14 |            68
           78 |    15 |            62
           78 |    16 |            83
           78 |    17 |            65
           78 |    18 |            72
           78 |    19 |            51
----------------------------------
           79 |     1 |           494
           79 |     2 |           293
           79 |     3 |           171
           79 |     4 |           140
           79 |     5 |           112
           79 |     6 |            82
           79 |     7 |            92
           79 |     8 |            67
           79 |     9 |            78
           79 |    10 |            66
           79 |    11 |            44
           79 |    12 |            61
           79 |    13 |            48
           79 |    14 |            42
           79 |    15 |            41
           79 |    16 |            62
           79 |    17 |            65
           79 |    18 |            54
           79 |    19 |            42
----------------------------------
           80 |     1 |           640
           80 |     2 |           361
           80 |     3 |           227
           80 |     4 |           188
           80 |     5 |           136
           80 |     6 |            92
           80 |     7 |            94
           80 |     8 |            90
           80 |     9 |            68
           80 |    10 |            50
           80 |    11 |            50
           80 |    12 |            55
           80 |    13 |            51
           80 |    14 |            55
           80 |    15 |            54
           80 |    16 |            49
           80 |    17 |            48
           80 |    18 |            50
           80 |    19 |            42
----------------------------------
           81 |     1 |           475
           81 |     2 |           284
           81 |     3 |           202
           81 |     4 |           150
           81 |     5 |           119
           81 |     6 |            82
           81 |     7 |            45
           81 |     8 |            42
           81 |     9 |            49
           81 |    10 |            49
           81 |    11 |            35
           81 |    12 |            31
           81 |    13 |            37
           81 |    14 |            43
           81 |    15 |            48
           81 |    16 |            47
           81 |    17 |            48
           81 |    18 |            44
           81 |    19 |            33
----------------------------------
           82 |     1 |           293
           82 |     2 |           162
           82 |     3 |           107
           82 |     4 |           105
           82 |     5 |            88
           82 |     6 |            59
           82 |     7 |            55
           82 |     8 |            40
           82 |     9 |            38
           82 |    10 |            27
           82 |    11 |            44
           82 |    12 |            43
           82 |    13 |            42
           82 |    14 |            32
           82 |    15 |            37
           82 |    16 |            42
           82 |    17 |            35
           82 |    18 |            37
           82 |    19 |            26
----------------------------------
           83 |     1 |           490
           83 |     2 |           271
           83 |     3 |           172
           83 |     4 |           129
           83 |     5 |            97
           83 |     6 |            91
           83 |     7 |            69
           83 |     8 |            61
           83 |     9 |            63
           83 |    10 |            40
           83 |    11 |            45
           83 |    12 |            45
           83 |    13 |            33
           83 |    14 |            23
           83 |    15 |            45
           83 |    16 |            40
           83 |    17 |            43
           83 |    18 |            41
           83 |    19 |            28
----------------------------------
           84 |     1 |           294
           84 |     2 |           179
           84 |     3 |           150
           84 |     4 |            96
           84 |     5 |            85
           84 |     6 |            57
           84 |     7 |            68
           84 |     8 |            71
           84 |     9 |            53
           84 |    10 |            26
           84 |    11 |            17
           84 |    12 |            47
           84 |    13 |            27
           84 |    14 |            26
           84 |    15 |            31
           84 |    16 |            30
           84 |    17 |            25
           84 |    18 |            31
           84 |    19 |            31
----------------------------------
           85 |     1 |           245
           85 |     2 |           146
           85 |     3 |           101
           85 |     4 |            61
           85 |     5 |            60
           85 |     6 |            60
           85 |     7 |            54
           85 |     8 |            32
           85 |     9 |            25
           85 |    10 |            24
           85 |    11 |            29
           85 |    12 |            23
           85 |    13 |            17
           85 |    14 |            28
           85 |    15 |            20
           85 |    16 |            32
           85 |    17 |            27
           85 |    18 |            22
           85 |    19 |            14
----------------------------------
           86 |     1 |           322
           86 |     2 |           197
           86 |     3 |           135
           86 |     4 |           112
           86 |     5 |            73
           86 |     6 |            71
           86 |     7 |            58
           86 |     8 |            42
           86 |     9 |            46
           86 |    10 |            48
           86 |    11 |            34
           86 |    12 |            21
           86 |    13 |            28
           86 |    14 |            33
           86 |    15 |            36
           86 |    16 |            38
           86 |    17 |            23
           86 |    18 |            34
           86 |    19 |            25
----------------------------------
           87 |     1 |           245
           87 |     2 |           155
           87 |     3 |            97
           87 |     4 |            83
           87 |     5 |            48
           87 |     6 |            55
           87 |     7 |            59
           87 |     8 |            45
           87 |     9 |            31
           87 |    10 |            31
           87 |    11 |            26
           87 |    12 |            20
           87 |    13 |            24
           87 |    14 |            17
           87 |    15 |            24
           87 |    16 |            19
           87 |    17 |            27
           87 |    18 |            25
           87 |    19 |            13
----------------------------------
           88 |     1 |           403
           88 |     2 |           244
           88 |     3 |           193
           88 |     4 |           162
           88 |     5 |           119
           88 |     6 |            96
           88 |     7 |            62
           88 |     8 |            42
           88 |     9 |            32
           88 |    10 |            35
           88 |    11 |            42
           88 |    12 |            46
           88 |    13 |            36
           88 |    14 |            36
           88 |    15 |            49
           88 |    16 |            46
           88 |    17 |            41
           88 |    18 |            47
           88 |    19 |            29
----------------------------------
           89 |     1 |           399
           89 |     2 |           216
           89 |     3 |           172
           89 |     4 |           138
           89 |     5 |           100
           89 |     6 |            63
           89 |     7 |            47
           89 |     8 |            42
           89 |     9 |            53
           89 |    10 |            43
           89 |    11 |            36
           89 |    12 |            30
           89 |    13 |            18
           89 |    14 |            20
           89 |    15 |            30
           89 |    16 |            25
           89 |    17 |            26
           89 |    18 |            31
           89 |    19 |            24
----------------------------------
           90 |     1 |           166
           90 |     2 |           116
           90 |     3 |            66
           90 |     4 |            57
           90 |     5 |            55
           90 |     6 |            42
           90 |     7 |            40
           90 |     8 |            21
           90 |     9 |            15
           90 |    10 |            20
           90 |    11 |            16
           90 |    12 |            19
           90 |    13 |            13
           90 |    14 |            15
           90 |    15 |            10
           90 |    16 |            13
           90 |    17 |            10
           90 |    18 |            15
           90 |    19 |            11
----------------------------------
           91 |     1 |           328
           91 |     2 |           213
           91 |     3 |           146
           91 |     4 |           126
           91 |     5 |            96
           91 |     6 |            70
           91 |     7 |            55
           91 |     8 |            34
           91 |     9 |            32
           91 |    10 |            33
           91 |    11 |            26
           91 |    12 |            39
           91 |    13 |            18
           91 |    14 |            22
           91 |    15 |            16
           91 |    16 |            25
           91 |    17 |            29
           91 |    18 |            36
           91 |    19 |            21
----------------------------------
           92 |     1 |           214
           92 |     2 |           144
           92 |     3 |            87
           92 |     4 |            79
           92 |     5 |            57
           92 |     6 |            53
           92 |     7 |            43
           92 |     8 |            38
           92 |     9 |            31
           92 |    10 |            14
           92 |    11 |            14
           92 |    12 |            19
           92 |    13 |            14
           92 |    14 |            15
           92 |    15 |            20
           92 |    16 |            26
           92 |    17 |            24
           92 |    18 |            14
           92 |    19 |            14
----------------------------------
           93 |     1 |           138
           93 |     2 |            80
           93 |     3 |            55
           93 |     4 |            34
           93 |     5 |            54
           93 |     6 |            39
           93 |     7 |            40
           93 |     8 |            26
           93 |     9 |            24
           93 |    10 |            22
           93 |    11 |            16
           93 |    12 |            13
           93 |    13 |            18
           93 |    14 |            17
           93 |    15 |            12
           93 |    16 |            14
           93 |    17 |            18
           93 |    18 |            19
           93 |    19 |            12
----------------------------------
           94 |     1 |           113
           94 |     2 |            86
           94 |     3 |            45
           94 |     4 |            48
           94 |     5 |            34
           94 |     6 |            21
           94 |     7 |            34
           94 |     8 |            24
           94 |     9 |            26
           94 |    10 |            30
           94 |    11 |            15
           94 |    12 |            16
           94 |    13 |            17
           94 |    14 |             6
           94 |    15 |             4
           94 |    16 |            10
           94 |    17 |             9
           94 |    18 |            15
           94 |    19 |            11
----------------------------------
           95 |     1 |           146
           95 |     2 |           105
           95 |     3 |            78
           95 |     4 |            57
           95 |     5 |            46
           95 |     6 |            40
           95 |     7 |            19
           95 |     8 |            19
           95 |     9 |            13
           95 |    10 |            15
           95 |    11 |            19
           95 |    12 |            20
           95 |    13 |            11
           95 |    14 |             3
           95 |    15 |            13
           95 |    16 |            20
           95 |    17 |            15
           95 |    18 |            16
           95 |    19 |            10
----------------------------------
           96 |     1 |            80
           96 |     2 |            45
           96 |     3 |            37
           96 |     4 |            38
           96 |     5 |            30
           96 |     6 |            23
           96 |     7 |            25
           96 |     8 |            11
           96 |     9 |            18
           96 |    10 |            14
           96 |    11 |            13
           96 |    12 |            10
           96 |    13 |             6
           96 |    14 |             3
           96 |    15 |             4
           96 |    16 |             6
           96 |    17 |             6
           96 |    18 |             8
           96 |    19 |             7
----------------------------------
           97 |     1 |            95
           97 |     2 |            47
           97 |     3 |            44
           97 |     4 |            46
           97 |     5 |            33
           97 |     6 |            26
           97 |     7 |            16
           97 |     8 |             8
           97 |     9 |             8
           97 |    10 |            11
           97 |    11 |             4
           97 |    12 |             9
           97 |    13 |            10
           97 |    14 |             3
           97 |    15 |             7
           97 |    16 |             5
           97 |    17 |             5
           97 |    18 |             6
           97 |    19 |             5
----------------------------------
           98 |     1 |            91
           98 |     2 |            57
           98 |     3 |            40
           98 |     4 |            46
           98 |     5 |            29
           98 |     6 |            28
           98 |     7 |            27
           98 |     8 |            22
           98 |     9 |            17
           98 |    10 |            15
           98 |    11 |            13
           98 |    12 |            15
           98 |    13 |            15
           98 |    14 |            16
           98 |    15 |            11
           98 |    16 |            15
           98 |    17 |            16
           98 |    18 |            10
           98 |    19 |             7
----------------------------------
           99 |     1 |           131
           99 |     2 |            77
           99 |     3 |            70
           99 |     4 |            52
           99 |     5 |            43
           99 |     6 |            31
           99 |     7 |            18
           99 |     8 |            27
           99 |     9 |            21
           99 |    10 |            20
           99 |    11 |            16
           99 |    12 |             6
           99 |    13 |            13
           99 |    14 |             5
           99 |    15 |            18
           99 |    16 |            12
           99 |    17 |            17
           99 |    18 |             8
           99 |    19 |             9
----------------------------------
          100 |     1 |            97
          100 |     2 |            63
          100 |     3 |            34
          100 |     4 |            19
          100 |     5 |            12
          100 |     6 |             6
          100 |     7 |             8
          100 |     8 |             8
          100 |     9 |             9
          100 |    10 |             4
          100 |    11 |             5
          100 |    12 |             2
          100 |    13 |            10
          100 |    14 |             5
          100 |    15 |             0
          100 |    16 |             4
          100 |    17 |             4
          100 |    18 |             6
          100 |    19 |             4
----------------------------------
          101 |     1 |            66
          101 |     2 |            41
          101 |     3 |            38
          101 |     4 |            17
          101 |     5 |            24
          101 |     6 |            15
          101 |     7 |            15
          101 |     8 |            14
          101 |     9 |            11
          101 |    10 |             8
          101 |    11 |             8
          101 |    12 |            12
          101 |    13 |             3
          101 |    14 |             6
          101 |    15 |             8
          101 |    16 |             5
          101 |    17 |             7
          101 |    18 |             2
          101 |    19 |             3
----------------------------------
          102 |     1 |            33
          102 |     2 |            24
          102 |     3 |            20
          102 |     4 |             9
          102 |     5 |             6
          102 |     6 |            13
          102 |     7 |            11
          102 |     8 |             8
          102 |     9 |             6
          102 |    10 |            13
          102 |    11 |            11
          102 |    12 |            10
          102 |    13 |             7
          102 |    14 |             5
          102 |    15 |             8
          102 |    16 |             4
          102 |    17 |             7
          102 |    18 |             7
          102 |    19 |             2
----------------------------------
          103 |     1 |            86
          103 |     2 |            66
          103 |     3 |            39
          103 |     4 |            33
          103 |     5 |            31
          103 |     6 |            34
          103 |     7 |            25
          103 |     8 |            19
          103 |     9 |             8
          103 |    10 |             8
          103 |    11 |            10
          103 |    12 |            10
          103 |    13 |             8
          103 |    14 |             6
          103 |    15 |             6
          103 |    16 |             8
          103 |    17 |             8
          103 |    18 |             3
          103 |    19 |             4
----------------------------------
          104 |     1 |            58
          104 |     2 |            28
          104 |     3 |            23
          104 |     4 |            13
          104 |     5 |            18
          104 |     6 |            11
          104 |     7 |             7
          104 |     8 |             3
          104 |     9 |             3
          104 |    10 |             8
          104 |    11 |             9
          104 |    12 |             4
          104 |    13 |             6
          104 |    14 |             2
          104 |    15 |             3
          104 |    16 |             4
          104 |    17 |             2
          104 |    18 |             3
          104 |    19 |             3
----------------------------------
          105 |     1 |            74
          105 |     2 |            47
          105 |     3 |            41
          105 |     4 |            22
          105 |     5 |            24
          105 |     6 |            11
          105 |     7 |            13
          105 |     8 |            12
          105 |     9 |            11
          105 |    10 |             7
          105 |    11 |             5
          105 |    12 |             6
          105 |    13 |             6
          105 |    14 |             6
          105 |    15 |            10
          105 |    16 |             8
          105 |    17 |             6
          105 |    18 |             3
          105 |    19 |             3
----------------------------------
          106 |     1 |            28
          106 |     2 |            21
          106 |     3 |            17
          106 |     4 |             9
          106 |     5 |            11
          106 |     6 |            14
          106 |     7 |            11
          106 |     8 |            13
          106 |     9 |            10
          106 |    10 |            11
          106 |    11 |            11
          106 |    12 |            10
          106 |    13 |             9
          106 |    14 |             8
          106 |    15 |            11
          106 |    16 |             5
          106 |    17 |             2
          106 |    18 |             9
          106 |    19 |             2
----------------------------------
          107 |     1 |           103
          107 |     2 |            73
          107 |     3 |            57
          107 |     4 |            37
          107 |     5 |            39
          107 |     6 |            31
          107 |     7 |            30
          107 |     8 |            18
          107 |     9 |            28
          107 |    10 |            17
          107 |    11 |            18
          107 |    12 |            21
          107 |    13 |            12
          107 |    14 |            17
          107 |    15 |             6
          107 |    16 |             5
          107 |    17 |             6
          107 |    18 |            11
          107 |    19 |             6
----------------------------------
          108 |     1 |            33
          108 |     2 |            26
          108 |     3 |            22
          108 |     4 |            20
          108 |     5 |            19
          108 |     6 |            14
          108 |     7 |            11
          108 |     8 |             7
          108 |     9 |            10
          108 |    10 |             4
          108 |    11 |             6
          108 |    12 |            10
          108 |    13 |             6
          108 |    14 |             4
          108 |    15 |            10
          108 |    16 |             3
          108 |    17 |             5
          108 |    18 |             5
          108 |    19 |             1
----------------------------------
          109 |     1 |            33
          109 |     2 |            29
          109 |     3 |             7
          109 |     4 |             7
          109 |     5 |             8
          109 |     6 |             9
          109 |     7 |             0
          109 |     8 |             1
          109 |     9 |             0
          109 |    10 |             2
          109 |    11 |             1
          109 |    12 |             0
          109 |    13 |             0
          109 |    14 |             4
          109 |    15 |             2
          109 |    16 |             2
          109 |    17 |             3
          109 |    18 |             1
          109 |    19 |             0
----------------------------------
----------------------------------
          111 |     1 |            32
          111 |     2 |            13
          111 |     3 |            18
          111 |     4 |            11
          111 |     5 |             9
          111 |     6 |             3
          111 |     7 |             6
          111 |     8 |             1
          111 |     9 |             4
          111 |    10 |             5
          111 |    11 |             0
          111 |    12 |             0
          111 |    13 |             3
          111 |    14 |             2
          111 |    15 |             0
          111 |    16 |             0
          111 |    17 |             2
          111 |    18 |             2
          111 |    19 |             0
----------------------------------
          112 |     1 |            17
          112 |     2 |            10
          112 |     3 |             6
          112 |     4 |            13
          112 |     5 |             7
          112 |     6 |            14
          112 |     7 |             2
          112 |     8 |             9
          112 |     9 |             7
          112 |    10 |             3
          112 |    11 |             6
          112 |    12 |             5
          112 |    13 |             3
          112 |    14 |             1
          112 |    15 |             2
          112 |    16 |             3
          112 |    17 |             2
          112 |    18 |             2
          112 |    19 |             0
----------------------------------
----------------------------------
----------------------------------
----------------------------------
----------------------------------
----------------------------------
----------------------------------
----------------------------------
----------------------------------
----------------------------------
          122 |     1 |            12
          122 |     2 |            14
          122 |     3 |            11
          122 |     4 |             5
          122 |     5 |            12
          122 |     6 |            11
          122 |     7 |            12
          122 |     8 |            10
          122 |     9 |             8
          122 |    10 |             6
          122 |    11 |             3
          122 |    12 |             5
          122 |    13 |             1
          122 |    14 |             3
          122 |    15 |             3
          122 |    16 |             2
          122 |    17 |             1
          122 |    18 |             2
          122 |    19 |             1
----------------------------------
----------------------------------
----------------------------------
----------------------------------
----------------------------------
----------------------------------
----------------------------------
----------------------------------
----------------------------------
----------------------------------
----------------------------------
----------------------------------
----------------------------------
----------------------------------
----------------------------------
----------------------------------
----------------------------------
----------------------------------
----------------------------------
----------------------------------
----------------------------------
----------------------------------
----------------------------------
----------------------------------
----------------------------------
----------------------------------
----------------------------------
----------------------------------
----------------------------------
----------------------------------
----------------------------------
----------------------------------
----------------------------------
----------------------------------
----------------------------------
----------------------------------
----------------------------------
----------------------------------
----------------------------------
----------------------------------
----------------------------------
----------------------------------
----------------------------------
----------------------------------
----------------------------------
----------------------------------
----------------------------------
----------------------------------
----------------------------------
----------------------------------
----------------------------------
----------------------------------
----------------------------------
----------------------------------
----------------------------------
----------------------------------
----------------------------------
----------------------------------
----------------------------------
----------------------------------
----------------------------------
----------------------------------
----------------------------------
----------------------------------
----------------------------------
----------------------------------
----------------------------------
----------------------------------
----------------------------------
