MinCut number | SSize | Number of cuts
----------------------------------
----------------------------------
----------------------------------
----------------------------------
----------------------------------
----------------------------------
----------------------------------
----------------------------------
----------------------------------
----------------------------------
----------------------------------
----------------------------------
----------------------------------
----------------------------------
----------------------------------
----------------------------------
----------------------------------
----------------------------------
----------------------------------
----------------------------------
----------------------------------
----------------------------------
----------------------------------
----------------------------------
----------------------------------
----------------------------------
----------------------------------
----------------------------------
           47 |     1 |            28
           47 |     2 |            14
           47 |     3 |            13
           47 |     4 |             6
           47 |     5 |             2
           47 |     6 |             2
           47 |     7 |             3
           47 |     8 |             3
           47 |     9 |             2
           47 |    10 |             3
           47 |    11 |             1
           47 |    12 |             1
           47 |    13 |             2
           47 |    14 |             3
           47 |    15 |             1
           47 |    16 |             5
           47 |    17 |             1
           47 |    18 |             2
           47 |    19 |             2
----------------------------------
----------------------------------
           49 |     1 |            29
           49 |     2 |            16
           49 |     3 |            10
           49 |     4 |             6
           49 |     5 |             4
           49 |     6 |             2
           49 |     7 |             3
           49 |     8 |             2
           49 |     9 |             4
           49 |    10 |             2
           49 |    11 |             0
           49 |    12 |             2
           49 |    13 |             2
           49 |    14 |             3
           49 |    15 |             2
           49 |    16 |             4
           49 |    17 |             3
           49 |    18 |             3
           49 |    19 |             1
----------------------------------
           50 |     1 |            32
           50 |     2 |            13
           50 |     3 |             8
           50 |     4 |             8
           50 |     5 |             3
           50 |     6 |             6
           50 |     7 |             2
           50 |     8 |             4
           50 |     9 |             2
           50 |    10 |             2
           50 |    11 |             1
           50 |    12 |             1
           50 |    13 |             2
           50 |    14 |             2
           50 |    15 |             3
           50 |    16 |             6
           50 |    17 |             3
           50 |    18 |             0
           50 |    19 |             2
----------------------------------
           51 |     1 |           104
           51 |     2 |            46
           51 |     3 |            33
           51 |     4 |            25
           51 |     5 |            16
           51 |     6 |            15
           51 |     7 |            13
           51 |     8 |             7
           51 |     9 |             6
           51 |    10 |            11
           51 |    11 |             4
           51 |    12 |             5
           51 |    13 |            11
           51 |    14 |             8
           51 |    15 |            12
           51 |    16 |             8
           51 |    17 |            15
           51 |    18 |            11
           51 |    19 |             7
----------------------------------
           52 |     1 |           102
           52 |     2 |            51
           52 |     3 |            29
           52 |     4 |            25
           52 |     5 |            16
           52 |     6 |            17
           52 |     7 |             7
           52 |     8 |            12
           52 |     9 |             5
           52 |    10 |            10
           52 |    11 |            10
           52 |    12 |             9
           52 |    13 |            15
           52 |    14 |            14
           52 |    15 |            13
           52 |    16 |            11
           52 |    17 |             7
           52 |    18 |             6
           52 |    19 |             5
----------------------------------
           53 |     1 |           121
           53 |     2 |            55
           53 |     3 |            36
           53 |     4 |            21
           53 |     5 |            16
           53 |     6 |            16
           53 |     7 |            18
           53 |     8 |            20
           53 |     9 |            13
           53 |    10 |             8
           53 |    11 |            13
           53 |    12 |             6
           53 |    13 |            13
           53 |    14 |            13
           53 |    15 |            13
           53 |    16 |            12
           53 |    17 |            15
           53 |    18 |             8
           53 |    19 |             7
----------------------------------
           54 |     1 |            97
           54 |     2 |            57
           54 |     3 |            28
           54 |     4 |            20
           54 |     5 |            21
           54 |     6 |            10
           54 |     7 |             8
           54 |     8 |            11
           54 |     9 |            15
           54 |    10 |            12
           54 |    11 |             9
           54 |    12 |            13
           54 |    13 |            12
           54 |    14 |            16
           54 |    15 |            10
           54 |    16 |            11
           54 |    17 |            15
           54 |    18 |             7
           54 |    19 |             6
----------------------------------
           55 |     1 |           129
           55 |     2 |            62
           55 |     3 |            37
           55 |     4 |            31
           55 |     5 |            25
           55 |     6 |            22
           55 |     7 |            27
           55 |     8 |            17
           55 |     9 |            18
           55 |    10 |             9
           55 |    11 |            11
           55 |    12 |            15
           55 |    13 |            20
           55 |    14 |            18
           55 |    15 |             6
           55 |    16 |            18
           55 |    17 |            10
           55 |    18 |            15
           55 |    19 |             5
----------------------------------
           56 |     1 |           261
           56 |     2 |           142
           56 |     3 |            95
           56 |     4 |            69
           56 |     5 |            44
           56 |     6 |            41
           56 |     7 |            28
           56 |     8 |            31
           56 |     9 |            25
           56 |    10 |            28
           56 |    11 |            25
           56 |    12 |            19
           56 |    13 |            33
           56 |    14 |            24
           56 |    15 |            21
           56 |    16 |            22
           56 |    17 |            20
           56 |    18 |            14
           56 |    19 |            10
----------------------------------
           57 |     1 |           239
           57 |     2 |           138
           57 |     3 |           102
           57 |     4 |            67
           57 |     5 |            51
           57 |     6 |            35
           57 |     7 |            47
           57 |     8 |            37
           57 |     9 |            28
           57 |    10 |            19
           57 |    11 |            27
           57 |    12 |            24
           57 |    13 |            33
           57 |    14 |            21
           57 |    15 |            19
           57 |    16 |            27
           57 |    17 |            24
           57 |    18 |            15
           57 |    19 |            16
----------------------------------
           58 |     1 |           436
           58 |     2 |           222
           58 |     3 |           174
           58 |     4 |           122
           58 |     5 |            84
           58 |     6 |            71
           58 |     7 |            74
           58 |     8 |            74
           58 |     9 |            61
           58 |    10 |            47
           58 |    11 |            44
           58 |    12 |            48
           58 |    13 |            38
           58 |    14 |            44
           58 |    15 |            37
           58 |    16 |            27
           58 |    17 |            32
           58 |    18 |            28
           58 |    19 |            19
----------------------------------
           59 |     1 |           362
           59 |     2 |           225
           59 |     3 |           149
           59 |     4 |           120
           59 |     5 |            97
           59 |     6 |            85
           59 |     7 |            68
           59 |     8 |            59
           59 |     9 |            38
           59 |    10 |            45
           59 |    11 |            45
           59 |    12 |            39
           59 |    13 |            44
           59 |    14 |            42
           59 |    15 |            39
           59 |    16 |            35
           59 |    17 |            39
           59 |    18 |            35
           59 |    19 |            27
----------------------------------
           60 |     1 |           446
           60 |     2 |           239
           60 |     3 |           179
           60 |     4 |           134
           60 |     5 |           110
           60 |     6 |            82
           60 |     7 |            71
           60 |     8 |            61
           60 |     9 |            59
           60 |    10 |            54
           60 |    11 |            55
           60 |    12 |            46
           60 |    13 |            51
           60 |    14 |            39
           60 |    15 |            47
           60 |    16 |            37
           60 |    17 |            38
           60 |    18 |            29
           60 |    19 |            23
----------------------------------
           61 |     1 |           501
           61 |     2 |           275
           61 |     3 |           211
           61 |     4 |           181
           61 |     5 |           132
           61 |     6 |           114
           61 |     7 |            83
           61 |     8 |            78
           61 |     9 |            74
           61 |    10 |            79
           61 |    11 |            60
           61 |    12 |            53
           61 |    13 |            49
           61 |    14 |            56
           61 |    15 |            52
           61 |    16 |            42
           61 |    17 |            39
           61 |    18 |            38
           61 |    19 |            18
----------------------------------
           62 |     1 |           606
           62 |     2 |           349
           62 |     3 |           235
           62 |     4 |           186
           62 |     5 |           134
           62 |     6 |           119
           62 |     7 |            97
           62 |     8 |            94
           62 |     9 |            95
           62 |    10 |            88
           62 |    11 |            87
           62 |    12 |            76
           62 |    13 |            57
           62 |    14 |            52
           62 |    15 |            54
           62 |    16 |            49
           62 |    17 |            41
           62 |    18 |            30
           62 |    19 |            31
----------------------------------
           63 |     1 |           650
           63 |     2 |           375
           63 |     3 |           271
           63 |     4 |           198
           63 |     5 |           164
           63 |     6 |           136
           63 |     7 |           108
           63 |     8 |           103
           63 |     9 |           100
           63 |    10 |            78
           63 |    11 |            94
           63 |    12 |            73
           63 |    13 |            58
           63 |    14 |            54
           63 |    15 |            68
           63 |    16 |            49
           63 |    17 |            51
           63 |    18 |            49
           63 |    19 |            30
----------------------------------
           64 |     1 |           570
           64 |     2 |           319
           64 |     3 |           232
           64 |     4 |           160
           64 |     5 |           161
           64 |     6 |           128
           64 |     7 |           108
           64 |     8 |            99
           64 |     9 |            90
           64 |    10 |            84
           64 |    11 |            80
           64 |    12 |            62
           64 |    13 |            51
           64 |    14 |            59
           64 |    15 |            63
           64 |    16 |            60
           64 |    17 |            45
           64 |    18 |            39
           64 |    19 |            22
----------------------------------
           65 |     1 |           818
           65 |     2 |           452
           65 |     3 |           335
           65 |     4 |           267
           65 |     5 |           198
           65 |     6 |           186
           65 |     7 |           162
           65 |     8 |           158
           65 |     9 |           132
           65 |    10 |           116
           65 |    11 |            88
           65 |    12 |            91
           65 |    13 |            78
           65 |    14 |            71
           65 |    15 |            83
           65 |    16 |            66
           65 |    17 |            62
           65 |    18 |            51
           65 |    19 |            31
----------------------------------
           66 |     1 |           644
           66 |     2 |           382
           66 |     3 |           270
           66 |     4 |           208
           66 |     5 |           167
           66 |     6 |           141
           66 |     7 |           131
           66 |     8 |           112
           66 |     9 |           117
           66 |    10 |           100
           66 |    11 |            93
           66 |    12 |            78
           66 |    13 |            64
           66 |    14 |            73
           66 |    15 |            63
           66 |    16 |            63
           66 |    17 |            54
           66 |    18 |            43
           66 |    19 |            35
----------------------------------
           67 |     1 |           501
           67 |     2 |           296
           67 |     3 |           210
           67 |     4 |           162
           67 |     5 |           124
           67 |     6 |           111
           67 |     7 |           115
           67 |     8 |            88
           67 |     9 |            87
           67 |    10 |            74
           67 |    11 |            74
           67 |    12 |            63
           67 |    13 |            58
           67 |    14 |            70
           67 |    15 |            57
           67 |    16 |            38
           67 |    17 |            39
           67 |    18 |            25
           67 |    19 |            19
----------------------------------
           68 |     1 |           724
           68 |     2 |           450
           68 |     3 |           308
           68 |     4 |           266
           68 |     5 |           208
           68 |     6 |           167
           68 |     7 |           155
           68 |     8 |           152
           68 |     9 |           122
           68 |    10 |           120
           68 |    11 |           102
           68 |    12 |            90
           68 |    13 |            95
           68 |    14 |            91
           68 |    15 |            79
           68 |    16 |            72
           68 |    17 |            53
           68 |    18 |            45
           68 |    19 |            33
----------------------------------
           69 |     1 |           801
           69 |     2 |           463
           69 |     3 |           336
           69 |     4 |           285
           69 |     5 |           233
           69 |     6 |           183
           69 |     7 |           160
           69 |     8 |           160
           69 |     9 |           142
           69 |    10 |           123
           69 |    11 |           112
           69 |    12 |           117
           69 |    13 |            88
           69 |    14 |            85
           69 |    15 |            73
           69 |    16 |            68
           69 |    17 |            57
           69 |    18 |            61
           69 |    19 |            41
----------------------------------
           70 |     1 |           630
           70 |     2 |           385
           70 |     3 |           293
           70 |     4 |           237
           70 |     5 |           184
           70 |     6 |           173
           70 |     7 |           126
           70 |     8 |           122
           70 |     9 |           106
           70 |    10 |            87
           70 |    11 |            98
           70 |    12 |            88
           70 |    13 |            81
           70 |    14 |            81
           70 |    15 |            57
           70 |    16 |            65
           70 |    17 |            54
           70 |    18 |            42
           70 |    19 |            31
----------------------------------
           71 |     1 |           569
           71 |     2 |           383
           71 |     3 |           268
           71 |     4 |           219
           71 |     5 |           174
           71 |     6 |           150
           71 |     7 |           134
           71 |     8 |           116
           71 |     9 |            93
           71 |    10 |            78
           71 |    11 |            88
           71 |    12 |            92
           71 |    13 |            81
           71 |    14 |            65
           71 |    15 |            72
           71 |    16 |            49
           71 |    17 |            66
           71 |    18 |            42
           71 |    19 |            30
----------------------------------
           72 |     1 |           554
           72 |     2 |           333
           72 |     3 |           235
           72 |     4 |           207
           72 |     5 |           168
           72 |     6 |           159
           72 |     7 |           135
           72 |     8 |           115
           72 |     9 |           111
           72 |    10 |            96
           72 |    11 |            85
           72 |    12 |            91
           72 |    13 |            80
           72 |    14 |            59
           72 |    15 |            66
           72 |    16 |            50
           72 |    17 |            50
           72 |    18 |            47
           72 |    19 |            23
----------------------------------
           73 |     1 |           573
           73 |     2 |           372
           73 |     3 |           252
           73 |     4 |           209
           73 |     5 |           191
           73 |     6 |           152
           73 |     7 |           127
           73 |     8 |           118
           73 |     9 |            98
           73 |    10 |            86
           73 |    11 |            75
           73 |    12 |            81
           73 |    13 |            86
           73 |    14 |            63
           73 |    15 |            61
           73 |    16 |            56
           73 |    17 |            44
           73 |    18 |            34
           73 |    19 |            23
----------------------------------
           74 |     1 |           564
           74 |     2 |           361
           74 |     3 |           263
           74 |     4 |           217
           74 |     5 |           176
           74 |     6 |           141
           74 |     7 |           139
           74 |     8 |           123
           74 |     9 |           108
           74 |    10 |            95
           74 |    11 |            75
           74 |    12 |            72
           74 |    13 |            59
           74 |    14 |            66
           74 |    15 |            60
           74 |    16 |            54
           74 |    17 |            36
           74 |    18 |            31
           74 |    19 |            24
----------------------------------
           75 |     1 |           452
           75 |     2 |           277
           75 |     3 |           222
           75 |     4 |           158
           75 |     5 |           139
           75 |     6 |           117
           75 |     7 |           115
           75 |     8 |           105
           75 |     9 |            96
           75 |    10 |            85
           75 |    11 |            83
           75 |    12 |            70
           75 |    13 |            70
           75 |    14 |            57
           75 |    15 |            52
           75 |    16 |            57
           75 |    17 |            43
           75 |    18 |            34
           75 |    19 |            18
----------------------------------
           76 |     1 |           423
           76 |     2 |           265
           76 |     3 |           214
           76 |     4 |           160
           76 |     5 |           153
           76 |     6 |           101
           76 |     7 |            91
           76 |     8 |            94
           76 |     9 |            73
           76 |    10 |            61
           76 |    11 |            78
           76 |    12 |            57
           76 |    13 |            55
           76 |    14 |            53
           76 |    15 |            50
           76 |    16 |            47
           76 |    17 |            37
           76 |    18 |            25
           76 |    19 |            15
----------------------------------
           77 |     1 |           381
           77 |     2 |           236
           77 |     3 |           172
           77 |     4 |           149
           77 |     5 |           118
           77 |     6 |           114
           77 |     7 |           100
           77 |     8 |            80
           77 |     9 |            64
           77 |    10 |            59
           77 |    11 |            53
           77 |    12 |            55
           77 |    13 |            53
           77 |    14 |            42
           77 |    15 |            37
           77 |    16 |            51
           77 |    17 |            39
           77 |    18 |            28
           77 |    19 |            17
----------------------------------
           78 |     1 |           506
           78 |     2 |           303
           78 |     3 |           214
           78 |     4 |           196
           78 |     5 |           164
           78 |     6 |           133
           78 |     7 |           121
           78 |     8 |           128
           78 |     9 |           109
           78 |    10 |            95
           78 |    11 |            84
           78 |    12 |            87
           78 |    13 |            80
           78 |    14 |            72
           78 |    15 |            60
           78 |    16 |            45
           78 |    17 |            38
           78 |    18 |            33
           78 |    19 |            28
----------------------------------
           79 |     1 |           428
           79 |     2 |           270
           79 |     3 |           209
           79 |     4 |           167
           79 |     5 |           149
           79 |     6 |           121
           79 |     7 |           113
           79 |     8 |            93
           79 |     9 |            99
           79 |    10 |            84
           79 |    11 |            65
           79 |    12 |            61
           79 |    13 |            60
           79 |    14 |            63
           79 |    15 |            39
           79 |    16 |            40
           79 |    17 |            35
           79 |    18 |            21
           79 |    19 |            16
----------------------------------
           80 |     1 |           272
           80 |     2 |           174
           80 |     3 |           143
           80 |     4 |            94
           80 |     5 |            80
           80 |     6 |            91
           80 |     7 |            76
           80 |     8 |            72
           80 |     9 |            62
           80 |    10 |            50
           80 |    11 |            56
           80 |    12 |            49
           80 |    13 |            52
           80 |    14 |            40
           80 |    15 |            42
           80 |    16 |            28
           80 |    17 |            24
           80 |    18 |            19
           80 |    19 |            16
----------------------------------
           81 |     1 |           200
           81 |     2 |           117
           81 |     3 |           101
           81 |     4 |            75
           81 |     5 |            57
           81 |     6 |            69
           81 |     7 |            61
           81 |     8 |            52
           81 |     9 |            45
           81 |    10 |            45
           81 |    11 |            36
           81 |    12 |            39
           81 |    13 |            39
           81 |    14 |            28
           81 |    15 |            29
           81 |    16 |            24
           81 |    17 |            14
           81 |    18 |            12
           81 |    19 |            10
----------------------------------
           82 |     1 |           192
           82 |     2 |           130
           82 |     3 |            91
           82 |     4 |            85
           82 |     5 |            74
           82 |     6 |            65
           82 |     7 |            64
           82 |     8 |            48
           82 |     9 |            46
           82 |    10 |            43
           82 |    11 |            38
           82 |    12 |            33
           82 |    13 |            38
           82 |    14 |            29
           82 |    15 |            24
           82 |    16 |            28
           82 |    17 |            11
           82 |    18 |            18
           82 |    19 |             9
----------------------------------
           83 |     1 |           234
           83 |     2 |           149
           83 |     3 |           126
           83 |     4 |            94
           83 |     5 |            85
           83 |     6 |            64
           83 |     7 |            70
           83 |     8 |            57
           83 |     9 |            53
           83 |    10 |            59
           83 |    11 |            37
           83 |    12 |            33
           83 |    13 |            37
           83 |    14 |            35
           83 |    15 |            30
           83 |    16 |            24
           83 |    17 |            27
           83 |    18 |            17
           83 |    19 |            14
----------------------------------
           84 |     1 |           189
           84 |     2 |           122
           84 |     3 |            99
           84 |     4 |            68
           84 |     5 |            66
           84 |     6 |            53
           84 |     7 |            55
           84 |     8 |            57
           84 |     9 |            50
           84 |    10 |            43
           84 |    11 |            44
           84 |    12 |            32
           84 |    13 |            35
           84 |    14 |            28
           84 |    15 |            19
           84 |    16 |            15
           84 |    17 |            10
           84 |    18 |            13
           84 |    19 |            10
----------------------------------
           85 |     1 |            54
           85 |     2 |            48
           85 |     3 |            32
           85 |     4 |            30
           85 |     5 |            25
           85 |     6 |            26
           85 |     7 |            21
           85 |     8 |            11
           85 |     9 |            14
           85 |    10 |            16
           85 |    11 |            10
           85 |    12 |            10
           85 |    13 |            11
           85 |    14 |             9
           85 |    15 |             5
           85 |    16 |             7
           85 |    17 |             5
           85 |    18 |             4
           85 |    19 |             2
----------------------------------
           86 |     1 |           120
           86 |     2 |            66
           86 |     3 |            56
           86 |     4 |            59
           86 |     5 |            35
           86 |     6 |            35
           86 |     7 |            29
           86 |     8 |            22
           86 |     9 |            24
           86 |    10 |            20
           86 |    11 |            16
           86 |    12 |            15
           86 |    13 |            19
           86 |    14 |            13
           86 |    15 |            18
           86 |    16 |            16
           86 |    17 |            18
           86 |    18 |            14
           86 |    19 |             7
----------------------------------
           87 |     1 |            64
           87 |     2 |            46
           87 |     3 |            37
           87 |     4 |            29
           87 |     5 |            20
           87 |     6 |            13
           87 |     7 |            22
           87 |     8 |            22
           87 |     9 |            17
           87 |    10 |            18
           87 |    11 |            12
           87 |    12 |            11
           87 |    13 |            11
           87 |    14 |             7
           87 |    15 |             7
           87 |    16 |             8
           87 |    17 |             2
           87 |    18 |             1
           87 |    19 |             1
----------------------------------
           88 |     1 |           109
           88 |     2 |            61
           88 |     3 |            50
           88 |     4 |            48
           88 |     5 |            35
           88 |     6 |            39
           88 |     7 |            39
           88 |     8 |            32
           88 |     9 |            25
           88 |    10 |            18
           88 |    11 |            19
           88 |    12 |            27
           88 |    13 |            23
           88 |    14 |            17
           88 |    15 |            22
           88 |    16 |            14
           88 |    17 |            17
           88 |    18 |            14
           88 |    19 |             7
----------------------------------
           89 |     1 |            87
           89 |     2 |            48
           89 |     3 |            35
           89 |     4 |            37
           89 |     5 |            30
           89 |     6 |            21
           89 |     7 |            25
           89 |     8 |            18
           89 |     9 |            16
           89 |    10 |            13
           89 |    11 |            17
           89 |    12 |            19
           89 |    13 |            20
           89 |    14 |            16
           89 |    15 |            12
           89 |    16 |            12
           89 |    17 |             8
           89 |    18 |             7
           89 |    19 |             4
----------------------------------
           90 |     1 |            27
           90 |     2 |            15
           90 |     3 |            12
           90 |     4 |            12
           90 |     5 |            12
           90 |     6 |             9
           90 |     7 |            13
           90 |     8 |            10
           90 |     9 |            13
           90 |    10 |             8
           90 |    11 |             9
           90 |    12 |             9
           90 |    13 |             7
           90 |    14 |             5
           90 |    15 |             6
           90 |    16 |             5
           90 |    17 |             1
           90 |    18 |             4
           90 |    19 |             3
----------------------------------
           91 |     1 |            15
           91 |     2 |             8
           91 |     3 |             3
           91 |     4 |             5
           91 |     5 |             2
           91 |     6 |             7
           91 |     7 |             8
           91 |     8 |             6
           91 |     9 |             7
           91 |    10 |             7
           91 |    11 |             2
           91 |    12 |             5
           91 |    13 |             5
           91 |    14 |             4
           91 |    15 |             4
           91 |    16 |             1
           91 |    17 |             1
           91 |    18 |             1
           91 |    19 |             0
----------------------------------
           92 |     1 |            59
           92 |     2 |            47
           92 |     3 |            31
           92 |     4 |            28
           92 |     5 |            27
           92 |     6 |            20
           92 |     7 |            22
           92 |     8 |            20
           92 |     9 |            16
           92 |    10 |            14
           92 |    11 |            11
           92 |    12 |            18
           92 |    13 |            12
           92 |    14 |            12
           92 |    15 |            10
           92 |    16 |             7
           92 |    17 |             6
           92 |    18 |             4
           92 |    19 |             4
----------------------------------
           93 |     1 |            60
           93 |     2 |            38
           93 |     3 |            33
           93 |     4 |            26
           93 |     5 |            31
           93 |     6 |            18
           93 |     7 |            21
           93 |     8 |            27
           93 |     9 |            27
           93 |    10 |            14
           93 |    11 |            12
           93 |    12 |            14
           93 |    13 |            15
           93 |    14 |             9
           93 |    15 |            13
           93 |    16 |             6
           93 |    17 |             3
           93 |    18 |             4
           93 |    19 |             1
----------------------------------
           94 |     1 |            50
           94 |     2 |            39
           94 |     3 |            20
           94 |     4 |            20
           94 |     5 |            14
           94 |     6 |            15
           94 |     7 |            12
           94 |     8 |            15
           94 |     9 |             7
           94 |    10 |            11
           94 |    11 |            12
           94 |    12 |            10
           94 |    13 |            15
           94 |    14 |            12
           94 |    15 |             9
           94 |    16 |             7
           94 |    17 |             7
           94 |    18 |             4
           94 |    19 |             3
----------------------------------
           95 |     1 |            37
           95 |     2 |            24
           95 |     3 |            16
           95 |     4 |            15
           95 |     5 |            10
           95 |     6 |            11
           95 |     7 |            14
           95 |     8 |            12
           95 |     9 |             7
           95 |    10 |             8
           95 |    11 |             9
           95 |    12 |             8
           95 |    13 |             0
           95 |    14 |             6
           95 |    15 |             9
           95 |    16 |             3
           95 |    17 |             1
           95 |    18 |             0
           95 |    19 |             0
----------------------------------
           96 |     1 |            11
           96 |     2 |             7
           96 |     3 |             6
           96 |     4 |             7
           96 |     5 |             3
           96 |     6 |             8
           96 |     7 |             8
           96 |     8 |             7
           96 |     9 |             7
           96 |    10 |             5
           96 |    11 |             3
           96 |    12 |             5
           96 |    13 |             2
           96 |    14 |             5
           96 |    15 |             5
           96 |    16 |             4
           96 |    17 |             1
           96 |    18 |             1
           96 |    19 |             1
----------------------------------
           97 |     1 |            16
           97 |     2 |            13
           97 |     3 |             7
           97 |     4 |            10
           97 |     5 |             3
           97 |     6 |             2
           97 |     7 |             6
           97 |     8 |             4
           97 |     9 |             5
           97 |    10 |             6
           97 |    11 |             6
           97 |    12 |             4
           97 |    13 |             4
           97 |    14 |             3
           97 |    15 |             5
           97 |    16 |             1
           97 |    17 |             2
           97 |    18 |             0
           97 |    19 |             0
----------------------------------
----------------------------------
----------------------------------
          100 |     1 |            15
          100 |     2 |            10
          100 |     3 |             7
          100 |     4 |             8
          100 |     5 |             6
          100 |     6 |             8
          100 |     7 |             4
          100 |     8 |             7
          100 |     9 |             6
          100 |    10 |             9
          100 |    11 |             4
          100 |    12 |             4
          100 |    13 |             5
          100 |    14 |             2
          100 |    15 |             2
          100 |    16 |             0
          100 |    17 |             1
          100 |    18 |             1
          100 |    19 |             1
----------------------------------
----------------------------------
          102 |     1 |            15
          102 |     2 |             9
          102 |     3 |             9
          102 |     4 |             3
          102 |     5 |             4
          102 |     6 |             3
          102 |     7 |            10
          102 |     8 |             7
          102 |     9 |             7
          102 |    10 |             7
          102 |    11 |             5
          102 |    12 |             5
          102 |    13 |             3
          102 |    14 |             6
          102 |    15 |             2
          102 |    16 |             2
          102 |    17 |             3
          102 |    18 |             1
          102 |    19 |             1
----------------------------------
----------------------------------
----------------------------------
----------------------------------
----------------------------------
          107 |     1 |            20
          107 |     2 |            14
          107 |     3 |             8
          107 |     4 |             4
          107 |     5 |             8
          107 |     6 |             7
          107 |     7 |            12
          107 |     8 |             6
          107 |     9 |             4
          107 |    10 |             1
          107 |    11 |             4
          107 |    12 |             4
          107 |    13 |             4
          107 |    14 |             3
          107 |    15 |             2
          107 |    16 |             3
          107 |    17 |             2
          107 |    18 |             0
          107 |    19 |             1
----------------------------------
----------------------------------
----------------------------------
----------------------------------
----------------------------------
----------------------------------
----------------------------------
----------------------------------
----------------------------------
----------------------------------
----------------------------------
----------------------------------
----------------------------------
----------------------------------
----------------------------------
----------------------------------
----------------------------------
----------------------------------
----------------------------------
----------------------------------
----------------------------------
----------------------------------
----------------------------------
----------------------------------
----------------------------------
----------------------------------
----------------------------------
----------------------------------
----------------------------------
----------------------------------
----------------------------------
----------------------------------
----------------------------------
----------------------------------
----------------------------------
----------------------------------
----------------------------------
----------------------------------
----------------------------------
----------------------------------
----------------------------------
----------------------------------
----------------------------------
----------------------------------
----------------------------------
----------------------------------
----------------------------------
----------------------------------
----------------------------------
----------------------------------
----------------------------------
----------------------------------
----------------------------------
----------------------------------
----------------------------------
----------------------------------
----------------------------------
----------------------------------
----------------------------------
----------------------------------
----------------------------------
----------------------------------
----------------------------------
----------------------------------
----------------------------------
----------------------------------
----------------------------------
----------------------------------
----------------------------------
----------------------------------
----------------------------------
----------------------------------
----------------------------------
----------------------------------
----------------------------------
----------------------------------
----------------------------------
----------------------------------
----------------------------------
----------------------------------
----------------------------------
----------------------------------
----------------------------------
----------------------------------
