MinCut number | SSize | Number of cuts
----------------------------------
----------------------------------
----------------------------------
----------------------------------
----------------------------------
----------------------------------
----------------------------------
----------------------------------
----------------------------------
----------------------------------
----------------------------------
----------------------------------
----------------------------------
----------------------------------
----------------------------------
----------------------------------
----------------------------------
----------------------------------
----------------------------------
----------------------------------
----------------------------------
----------------------------------
----------------------------------
           42 |     1 |            38
           42 |     2 |            21
           42 |     3 |             5
           42 |     4 |             5
           42 |     5 |             7
           42 |     6 |             3
           42 |     7 |             4
           42 |     8 |             4
           42 |     9 |             5
           42 |    10 |             3
           42 |    11 |             4
           42 |    12 |             1
           42 |    13 |             1
           42 |    14 |             4
           42 |    15 |             3
           42 |    16 |             3
           42 |    17 |             5
           42 |    18 |             6
           42 |    19 |             4
----------------------------------
           43 |     1 |            11
           43 |     2 |             5
           43 |     3 |             5
           43 |     4 |             2
           43 |     5 |             1
           43 |     6 |             0
           43 |     7 |             1
           43 |     8 |             0
           43 |     9 |             1
           43 |    10 |             0
           43 |    11 |             1
           43 |    12 |             0
           43 |    13 |             2
           43 |    14 |             1
           43 |    15 |             2
           43 |    16 |             3
           43 |    17 |             2
           43 |    18 |             4
           43 |    19 |             2
----------------------------------
----------------------------------
           45 |     1 |            40
           45 |     2 |            15
           45 |     3 |            16
           45 |     4 |             8
           45 |     5 |             4
           45 |     6 |             2
           45 |     7 |             2
           45 |     8 |             2
           45 |     9 |             3
           45 |    10 |             4
           45 |    11 |             6
           45 |    12 |             2
           45 |    13 |             3
           45 |    14 |             4
           45 |    15 |             5
           45 |    16 |             6
           45 |    17 |             3
           45 |    18 |             7
           45 |    19 |             3
----------------------------------
           46 |     1 |            76
           46 |     2 |            34
           46 |     3 |            29
           46 |     4 |             6
           46 |     5 |             9
           46 |     6 |             8
           46 |     7 |            14
           46 |     8 |             6
           46 |     9 |             5
           46 |    10 |            10
           46 |    11 |             3
           46 |    12 |            13
           46 |    13 |             9
           46 |    14 |            14
           46 |    15 |             5
           46 |    16 |             9
           46 |    17 |             9
           46 |    18 |            13
           46 |    19 |             4
----------------------------------
           47 |     1 |            41
           47 |     2 |            17
           47 |     3 |            10
           47 |     4 |             3
           47 |     5 |             4
           47 |     6 |             3
           47 |     7 |             6
           47 |     8 |             6
           47 |     9 |             5
           47 |    10 |             2
           47 |    11 |             5
           47 |    12 |             4
           47 |    13 |             2
           47 |    14 |             1
           47 |    15 |             7
           47 |    16 |             7
           47 |    17 |             6
           47 |    18 |             6
           47 |    19 |             6
----------------------------------
           48 |     1 |            93
           48 |     2 |            27
           48 |     3 |            26
           48 |     4 |            13
           48 |     5 |            12
           48 |     6 |             8
           48 |     7 |            10
           48 |     8 |            14
           48 |     9 |             3
           48 |    10 |             4
           48 |    11 |            11
           48 |    12 |             9
           48 |    13 |            13
           48 |    14 |             6
           48 |    15 |             6
           48 |    16 |             1
           48 |    17 |             7
           48 |    18 |            12
           48 |    19 |            13
----------------------------------
           49 |     1 |            41
           49 |     2 |            19
           49 |     3 |             7
           49 |     4 |             7
           49 |     5 |             4
           49 |     6 |             5
           49 |     7 |             1
           49 |     8 |             3
           49 |     9 |             8
           49 |    10 |             8
           49 |    11 |            11
           49 |    12 |             1
           49 |    13 |             5
           49 |    14 |             2
           49 |    15 |             2
           49 |    16 |             4
           49 |    17 |             6
           49 |    18 |             8
           49 |    19 |             5
----------------------------------
           50 |     1 |            83
           50 |     2 |            36
           50 |     3 |            25
           50 |     4 |            20
           50 |     5 |            11
           50 |     6 |            11
           50 |     7 |            11
           50 |     8 |            14
           50 |     9 |             5
           50 |    10 |             8
           50 |    11 |             6
           50 |    12 |             9
           50 |    13 |             4
           50 |    14 |            12
           50 |    15 |            10
           50 |    16 |            13
           50 |    17 |             6
           50 |    18 |             5
           50 |    19 |            11
----------------------------------
           51 |     1 |           152
           51 |     2 |            75
           51 |     3 |            32
           51 |     4 |            30
           51 |     5 |            32
           51 |     6 |            25
           51 |     7 |            16
           51 |     8 |             7
           51 |     9 |            11
           51 |    10 |            15
           51 |    11 |             5
           51 |    12 |            18
           51 |    13 |            17
           51 |    14 |            10
           51 |    15 |            13
           51 |    16 |            19
           51 |    17 |            13
           51 |    18 |            11
           51 |    19 |             9
----------------------------------
           52 |     1 |           126
           52 |     2 |            43
           52 |     3 |            37
           52 |     4 |            13
           52 |     5 |            13
           52 |     6 |             9
           52 |     7 |            12
           52 |     8 |             4
           52 |     9 |             4
           52 |    10 |             5
           52 |    11 |             4
           52 |    12 |             5
           52 |    13 |             9
           52 |    14 |            13
           52 |    15 |            12
           52 |    16 |            17
           52 |    17 |            17
           52 |    18 |            10
           52 |    19 |            11
----------------------------------
           53 |     1 |           252
           53 |     2 |           135
           53 |     3 |            88
           53 |     4 |            50
           53 |     5 |            43
           53 |     6 |            30
           53 |     7 |            28
           53 |     8 |            17
           53 |     9 |            28
           53 |    10 |            24
           53 |    11 |            29
           53 |    12 |            24
           53 |    13 |            37
           53 |    14 |            32
           53 |    15 |            29
           53 |    16 |            27
           53 |    17 |            26
           53 |    18 |            26
           53 |    19 |            29
----------------------------------
           54 |     1 |           100
           54 |     2 |            46
           54 |     3 |            30
           54 |     4 |            27
           54 |     5 |            14
           54 |     6 |            14
           54 |     7 |            13
           54 |     8 |            12
           54 |     9 |            17
           54 |    10 |            14
           54 |    11 |            12
           54 |    12 |             8
           54 |    13 |             8
           54 |    14 |            11
           54 |    15 |            12
           54 |    16 |            12
           54 |    17 |            11
           54 |    18 |             8
           54 |    19 |             9
----------------------------------
           55 |     1 |           338
           55 |     2 |           165
           55 |     3 |           104
           55 |     4 |            89
           55 |     5 |            49
           55 |     6 |            42
           55 |     7 |            41
           55 |     8 |            25
           55 |     9 |            24
           55 |    10 |            39
           55 |    11 |            38
           55 |    12 |            34
           55 |    13 |            26
           55 |    14 |            37
           55 |    15 |            26
           55 |    16 |            29
           55 |    17 |            43
           55 |    18 |            31
           55 |    19 |            30
----------------------------------
           56 |     1 |           208
           56 |     2 |           118
           56 |     3 |            83
           56 |     4 |            56
           56 |     5 |            33
           56 |     6 |            30
           56 |     7 |            20
           56 |     8 |            25
           56 |     9 |            25
           56 |    10 |            20
           56 |    11 |            22
           56 |    12 |            17
           56 |    13 |            23
           56 |    14 |            31
           56 |    15 |            27
           56 |    16 |            30
           56 |    17 |            23
           56 |    18 |            23
           56 |    19 |            26
----------------------------------
           57 |     1 |           265
           57 |     2 |           138
           57 |     3 |            86
           57 |     4 |            56
           57 |     5 |            25
           57 |     6 |            34
           57 |     7 |            22
           57 |     8 |            32
           57 |     9 |            26
           57 |    10 |            15
           57 |    11 |            22
           57 |    12 |            20
           57 |    13 |            20
           57 |    14 |            22
           57 |    15 |            31
           57 |    16 |            26
           57 |    17 |            30
           57 |    18 |            20
           57 |    19 |            22
----------------------------------
           58 |     1 |           450
           58 |     2 |           213
           58 |     3 |           116
           58 |     4 |            95
           58 |     5 |            79
           58 |     6 |            66
           58 |     7 |            62
           58 |     8 |            41
           58 |     9 |            51
           58 |    10 |            32
           58 |    11 |            24
           58 |    12 |            40
           58 |    13 |            45
           58 |    14 |            43
           58 |    15 |            35
           58 |    16 |            48
           58 |    17 |            52
           58 |    18 |            45
           58 |    19 |            29
----------------------------------
           59 |     1 |           397
           59 |     2 |           185
           59 |     3 |           121
           59 |     4 |            95
           59 |     5 |            65
           59 |     6 |            53
           59 |     7 |            62
           59 |     8 |            41
           59 |     9 |            40
           59 |    10 |            45
           59 |    11 |            38
           59 |    12 |            29
           59 |    13 |            35
           59 |    14 |            33
           59 |    15 |            41
           59 |    16 |            26
           59 |    17 |            38
           59 |    18 |            33
           59 |    19 |            39
----------------------------------
           60 |     1 |           404
           60 |     2 |           178
           60 |     3 |           119
           60 |     4 |            82
           60 |     5 |            70
           60 |     6 |            63
           60 |     7 |            37
           60 |     8 |            36
           60 |     9 |            38
           60 |    10 |            27
           60 |    11 |            29
           60 |    12 |            33
           60 |    13 |            22
           60 |    14 |            28
           60 |    15 |            38
           60 |    16 |            40
           60 |    17 |            52
           60 |    18 |            47
           60 |    19 |            37
----------------------------------
           61 |     1 |           438
           61 |     2 |           226
           61 |     3 |           160
           61 |     4 |           111
           61 |     5 |            72
           61 |     6 |            49
           61 |     7 |            48
           61 |     8 |            45
           61 |     9 |            34
           61 |    10 |            38
           61 |    11 |            40
           61 |    12 |            29
           61 |    13 |            44
           61 |    14 |            34
           61 |    15 |            42
           61 |    16 |            46
           61 |    17 |            43
           61 |    18 |            43
           61 |    19 |            44
----------------------------------
           62 |     1 |           342
           62 |     2 |           188
           62 |     3 |           116
           62 |     4 |            80
           62 |     5 |            79
           62 |     6 |            57
           62 |     7 |            46
           62 |     8 |            35
           62 |     9 |            31
           62 |    10 |            41
           62 |    11 |            44
           62 |    12 |            39
           62 |    13 |            35
           62 |    14 |            41
           62 |    15 |            44
           62 |    16 |            42
           62 |    17 |            42
           62 |    18 |            38
           62 |    19 |            24
----------------------------------
           63 |     1 |           422
           63 |     2 |           234
           63 |     3 |           172
           63 |     4 |           103
           63 |     5 |            79
           63 |     6 |            60
           63 |     7 |            47
           63 |     8 |            41
           63 |     9 |            48
           63 |    10 |            28
           63 |    11 |            41
           63 |    12 |            40
           63 |    13 |            32
           63 |    14 |            65
           63 |    15 |            50
           63 |    16 |            53
           63 |    17 |            54
           63 |    18 |            39
           63 |    19 |            30
----------------------------------
           64 |     1 |           438
           64 |     2 |           231
           64 |     3 |           159
           64 |     4 |           105
           64 |     5 |            77
           64 |     6 |            59
           64 |     7 |            61
           64 |     8 |            55
           64 |     9 |            34
           64 |    10 |            33
           64 |    11 |            23
           64 |    12 |            37
           64 |    13 |            34
           64 |    14 |            34
           64 |    15 |            43
           64 |    16 |            44
           64 |    17 |            37
           64 |    18 |            54
           64 |    19 |            42
----------------------------------
           65 |     1 |           498
           65 |     2 |           273
           65 |     3 |           181
           65 |     4 |           139
           65 |     5 |           107
           65 |     6 |            72
           65 |     7 |            62
           65 |     8 |            52
           65 |     9 |            45
           65 |    10 |            44
           65 |    11 |            40
           65 |    12 |            43
           65 |    13 |            54
           65 |    14 |            47
           65 |    15 |            42
           65 |    16 |            47
           65 |    17 |            59
           65 |    18 |            48
           65 |    19 |            32
----------------------------------
           66 |     1 |           523
           66 |     2 |           255
           66 |     3 |           162
           66 |     4 |           135
           66 |     5 |           109
           66 |     6 |            72
           66 |     7 |            78
           66 |     8 |            51
           66 |     9 |            55
           66 |    10 |            63
           66 |    11 |            67
           66 |    12 |            48
           66 |    13 |            58
           66 |    14 |            47
           66 |    15 |            48
           66 |    16 |            66
           66 |    17 |            58
           66 |    18 |            44
           66 |    19 |            41
----------------------------------
           67 |     1 |           499
           67 |     2 |           296
           67 |     3 |           181
           67 |     4 |           151
           67 |     5 |           110
           67 |     6 |            67
           67 |     7 |            72
           67 |     8 |            63
           67 |     9 |            64
           67 |    10 |            68
           67 |    11 |            70
           67 |    12 |            41
           67 |    13 |            50
           67 |    14 |            43
           67 |    15 |            44
           67 |    16 |            50
           67 |    17 |            54
           67 |    18 |            43
           67 |    19 |            44
----------------------------------
           68 |     1 |           542
           68 |     2 |           292
           68 |     3 |           206
           68 |     4 |           130
           68 |     5 |           103
           68 |     6 |           101
           68 |     7 |            62
           68 |     8 |            59
           68 |     9 |            52
           68 |    10 |            47
           68 |    11 |            46
           68 |    12 |            69
           68 |    13 |            58
           68 |    14 |            64
           68 |    15 |            71
           68 |    16 |            49
           68 |    17 |            53
           68 |    18 |            51
           68 |    19 |            53
----------------------------------
           69 |     1 |           353
           69 |     2 |           205
           69 |     3 |           151
           69 |     4 |            90
           69 |     5 |            81
           69 |     6 |            62
           69 |     7 |            45
           69 |     8 |            49
           69 |     9 |            45
           69 |    10 |            43
           69 |    11 |            41
           69 |    12 |            35
           69 |    13 |            40
           69 |    14 |            30
           69 |    15 |            28
           69 |    16 |            28
           69 |    17 |            43
           69 |    18 |            46
           69 |    19 |            34
----------------------------------
           70 |     1 |           618
           70 |     2 |           361
           70 |     3 |           218
           70 |     4 |           179
           70 |     5 |           134
           70 |     6 |           122
           70 |     7 |           107
           70 |     8 |            87
           70 |     9 |            67
           70 |    10 |            70
           70 |    11 |            51
           70 |    12 |            54
           70 |    13 |            64
           70 |    14 |            73
           70 |    15 |            56
           70 |    16 |            73
           70 |    17 |            78
           70 |    18 |            58
           70 |    19 |            50
----------------------------------
           71 |     1 |           702
           71 |     2 |           420
           71 |     3 |           260
           71 |     4 |           189
           71 |     5 |           129
           71 |     6 |           101
           71 |     7 |           103
           71 |     8 |            82
           71 |     9 |            65
           71 |    10 |            83
           71 |    11 |            72
           71 |    12 |            76
           71 |    13 |            59
           71 |    14 |            67
           71 |    15 |            48
           71 |    16 |            67
           71 |    17 |            55
           71 |    18 |            67
           71 |    19 |            53
----------------------------------
           72 |     1 |           455
           72 |     2 |           241
           72 |     3 |           177
           72 |     4 |           128
           72 |     5 |           107
           72 |     6 |            90
           72 |     7 |            73
           72 |     8 |            47
           72 |     9 |            61
           72 |    10 |            65
           72 |    11 |            56
           72 |    12 |            59
           72 |    13 |            56
           72 |    14 |            45
           72 |    15 |            56
           72 |    16 |            46
           72 |    17 |            33
           72 |    18 |            47
           72 |    19 |            30
----------------------------------
           73 |     1 |           443
           73 |     2 |           260
           73 |     3 |           162
           73 |     4 |           119
           73 |     5 |            93
           73 |     6 |            70
           73 |     7 |            56
           73 |     8 |            40
           73 |     9 |            54
           73 |    10 |            31
           73 |    11 |            31
           73 |    12 |            34
           73 |    13 |            35
           73 |    14 |            53
           73 |    15 |            43
           73 |    16 |            33
           73 |    17 |            44
           73 |    18 |            40
           73 |    19 |            38
----------------------------------
           74 |     1 |           490
           74 |     2 |           276
           74 |     3 |           183
           74 |     4 |           150
           74 |     5 |           118
           74 |     6 |            91
           74 |     7 |            75
           74 |     8 |            71
           74 |     9 |            73
           74 |    10 |            72
           74 |    11 |            56
           74 |    12 |            60
           74 |    13 |            63
           74 |    14 |            46
           74 |    15 |            66
           74 |    16 |            53
           74 |    17 |            47
           74 |    18 |            47
           74 |    19 |            35
----------------------------------
           75 |     1 |           493
           75 |     2 |           292
           75 |     3 |           207
           75 |     4 |           142
           75 |     5 |           132
           75 |     6 |           111
           75 |     7 |            82
           75 |     8 |            70
           75 |     9 |            71
           75 |    10 |            45
           75 |    11 |            52
           75 |    12 |            46
           75 |    13 |            40
           75 |    14 |            39
           75 |    15 |            36
           75 |    16 |            37
           75 |    17 |            49
           75 |    18 |            46
           75 |    19 |            35
----------------------------------
           76 |     1 |           516
           76 |     2 |           295
           76 |     3 |           212
           76 |     4 |           174
           76 |     5 |           129
           76 |     6 |            95
           76 |     7 |            85
           76 |     8 |            81
           76 |     9 |            55
           76 |    10 |            62
           76 |    11 |            53
           76 |    12 |            61
           76 |    13 |            57
           76 |    14 |            45
           76 |    15 |            49
           76 |    16 |            32
           76 |    17 |            50
           76 |    18 |            44
           76 |    19 |            33
----------------------------------
           77 |     1 |           555
           77 |     2 |           387
           77 |     3 |           250
           77 |     4 |           191
           77 |     5 |           122
           77 |     6 |           108
           77 |     7 |            93
           77 |     8 |            75
           77 |     9 |            68
           77 |    10 |            80
           77 |    11 |            66
           77 |    12 |            65
           77 |    13 |            41
           77 |    14 |            53
           77 |    15 |            47
           77 |    16 |            44
           77 |    17 |            47
           77 |    18 |            51
           77 |    19 |            44
----------------------------------
           78 |     1 |           497
           78 |     2 |           279
           78 |     3 |           199
           78 |     4 |           167
           78 |     5 |           147
           78 |     6 |           112
           78 |     7 |            88
           78 |     8 |            57
           78 |     9 |            66
           78 |    10 |            63
           78 |    11 |            47
           78 |    12 |            44
           78 |    13 |            48
           78 |    14 |            47
           78 |    15 |            69
           78 |    16 |            60
           78 |    17 |            42
           78 |    18 |            46
           78 |    19 |            28
----------------------------------
           79 |     1 |           486
           79 |     2 |           303
           79 |     3 |           215
           79 |     4 |           171
           79 |     5 |           147
           79 |     6 |           115
           79 |     7 |           100
           79 |     8 |            83
           79 |     9 |            79
           79 |    10 |            48
           79 |    11 |            48
           79 |    12 |            46
           79 |    13 |            41
           79 |    14 |            42
           79 |    15 |            42
           79 |    16 |            34
           79 |    17 |            49
           79 |    18 |            45
           79 |    19 |            39
----------------------------------
           80 |     1 |           384
           80 |     2 |           210
           80 |     3 |           165
           80 |     4 |           114
           80 |     5 |           107
           80 |     6 |            81
           80 |     7 |            79
           80 |     8 |            51
           80 |     9 |            51
           80 |    10 |            41
           80 |    11 |            45
           80 |    12 |            43
           80 |    13 |            41
           80 |    14 |            31
           80 |    15 |            34
           80 |    16 |            37
           80 |    17 |            28
           80 |    18 |            30
           80 |    19 |            28
----------------------------------
           81 |     1 |           543
           81 |     2 |           296
           81 |     3 |           226
           81 |     4 |           162
           81 |     5 |           156
           81 |     6 |           103
           81 |     7 |            88
           81 |     8 |            85
           81 |     9 |            68
           81 |    10 |            44
           81 |    11 |            51
           81 |    12 |            30
           81 |    13 |            43
           81 |    14 |            52
           81 |    15 |            43
           81 |    16 |            66
           81 |    17 |            56
           81 |    18 |            48
           81 |    19 |            27
----------------------------------
           82 |     1 |           314
           82 |     2 |           215
           82 |     3 |           141
           82 |     4 |           119
           82 |     5 |            88
           82 |     6 |            79
           82 |     7 |            63
           82 |     8 |            58
           82 |     9 |            45
           82 |    10 |            40
           82 |    11 |            39
           82 |    12 |            40
           82 |    13 |            37
           82 |    14 |            36
           82 |    15 |            32
           82 |    16 |            35
           82 |    17 |            34
           82 |    18 |            32
           82 |    19 |            29
----------------------------------
           83 |     1 |           356
           83 |     2 |           191
           83 |     3 |           136
           83 |     4 |           124
           83 |     5 |            90
           83 |     6 |            82
           83 |     7 |            81
           83 |     8 |            67
           83 |     9 |            60
           83 |    10 |            51
           83 |    11 |            45
           83 |    12 |            41
           83 |    13 |            47
           83 |    14 |            38
           83 |    15 |            38
           83 |    16 |            36
           83 |    17 |            38
           83 |    18 |            30
           83 |    19 |            26
----------------------------------
           84 |     1 |           387
           84 |     2 |           238
           84 |     3 |           166
           84 |     4 |           137
           84 |     5 |            99
           84 |     6 |            82
           84 |     7 |            74
           84 |     8 |            58
           84 |     9 |            56
           84 |    10 |            48
           84 |    11 |            27
           84 |    12 |            38
           84 |    13 |            25
           84 |    14 |            25
           84 |    15 |            28
           84 |    16 |            29
           84 |    17 |            30
           84 |    18 |            33
           84 |    19 |            16
----------------------------------
           85 |     1 |           471
           85 |     2 |           305
           85 |     3 |           209
           85 |     4 |           176
           85 |     5 |           135
           85 |     6 |           100
           85 |     7 |            81
           85 |     8 |            75
           85 |     9 |            53
           85 |    10 |            49
           85 |    11 |            36
           85 |    12 |            63
           85 |    13 |            49
           85 |    14 |            41
           85 |    15 |            38
           85 |    16 |            54
           85 |    17 |            36
           85 |    18 |            42
           85 |    19 |            27
----------------------------------
           86 |     1 |           299
           86 |     2 |           204
           86 |     3 |           129
           86 |     4 |            94
           86 |     5 |            90
           86 |     6 |            53
           86 |     7 |            59
           86 |     8 |            58
           86 |     9 |            62
           86 |    10 |            48
           86 |    11 |            45
           86 |    12 |            36
           86 |    13 |            34
           86 |    14 |            21
           86 |    15 |            33
           86 |    16 |            32
           86 |    17 |            27
           86 |    18 |            29
           86 |    19 |            23
----------------------------------
           87 |     1 |           151
           87 |     2 |           108
           87 |     3 |            88
           87 |     4 |            69
           87 |     5 |            59
           87 |     6 |            36
           87 |     7 |            32
           87 |     8 |            18
           87 |     9 |            13
           87 |    10 |            16
           87 |    11 |            13
           87 |    12 |            13
           87 |    13 |             6
           87 |    14 |            14
           87 |    15 |             5
           87 |    16 |            14
           87 |    17 |            13
           87 |    18 |            17
           87 |    19 |            11
----------------------------------
           88 |     1 |           203
           88 |     2 |           154
           88 |     3 |            73
           88 |     4 |            78
           88 |     5 |            65
           88 |     6 |            47
           88 |     7 |            31
           88 |     8 |            39
           88 |     9 |            20
           88 |    10 |            20
           88 |    11 |            13
           88 |    12 |            22
           88 |    13 |            13
           88 |    14 |            15
           88 |    15 |            17
           88 |    16 |            25
           88 |    17 |            23
           88 |    18 |            14
           88 |    19 |             8
----------------------------------
           89 |     1 |           152
           89 |     2 |           101
           89 |     3 |            71
           89 |     4 |            55
           89 |     5 |            40
           89 |     6 |            46
           89 |     7 |            35
           89 |     8 |            27
           89 |     9 |            25
           89 |    10 |            21
           89 |    11 |            15
           89 |    12 |            26
           89 |    13 |            19
           89 |    14 |            16
           89 |    15 |            15
           89 |    16 |            16
           89 |    17 |            16
           89 |    18 |             8
           89 |    19 |             8
----------------------------------
           90 |     1 |           286
           90 |     2 |           159
           90 |     3 |           126
           90 |     4 |            87
           90 |     5 |            68
           90 |     6 |            49
           90 |     7 |            55
           90 |     8 |            51
           90 |     9 |            25
           90 |    10 |            18
           90 |    11 |            22
           90 |    12 |            18
           90 |    13 |            13
           90 |    14 |            10
           90 |    15 |            20
           90 |    16 |            17
           90 |    17 |            20
           90 |    18 |            18
           90 |    19 |            18
----------------------------------
           91 |     1 |           253
           91 |     2 |           149
           91 |     3 |           127
           91 |     4 |            94
           91 |     5 |            62
           91 |     6 |            52
           91 |     7 |            50
           91 |     8 |            38
           91 |     9 |            30
           91 |    10 |            30
           91 |    11 |            29
           91 |    12 |            19
           91 |    13 |            27
           91 |    14 |            30
           91 |    15 |            24
           91 |    16 |            23
           91 |    17 |            25
           91 |    18 |            10
           91 |    19 |            20
----------------------------------
           92 |     1 |           174
           92 |     2 |           106
           92 |     3 |            74
           92 |     4 |            65
           92 |     5 |            57
           92 |     6 |            45
           92 |     7 |            31
           92 |     8 |            35
           92 |     9 |            35
           92 |    10 |            27
           92 |    11 |            29
           92 |    12 |            23
           92 |    13 |            22
           92 |    14 |            23
           92 |    15 |            20
           92 |    16 |            19
           92 |    17 |            17
           92 |    18 |            16
           92 |    19 |            10
----------------------------------
           93 |     1 |           209
           93 |     2 |           127
           93 |     3 |            90
           93 |     4 |            76
           93 |     5 |            50
           93 |     6 |            46
           93 |     7 |            27
           93 |     8 |            35
           93 |     9 |            24
           93 |    10 |            29
           93 |    11 |            36
           93 |    12 |            33
           93 |    13 |            33
           93 |    14 |            19
           93 |    15 |            15
           93 |    16 |            21
           93 |    17 |            26
           93 |    18 |            17
           93 |    19 |            17
----------------------------------
           94 |     1 |           107
           94 |     2 |            65
           94 |     3 |            53
           94 |     4 |            46
           94 |     5 |            37
           94 |     6 |            20
           94 |     7 |            23
           94 |     8 |            10
           94 |     9 |            11
           94 |    10 |            11
           94 |    11 |            16
           94 |    12 |            10
           94 |    13 |            11
           94 |    14 |            11
           94 |    15 |             7
           94 |    16 |            12
           94 |    17 |            12
           94 |    18 |             5
           94 |    19 |             3
----------------------------------
           95 |     1 |           170
           95 |     2 |           110
           95 |     3 |            65
           95 |     4 |            53
           95 |     5 |            60
           95 |     6 |            46
           95 |     7 |            41
           95 |     8 |            35
           95 |     9 |            20
           95 |    10 |            26
           95 |    11 |            19
           95 |    12 |            15
           95 |    13 |            17
           95 |    14 |            20
           95 |    15 |             6
           95 |    16 |            21
           95 |    17 |            20
           95 |    18 |             6
           95 |    19 |            10
----------------------------------
           96 |     1 |           102
           96 |     2 |            59
           96 |     3 |            45
           96 |     4 |            29
           96 |     5 |            32
           96 |     6 |            18
           96 |     7 |            10
           96 |     8 |            13
           96 |     9 |             7
           96 |    10 |             4
           96 |    11 |            11
           96 |    12 |             6
           96 |    13 |            13
           96 |    14 |            10
           96 |    15 |             3
           96 |    16 |             7
           96 |    17 |             2
           96 |    18 |             6
           96 |    19 |             7
----------------------------------
           97 |     1 |           125
           97 |     2 |           102
           97 |     3 |            72
           97 |     4 |            45
           97 |     5 |            38
           97 |     6 |            29
           97 |     7 |            23
           97 |     8 |            27
           97 |     9 |            19
           97 |    10 |            12
           97 |    11 |            11
           97 |    12 |             8
           97 |    13 |            13
           97 |    14 |            18
           97 |    15 |            12
           97 |    16 |            13
           97 |    17 |             6
           97 |    18 |             2
           97 |    19 |             7
----------------------------------
           98 |     1 |            96
           98 |     2 |            61
           98 |     3 |            54
           98 |     4 |            36
           98 |     5 |            26
           98 |     6 |            28
           98 |     7 |            29
           98 |     8 |            32
           98 |     9 |            19
           98 |    10 |            17
           98 |    11 |            13
           98 |    12 |            12
           98 |    13 |            11
           98 |    14 |             7
           98 |    15 |            13
           98 |    16 |            11
           98 |    17 |            10
           98 |    18 |             9
           98 |    19 |             6
----------------------------------
           99 |     1 |           169
           99 |     2 |           122
           99 |     3 |            69
           99 |     4 |            53
           99 |     5 |            48
           99 |     6 |            40
           99 |     7 |            45
           99 |     8 |            38
           99 |     9 |            33
           99 |    10 |            29
           99 |    11 |            27
           99 |    12 |            17
           99 |    13 |            16
           99 |    14 |            17
           99 |    15 |            19
           99 |    16 |            11
           99 |    17 |            14
           99 |    18 |            13
           99 |    19 |            12
----------------------------------
          100 |     1 |           119
          100 |     2 |            88
          100 |     3 |            48
          100 |     4 |            46
          100 |     5 |            40
          100 |     6 |            23
          100 |     7 |            19
          100 |     8 |            13
          100 |     9 |            11
          100 |    10 |            15
          100 |    11 |             6
          100 |    12 |             9
          100 |    13 |            10
          100 |    14 |             5
          100 |    15 |            18
          100 |    16 |             7
          100 |    17 |             4
          100 |    18 |            11
          100 |    19 |             8
----------------------------------
          101 |     1 |            96
          101 |     2 |            61
          101 |     3 |            43
          101 |     4 |            41
          101 |     5 |            43
          101 |     6 |            37
          101 |     7 |            24
          101 |     8 |            22
          101 |     9 |            21
          101 |    10 |            21
          101 |    11 |            18
          101 |    12 |            17
          101 |    13 |            14
          101 |    14 |            11
          101 |    15 |             7
          101 |    16 |            14
          101 |    17 |             4
          101 |    18 |             3
          101 |    19 |             8
----------------------------------
          102 |     1 |            44
          102 |     2 |            40
          102 |     3 |            23
          102 |     4 |            15
          102 |     5 |            20
          102 |     6 |            14
          102 |     7 |             8
          102 |     8 |             9
          102 |     9 |             7
          102 |    10 |             3
          102 |    11 |             3
          102 |    12 |             2
          102 |    13 |             2
          102 |    14 |             5
          102 |    15 |             4
          102 |    16 |             2
          102 |    17 |             0
          102 |    18 |             2
          102 |    19 |             1
----------------------------------
----------------------------------
          104 |     1 |            76
          104 |     2 |            35
          104 |     3 |            35
          104 |     4 |            25
          104 |     5 |            18
          104 |     6 |            26
          104 |     7 |            18
          104 |     8 |            11
          104 |     9 |             9
          104 |    10 |             8
          104 |    11 |             7
          104 |    12 |             8
          104 |    13 |             7
          104 |    14 |             9
          104 |    15 |             7
          104 |    16 |             6
          104 |    17 |             3
          104 |    18 |             1
          104 |    19 |             3
----------------------------------
----------------------------------
          106 |     1 |            21
          106 |     2 |            15
          106 |     3 |             8
          106 |     4 |            13
          106 |     5 |             1
          106 |     6 |             9
          106 |     7 |             5
          106 |     8 |             0
          106 |     9 |             6
          106 |    10 |             6
          106 |    11 |             2
          106 |    12 |             4
          106 |    13 |             2
          106 |    14 |             4
          106 |    15 |             2
          106 |    16 |             3
          106 |    17 |             3
          106 |    18 |             1
          106 |    19 |             1
----------------------------------
----------------------------------
          108 |     1 |            59
          108 |     2 |            45
          108 |     3 |            26
          108 |     4 |            29
          108 |     5 |            34
          108 |     6 |            17
          108 |     7 |            18
          108 |     8 |            14
          108 |     9 |            16
          108 |    10 |             9
          108 |    11 |             9
          108 |    12 |             5
          108 |    13 |             9
          108 |    14 |            12
          108 |    15 |             7
          108 |    16 |             5
          108 |    17 |             3
          108 |    18 |             3
          108 |    19 |             4
----------------------------------
          109 |     1 |            19
          109 |     2 |            10
          109 |     3 |             5
          109 |     4 |             8
          109 |     5 |             5
          109 |     6 |             8
          109 |     7 |             8
          109 |     8 |             3
          109 |     9 |             9
          109 |    10 |             3
          109 |    11 |             2
          109 |    12 |             5
          109 |    13 |             3
          109 |    14 |             3
          109 |    15 |             4
          109 |    16 |             5
          109 |    17 |             3
          109 |    18 |             3
          109 |    19 |             3
----------------------------------
----------------------------------
          111 |     1 |            24
          111 |     2 |            19
          111 |     3 |            15
          111 |     4 |             5
          111 |     5 |            11
          111 |     6 |             9
          111 |     7 |            10
          111 |     8 |             0
          111 |     9 |             2
          111 |    10 |             3
          111 |    11 |             0
          111 |    12 |             0
          111 |    13 |             0
          111 |    14 |             4
          111 |    15 |             2
          111 |    16 |             3
          111 |    17 |             1
          111 |    18 |             1
          111 |    19 |             2
----------------------------------
----------------------------------
----------------------------------
----------------------------------
----------------------------------
----------------------------------
----------------------------------
----------------------------------
----------------------------------
----------------------------------
----------------------------------
----------------------------------
----------------------------------
----------------------------------
----------------------------------
----------------------------------
----------------------------------
----------------------------------
----------------------------------
----------------------------------
----------------------------------
----------------------------------
----------------------------------
----------------------------------
----------------------------------
----------------------------------
----------------------------------
----------------------------------
----------------------------------
----------------------------------
----------------------------------
----------------------------------
----------------------------------
----------------------------------
----------------------------------
----------------------------------
----------------------------------
----------------------------------
----------------------------------
----------------------------------
----------------------------------
----------------------------------
----------------------------------
----------------------------------
----------------------------------
----------------------------------
----------------------------------
----------------------------------
----------------------------------
----------------------------------
----------------------------------
----------------------------------
----------------------------------
----------------------------------
----------------------------------
----------------------------------
----------------------------------
----------------------------------
----------------------------------
----------------------------------
----------------------------------
----------------------------------
----------------------------------
----------------------------------
----------------------------------
----------------------------------
----------------------------------
----------------------------------
----------------------------------
----------------------------------
----------------------------------
----------------------------------
----------------------------------
----------------------------------
----------------------------------
----------------------------------
----------------------------------
----------------------------------
----------------------------------
----------------------------------
