MinCut number | RSize | Number of cuts
----------------------------------
----------------------------------
----------------------------------
----------------------------------
----------------------------------
----------------------------------
----------------------------------
----------------------------------
----------------------------------
----------------------------------
----------------------------------
----------------------------------
----------------------------------
----------------------------------
----------------------------------
----------------------------------
----------------------------------
----------------------------------
----------------------------------
----------------------------------
----------------------------------
           40 |     0 |             8
           40 |     1 |             6
           40 |     2 |             4
           40 |     3 |             5
           40 |     4 |             1
           40 |     5 |             2
           40 |     6 |             6
           40 |     7 |             0
           40 |     8 |             0
           40 |     9 |             0
           40 |    10 |             0
           40 |    11 |             0
           40 |    12 |             0
           40 |    13 |             1
           40 |    14 |             3
           40 |    15 |             0
           40 |    16 |             2
           40 |    17 |             0
           40 |    18 |             2
           40 |    19 |             0
           40 |    20 |             0
----------------------------------
----------------------------------
           42 |     0 |            16
           42 |     1 |            17
           42 |     2 |            11
           42 |     3 |            11
           42 |     4 |             5
           42 |     5 |             4
           42 |     6 |             4
           42 |     7 |             1
           42 |     8 |             2
           42 |     9 |             2
           42 |    10 |             2
           42 |    11 |             0
           42 |    12 |             0
           42 |    13 |             0
           42 |    14 |             0
           42 |    15 |             1
           42 |    16 |             4
           42 |    17 |             2
           42 |    18 |             2
           42 |    19 |             0
           42 |    20 |             0
----------------------------------
----------------------------------
           44 |     0 |            10
           44 |     1 |             5
           44 |     2 |             2
           44 |     3 |             2
           44 |     4 |             1
           44 |     5 |             3
           44 |     6 |             1
           44 |     7 |             1
           44 |     8 |             0
           44 |     9 |             1
           44 |    10 |             0
           44 |    11 |             1
           44 |    12 |             1
           44 |    13 |             3
           44 |    14 |             4
           44 |    15 |             3
           44 |    16 |             2
           44 |    17 |             1
           44 |    18 |             3
           44 |    19 |             0
           44 |    20 |             0
----------------------------------
           45 |     0 |            57
           45 |     1 |            33
           45 |     2 |            22
           45 |     3 |            15
           45 |     4 |            10
           45 |     5 |             9
           45 |     6 |             8
           45 |     7 |             5
           45 |     8 |             8
           45 |     9 |             3
           45 |    10 |             4
           45 |    11 |             4
           45 |    12 |             4
           45 |    13 |             3
           45 |    14 |             3
           45 |    15 |             4
           45 |    16 |            13
           45 |    17 |            13
           45 |    18 |             7
           45 |    19 |             0
           45 |    20 |             0
----------------------------------
           46 |     0 |            25
           46 |     1 |             8
           46 |     2 |             7
           46 |     3 |             2
           46 |     4 |             6
           46 |     5 |             6
           46 |     6 |             3
           46 |     7 |             5
           46 |     8 |             4
           46 |     9 |             4
           46 |    10 |             3
           46 |    11 |             6
           46 |    12 |             2
           46 |    13 |             4
           46 |    14 |             1
           46 |    15 |             0
           46 |    16 |             2
           46 |    17 |             3
           46 |    18 |             1
           46 |    19 |             0
           46 |    20 |             0
----------------------------------
           47 |     0 |            59
           47 |     1 |            42
           47 |     2 |            39
           47 |     3 |            23
           47 |     4 |            19
           47 |     5 |             8
           47 |     6 |             6
           47 |     7 |             7
           47 |     8 |             7
           47 |     9 |             5
           47 |    10 |             8
           47 |    11 |             9
           47 |    12 |             6
           47 |    13 |             1
           47 |    14 |             8
           47 |    15 |             6
           47 |    16 |            13
           47 |    17 |            11
           47 |    18 |             5
           47 |    19 |             0
           47 |    20 |             0
----------------------------------
           48 |     0 |            59
           48 |     1 |            37
           48 |     2 |            30
           48 |     3 |            22
           48 |     4 |            20
           48 |     5 |            16
           48 |     6 |            15
           48 |     7 |            13
           48 |     8 |             7
           48 |     9 |             6
           48 |    10 |             9
           48 |    11 |             7
           48 |    12 |             4
           48 |    13 |             4
           48 |    14 |             2
           48 |    15 |             7
           48 |    16 |             9
           48 |    17 |            13
           48 |    18 |             8
           48 |    19 |             0
           48 |    20 |             0
----------------------------------
           49 |     0 |            71
           49 |     1 |            44
           49 |     2 |            22
           49 |     3 |            23
           49 |     4 |            15
           49 |     5 |            19
           49 |     6 |            10
           49 |     7 |            10
           49 |     8 |            11
           49 |     9 |            11
           49 |    10 |             6
           49 |    11 |            11
           49 |    12 |             7
           49 |    13 |             7
           49 |    14 |            11
           49 |    15 |            14
           49 |    16 |            15
           49 |    17 |            18
           49 |    18 |            18
           49 |    19 |             0
           49 |    20 |             0
----------------------------------
           50 |     0 |            90
           50 |     1 |            61
           50 |     2 |            40
           50 |     3 |            24
           50 |     4 |            24
           50 |     5 |            23
           50 |     6 |            16
           50 |     7 |            12
           50 |     8 |            13
           50 |     9 |            13
           50 |    10 |            10
           50 |    11 |            14
           50 |    12 |            18
           50 |    13 |            16
           50 |    14 |            12
           50 |    15 |            15
           50 |    16 |            20
           50 |    17 |            19
           50 |    18 |            10
           50 |    19 |             0
           50 |    20 |             0
----------------------------------
           51 |     0 |            98
           51 |     1 |            71
           51 |     2 |            38
           51 |     3 |            39
           51 |     4 |            22
           51 |     5 |            19
           51 |     6 |            22
           51 |     7 |            13
           51 |     8 |             7
           51 |     9 |            11
           51 |    10 |             6
           51 |    11 |             9
           51 |    12 |             6
           51 |    13 |             9
           51 |    14 |             9
           51 |    15 |            18
           51 |    16 |            21
           51 |    17 |            24
           51 |    18 |            17
           51 |    19 |             0
           51 |    20 |             0
----------------------------------
           52 |     0 |            67
           52 |     1 |            43
           52 |     2 |            28
           52 |     3 |            19
           52 |     4 |            11
           52 |     5 |             7
           52 |     6 |            11
           52 |     7 |             9
           52 |     8 |             6
           52 |     9 |             4
           52 |    10 |             4
           52 |    11 |             5
           52 |    12 |             8
           52 |    13 |            16
           52 |    14 |            13
           52 |    15 |             8
           52 |    16 |            13
           52 |    17 |            21
           52 |    18 |            19
           52 |    19 |             0
           52 |    20 |             0
----------------------------------
           53 |     0 |            65
           53 |     1 |            50
           53 |     2 |            38
           53 |     3 |            22
           53 |     4 |            27
           53 |     5 |            17
           53 |     6 |            12
           53 |     7 |            13
           53 |     8 |             5
           53 |     9 |            10
           53 |    10 |             6
           53 |    11 |            17
           53 |    12 |             3
           53 |    13 |             4
           53 |    14 |            14
           53 |    15 |            19
           53 |    16 |            20
           53 |    17 |            13
           53 |    18 |            16
           53 |    19 |             0
           53 |    20 |             0
----------------------------------
           54 |     0 |            89
           54 |     1 |            68
           54 |     2 |            44
           54 |     3 |            29
           54 |     4 |            24
           54 |     5 |            23
           54 |     6 |            18
           54 |     7 |            13
           54 |     8 |            15
           54 |     9 |            14
           54 |    10 |            12
           54 |    11 |            12
           54 |    12 |            10
           54 |    13 |            16
           54 |    14 |            19
           54 |    15 |            19
           54 |    16 |            22
           54 |    17 |            20
           54 |    18 |            19
           54 |    19 |             0
           54 |    20 |             0
----------------------------------
           55 |     0 |            88
           55 |     1 |            57
           55 |     2 |            40
           55 |     3 |            29
           55 |     4 |            24
           55 |     5 |            23
           55 |     6 |            24
           55 |     7 |            16
           55 |     8 |            13
           55 |     9 |             8
           55 |    10 |             8
           55 |    11 |            13
           55 |    12 |            11
           55 |    13 |            12
           55 |    14 |            18
           55 |    15 |            12
           55 |    16 |            11
           55 |    17 |            15
           55 |    18 |            18
           55 |    19 |             0
           55 |    20 |             0
----------------------------------
           56 |     0 |           151
           56 |     1 |           110
           56 |     2 |            81
           56 |     3 |            46
           56 |     4 |            51
           56 |     5 |            43
           56 |     6 |            32
           56 |     7 |            32
           56 |     8 |            27
           56 |     9 |            24
           56 |    10 |            19
           56 |    11 |            25
           56 |    12 |            17
           56 |    13 |            15
           56 |    14 |            24
           56 |    15 |            38
           56 |    16 |            39
           56 |    17 |            34
           56 |    18 |            32
           56 |    19 |             0
           56 |    20 |             0
----------------------------------
           57 |     0 |           149
           57 |     1 |           111
           57 |     2 |            74
           57 |     3 |            49
           57 |     4 |            48
           57 |     5 |            33
           57 |     6 |            31
           57 |     7 |            21
           57 |     8 |            14
           57 |     9 |            20
           57 |    10 |            27
           57 |    11 |            22
           57 |    12 |            19
           57 |    13 |            28
           57 |    14 |            35
           57 |    15 |            38
           57 |    16 |            56
           57 |    17 |            46
           57 |    18 |            34
           57 |    19 |             0
           57 |    20 |             0
----------------------------------
           58 |     0 |           193
           58 |     1 |           120
           58 |     2 |            78
           58 |     3 |            53
           58 |     4 |            39
           58 |     5 |            38
           58 |     6 |            35
           58 |     7 |            22
           58 |     8 |            27
           58 |     9 |            29
           58 |    10 |            24
           58 |    11 |            22
           58 |    12 |            31
           58 |    13 |            44
           58 |    14 |            45
           58 |    15 |            44
           58 |    16 |            53
           58 |    17 |            46
           58 |    18 |            43
           58 |    19 |             0
           58 |    20 |             0
----------------------------------
           59 |     0 |           157
           59 |     1 |           114
           59 |     2 |            78
           59 |     3 |            69
           59 |     4 |            66
           59 |     5 |            45
           59 |     6 |            37
           59 |     7 |            37
           59 |     8 |            28
           59 |     9 |            36
           59 |    10 |            23
           59 |    11 |            34
           59 |    12 |            41
           59 |    13 |            44
           59 |    14 |            32
           59 |    15 |            42
           59 |    16 |            45
           59 |    17 |            45
           59 |    18 |            30
           59 |    19 |             0
           59 |    20 |             0
----------------------------------
           60 |     0 |           207
           60 |     1 |           142
           60 |     2 |           125
           60 |     3 |            69
           60 |     4 |            55
           60 |     5 |            45
           60 |     6 |            35
           60 |     7 |            51
           60 |     8 |            53
           60 |     9 |            38
           60 |    10 |            30
           60 |    11 |            38
           60 |    12 |            40
           60 |    13 |            52
           60 |    14 |            52
           60 |    15 |            54
           60 |    16 |            61
           60 |    17 |            66
           60 |    18 |            47
           60 |    19 |             0
           60 |    20 |             0
----------------------------------
           61 |     0 |           217
           61 |     1 |           144
           61 |     2 |            99
           61 |     3 |            84
           61 |     4 |            72
           61 |     5 |            63
           61 |     6 |            58
           61 |     7 |            60
           61 |     8 |            59
           61 |     9 |            39
           61 |    10 |            45
           61 |    11 |            42
           61 |    12 |            56
           61 |    13 |            42
           61 |    14 |            35
           61 |    15 |            46
           61 |    16 |            66
           61 |    17 |            58
           61 |    18 |            57
           61 |    19 |             0
           61 |    20 |             0
----------------------------------
           62 |     0 |           117
           62 |     1 |            81
           62 |     2 |            51
           62 |     3 |            46
           62 |     4 |            37
           62 |     5 |            31
           62 |     6 |            32
           62 |     7 |            26
           62 |     8 |            24
           62 |     9 |            28
           62 |    10 |            28
           62 |    11 |            30
           62 |    12 |            29
           62 |    13 |            31
           62 |    14 |            29
           62 |    15 |            25
           62 |    16 |            40
           62 |    17 |            34
           62 |    18 |            25
           62 |    19 |             0
           62 |    20 |             0
----------------------------------
           63 |     0 |           197
           63 |     1 |           145
           63 |     2 |           106
           63 |     3 |            91
           63 |     4 |            83
           63 |     5 |            59
           63 |     6 |            63
           63 |     7 |            42
           63 |     8 |            41
           63 |     9 |            35
           63 |    10 |            37
           63 |    11 |            50
           63 |    12 |            46
           63 |    13 |            48
           63 |    14 |            57
           63 |    15 |            52
           63 |    16 |            60
           63 |    17 |            70
           63 |    18 |            41
           63 |    19 |             0
           63 |    20 |             0
----------------------------------
           64 |     0 |           245
           64 |     1 |           166
           64 |     2 |           139
           64 |     3 |            88
           64 |     4 |            79
           64 |     5 |            55
           64 |     6 |            62
           64 |     7 |            56
           64 |     8 |            46
           64 |     9 |            44
           64 |    10 |            43
           64 |    11 |            38
           64 |    12 |            44
           64 |    13 |            65
           64 |    14 |            83
           64 |    15 |            87
           64 |    16 |            88
           64 |    17 |            94
           64 |    18 |            78
           64 |    19 |             0
           64 |    20 |             0
----------------------------------
           65 |     0 |           186
           65 |     1 |           158
           65 |     2 |            99
           65 |     3 |            82
           65 |     4 |            80
           65 |     5 |            70
           65 |     6 |            65
           65 |     7 |            46
           65 |     8 |            44
           65 |     9 |            44
           65 |    10 |            46
           65 |    11 |            55
           65 |    12 |            48
           65 |    13 |            63
           65 |    14 |            54
           65 |    15 |            58
           65 |    16 |            46
           65 |    17 |            67
           65 |    18 |            54
           65 |    19 |             0
           65 |    20 |             0
----------------------------------
           66 |     0 |           144
           66 |     1 |           100
           66 |     2 |            93
           66 |     3 |            75
           66 |     4 |            61
           66 |     5 |            36
           66 |     6 |            44
           66 |     7 |            42
           66 |     8 |            33
           66 |     9 |            28
           66 |    10 |            31
           66 |    11 |            28
           66 |    12 |            29
           66 |    13 |            41
           66 |    14 |            46
           66 |    15 |            59
           66 |    16 |            59
           66 |    17 |            64
           66 |    18 |            43
           66 |    19 |             0
           66 |    20 |             0
----------------------------------
           67 |     0 |           210
           67 |     1 |           137
           67 |     2 |           116
           67 |     3 |            97
           67 |     4 |            90
           67 |     5 |            83
           67 |     6 |            76
           67 |     7 |            57
           67 |     8 |            52
           67 |     9 |            44
           67 |    10 |            52
           67 |    11 |            61
           67 |    12 |            64
           67 |    13 |            60
           67 |    14 |            72
           67 |    15 |            66
           67 |    16 |            74
           67 |    17 |            70
           67 |    18 |            60
           67 |    19 |             0
           67 |    20 |             0
----------------------------------
           68 |     0 |           224
           68 |     1 |           135
           68 |     2 |           105
           68 |     3 |            82
           68 |     4 |            93
           68 |     5 |            73
           68 |     6 |            73
           68 |     7 |            56
           68 |     8 |            58
           68 |     9 |            52
           68 |    10 |            51
           68 |    11 |            74
           68 |    12 |            67
           68 |    13 |            67
           68 |    14 |            60
           68 |    15 |            72
           68 |    16 |            80
           68 |    17 |            86
           68 |    18 |            56
           68 |    19 |             0
           68 |    20 |             0
----------------------------------
           69 |     0 |           221
           69 |     1 |           128
           69 |     2 |            93
           69 |     3 |            72
           69 |     4 |            54
           69 |     5 |            62
           69 |     6 |            40
           69 |     7 |            46
           69 |     8 |            43
           69 |     9 |            47
           69 |    10 |            37
           69 |    11 |            46
           69 |    12 |            54
           69 |    13 |            59
           69 |    14 |            61
           69 |    15 |            64
           69 |    16 |            89
           69 |    17 |            86
           69 |    18 |            78
           69 |    19 |             0
           69 |    20 |             0
----------------------------------
           70 |     0 |           245
           70 |     1 |           163
           70 |     2 |           119
           70 |     3 |           102
           70 |     4 |           104
           70 |     5 |            90
           70 |     6 |            71
           70 |     7 |            69
           70 |     8 |            73
           70 |     9 |            81
           70 |    10 |            64
           70 |    11 |            66
           70 |    12 |            78
           70 |    13 |            89
           70 |    14 |            85
           70 |    15 |            80
           70 |    16 |            75
           70 |    17 |            91
           70 |    18 |            75
           70 |    19 |             0
           70 |    20 |             0
----------------------------------
           71 |     0 |           183
           71 |     1 |           122
           71 |     2 |            86
           71 |     3 |            80
           71 |     4 |            53
           71 |     5 |            48
           71 |     6 |            46
           71 |     7 |            46
           71 |     8 |            56
           71 |     9 |            31
           71 |    10 |            46
           71 |    11 |            50
           71 |    12 |            48
           71 |    13 |            64
           71 |    14 |            55
           71 |    15 |            67
           71 |    16 |            73
           71 |    17 |            73
           71 |    18 |            51
           71 |    19 |             0
           71 |    20 |             0
----------------------------------
           72 |     0 |           238
           72 |     1 |           169
           72 |     2 |           116
           72 |     3 |            94
           72 |     4 |            86
           72 |     5 |            80
           72 |     6 |            56
           72 |     7 |            54
           72 |     8 |            60
           72 |     9 |            38
           72 |    10 |            54
           72 |    11 |            53
           72 |    12 |            73
           72 |    13 |            86
           72 |    14 |            73
           72 |    15 |           107
           72 |    16 |           108
           72 |    17 |           106
           72 |    18 |            77
           72 |    19 |             0
           72 |    20 |             0
----------------------------------
           73 |     0 |           175
           73 |     1 |           124
           73 |     2 |           110
           73 |     3 |            79
           73 |     4 |            55
           73 |     5 |            53
           73 |     6 |            56
           73 |     7 |            56
           73 |     8 |            53
           73 |     9 |            64
           73 |    10 |            55
           73 |    11 |            54
           73 |    12 |            56
           73 |    13 |            71
           73 |    14 |            71
           73 |    15 |            70
           73 |    16 |            64
           73 |    17 |            64
           73 |    18 |            57
           73 |    19 |             0
           73 |    20 |             0
----------------------------------
           74 |     0 |           195
           74 |     1 |           141
           74 |     2 |            97
           74 |     3 |            61
           74 |     4 |            63
           74 |     5 |            76
           74 |     6 |            64
           74 |     7 |            56
           74 |     8 |            39
           74 |     9 |            44
           74 |    10 |            76
           74 |    11 |            75
           74 |    12 |            77
           74 |    13 |            76
           74 |    14 |            72
           74 |    15 |            73
           74 |    16 |            71
           74 |    17 |            70
           74 |    18 |            54
           74 |    19 |             0
           74 |    20 |             0
----------------------------------
           75 |     0 |           196
           75 |     1 |           147
           75 |     2 |           117
           75 |     3 |            93
           75 |     4 |            90
           75 |     5 |            77
           75 |     6 |            62
           75 |     7 |            58
           75 |     8 |            58
           75 |     9 |            61
           75 |    10 |            76
           75 |    11 |            55
           75 |    12 |            70
           75 |    13 |            84
           75 |    14 |            88
           75 |    15 |           101
           75 |    16 |            74
           75 |    17 |            75
           75 |    18 |            68
           75 |    19 |             0
           75 |    20 |             0
----------------------------------
           76 |     0 |           225
           76 |     1 |           187
           76 |     2 |           145
           76 |     3 |           122
           76 |     4 |            83
           76 |     5 |            93
           76 |     6 |            70
           76 |     7 |            76
           76 |     8 |            78
           76 |     9 |            73
           76 |    10 |            76
           76 |    11 |            79
           76 |    12 |            95
           76 |    13 |            94
           76 |    14 |           113
           76 |    15 |           124
           76 |    16 |           146
           76 |    17 |           105
           76 |    18 |            68
           76 |    19 |             0
           76 |    20 |             0
----------------------------------
           77 |     0 |           177
           77 |     1 |           144
           77 |     2 |           113
           77 |     3 |            78
           77 |     4 |            71
           77 |     5 |            73
           77 |     6 |            60
           77 |     7 |            63
           77 |     8 |            50
           77 |     9 |            76
           77 |    10 |            68
           77 |    11 |            66
           77 |    12 |            89
           77 |    13 |            64
           77 |    14 |            80
           77 |    15 |            99
           77 |    16 |           100
           77 |    17 |            91
           77 |    18 |            55
           77 |    19 |             0
           77 |    20 |             0
----------------------------------
           78 |     0 |           241
           78 |     1 |           170
           78 |     2 |           116
           78 |     3 |            96
           78 |     4 |            67
           78 |     5 |            61
           78 |     6 |            73
           78 |     7 |            79
           78 |     8 |            84
           78 |     9 |            63
           78 |    10 |            72
           78 |    11 |            86
           78 |    12 |            77
           78 |    13 |           104
           78 |    14 |            90
           78 |    15 |           100
           78 |    16 |           103
           78 |    17 |           107
           78 |    18 |            83
           78 |    19 |             0
           78 |    20 |             0
----------------------------------
           79 |     0 |           196
           79 |     1 |           141
           79 |     2 |           114
           79 |     3 |            92
           79 |     4 |           105
           79 |     5 |            75
           79 |     6 |            71
           79 |     7 |            64
           79 |     8 |            70
           79 |     9 |            82
           79 |    10 |            81
           79 |    11 |            71
           79 |    12 |            63
           79 |    13 |            86
           79 |    14 |           111
           79 |    15 |           117
           79 |    16 |           118
           79 |    17 |            97
           79 |    18 |            63
           79 |    19 |             0
           79 |    20 |             0
----------------------------------
           80 |     0 |           170
           80 |     1 |           124
           80 |     2 |            99
           80 |     3 |            71
           80 |     4 |            70
           80 |     5 |            65
           80 |     6 |            62
           80 |     7 |            78
           80 |     8 |            67
           80 |     9 |            66
           80 |    10 |            62
           80 |    11 |            76
           80 |    12 |            83
           80 |    13 |            88
           80 |    14 |           101
           80 |    15 |            90
           80 |    16 |            96
           80 |    17 |            78
           80 |    18 |            54
           80 |    19 |             0
           80 |    20 |             0
----------------------------------
           81 |     0 |           187
           81 |     1 |           149
           81 |     2 |           135
           81 |     3 |           105
           81 |     4 |            88
           81 |     5 |            90
           81 |     6 |            93
           81 |     7 |            87
           81 |     8 |            85
           81 |     9 |            92
           81 |    10 |            81
           81 |    11 |            75
           81 |    12 |            75
           81 |    13 |            91
           81 |    14 |            90
           81 |    15 |            87
           81 |    16 |            97
           81 |    17 |            90
           81 |    18 |            66
           81 |    19 |             0
           81 |    20 |             0
----------------------------------
           82 |     0 |           132
           82 |     1 |           100
           82 |     2 |            90
           82 |     3 |            77
           82 |     4 |            72
           82 |     5 |            67
           82 |     6 |            55
           82 |     7 |            59
           82 |     8 |            55
           82 |     9 |            53
           82 |    10 |            69
           82 |    11 |            61
           82 |    12 |            60
           82 |    13 |            59
           82 |    14 |            69
           82 |    15 |            60
           82 |    16 |            74
           82 |    17 |            58
           82 |    18 |            42
           82 |    19 |             0
           82 |    20 |             0
----------------------------------
           83 |     0 |           188
           83 |     1 |           148
           83 |     2 |           126
           83 |     3 |           107
           83 |     4 |           106
           83 |     5 |            82
           83 |     6 |            79
           83 |     7 |            85
           83 |     8 |            94
           83 |     9 |            85
           83 |    10 |            97
           83 |    11 |            82
           83 |    12 |           113
           83 |    13 |           110
           83 |    14 |           113
           83 |    15 |           111
           83 |    16 |           106
           83 |    17 |            97
           83 |    18 |            63
           83 |    19 |             0
           83 |    20 |             0
----------------------------------
           84 |     0 |           173
           84 |     1 |           118
           84 |     2 |            82
           84 |     3 |            78
           84 |     4 |            73
           84 |     5 |            70
           84 |     6 |            77
           84 |     7 |            87
           84 |     8 |            98
           84 |     9 |            81
           84 |    10 |            75
           84 |    11 |            79
           84 |    12 |            73
           84 |    13 |            99
           84 |    14 |           101
           84 |    15 |            88
           84 |    16 |            92
           84 |    17 |            74
           84 |    18 |            62
           84 |    19 |             0
           84 |    20 |             0
----------------------------------
           85 |     0 |           169
           85 |     1 |           124
           85 |     2 |           103
           85 |     3 |            89
           85 |     4 |            75
           85 |     5 |            72
           85 |     6 |            69
           85 |     7 |            69
           85 |     8 |            62
           85 |     9 |            65
           85 |    10 |            83
           85 |    11 |            68
           85 |    12 |            78
           85 |    13 |            68
           85 |    14 |            78
           85 |    15 |            83
           85 |    16 |            98
           85 |    17 |            92
           85 |    18 |            70
           85 |    19 |             0
           85 |    20 |             0
----------------------------------
           86 |     0 |           145
           86 |     1 |           117
           86 |     2 |            73
           86 |     3 |            71
           86 |     4 |            82
           86 |     5 |            94
           86 |     6 |            92
           86 |     7 |            95
           86 |     8 |            77
           86 |     9 |            80
           86 |    10 |            65
           86 |    11 |            80
           86 |    12 |            96
           86 |    13 |            83
           86 |    14 |            93
           86 |    15 |            91
           86 |    16 |            68
           86 |    17 |            79
           86 |    18 |            53
           86 |    19 |             0
           86 |    20 |             0
----------------------------------
           87 |     0 |           176
           87 |     1 |           126
           87 |     2 |            84
           87 |     3 |            68
           87 |     4 |            71
           87 |     5 |            59
           87 |     6 |            67
           87 |     7 |            65
           87 |     8 |            71
           87 |     9 |            84
           87 |    10 |            76
           87 |    11 |            89
           87 |    12 |           104
           87 |    13 |           120
           87 |    14 |           111
           87 |    15 |           115
           87 |    16 |           102
           87 |    17 |            95
           87 |    18 |            57
           87 |    19 |             0
           87 |    20 |             0
----------------------------------
           88 |     0 |           165
           88 |     1 |           141
           88 |     2 |           102
           88 |     3 |            92
           88 |     4 |            70
           88 |     5 |            75
           88 |     6 |            68
           88 |     7 |            73
           88 |     8 |            73
           88 |     9 |            74
           88 |    10 |            79
           88 |    11 |            84
           88 |    12 |            87
           88 |    13 |            93
           88 |    14 |           115
           88 |    15 |           132
           88 |    16 |           114
           88 |    17 |            73
           88 |    18 |            50
           88 |    19 |             0
           88 |    20 |             0
----------------------------------
           89 |     0 |           213
           89 |     1 |           159
           89 |     2 |           146
           89 |     3 |           128
           89 |     4 |           119
           89 |     5 |           104
           89 |     6 |           102
           89 |     7 |            91
           89 |     8 |            95
           89 |     9 |            97
           89 |    10 |            98
           89 |    11 |           105
           89 |    12 |           133
           89 |    13 |           121
           89 |    14 |           122
           89 |    15 |           120
           89 |    16 |           138
           89 |    17 |           136
           89 |    18 |            87
           89 |    19 |             0
           89 |    20 |             0
----------------------------------
           90 |     0 |           199
           90 |     1 |           122
           90 |     2 |           108
           90 |     3 |            99
           90 |     4 |            84
           90 |     5 |            89
           90 |     6 |            75
           90 |     7 |            76
           90 |     8 |            74
           90 |     9 |            91
           90 |    10 |            88
           90 |    11 |            94
           90 |    12 |           111
           90 |    13 |           101
           90 |    14 |           107
           90 |    15 |           119
           90 |    16 |           124
           90 |    17 |           131
           90 |    18 |            88
           90 |    19 |             0
           90 |    20 |             0
----------------------------------
           91 |     0 |            33
           91 |     1 |            23
           91 |     2 |            25
           91 |     3 |            16
           91 |     4 |            19
           91 |     5 |            16
           91 |     6 |            15
           91 |     7 |            19
           91 |     8 |            15
           91 |     9 |             9
           91 |    10 |            23
           91 |    11 |            17
           91 |    12 |            15
           91 |    13 |            22
           91 |    14 |            21
           91 |    15 |            24
           91 |    16 |            24
           91 |    17 |            17
           91 |    18 |            11
           91 |    19 |             0
           91 |    20 |             0
----------------------------------
           92 |     0 |           118
           92 |     1 |            77
           92 |     2 |            70
           92 |     3 |            65
           92 |     4 |            57
           92 |     5 |            55
           92 |     6 |            56
           92 |     7 |            54
           92 |     8 |            65
           92 |     9 |            75
           92 |    10 |            82
           92 |    11 |            76
           92 |    12 |            82
           92 |    13 |            76
           92 |    14 |            80
           92 |    15 |            89
           92 |    16 |            83
           92 |    17 |            68
           92 |    18 |            52
           92 |    19 |             0
           92 |    20 |             0
----------------------------------
           93 |     0 |           158
           93 |     1 |           118
           93 |     2 |            97
           93 |     3 |            82
           93 |     4 |            70
           93 |     5 |            57
           93 |     6 |            61
           93 |     7 |            72
           93 |     8 |            64
           93 |     9 |            69
           93 |    10 |            87
           93 |    11 |            93
           93 |    12 |           113
           93 |    13 |           101
           93 |    14 |           109
           93 |    15 |           112
           93 |    16 |           120
           93 |    17 |           109
           93 |    18 |            75
           93 |    19 |             0
           93 |    20 |             0
----------------------------------
           94 |     0 |           149
           94 |     1 |            98
           94 |     2 |            97
           94 |     3 |            68
           94 |     4 |            59
           94 |     5 |            70
           94 |     6 |            67
           94 |     7 |            60
           94 |     8 |            61
           94 |     9 |            84
           94 |    10 |            81
           94 |    11 |            90
           94 |    12 |            95
           94 |    13 |            87
           94 |    14 |            94
           94 |    15 |            99
           94 |    16 |            90
           94 |    17 |            92
           94 |    18 |            57
           94 |    19 |             0
           94 |    20 |             0
----------------------------------
           95 |     0 |           149
           95 |     1 |           106
           95 |     2 |            91
           95 |     3 |            72
           95 |     4 |            74
           95 |     5 |            59
           95 |     6 |            62
           95 |     7 |            58
           95 |     8 |            70
           95 |     9 |            73
           95 |    10 |            83
           95 |    11 |            92
           95 |    12 |           102
           95 |    13 |            98
           95 |    14 |           110
           95 |    15 |           120
           95 |    16 |           113
           95 |    17 |            99
           95 |    18 |            79
           95 |    19 |             0
           95 |    20 |             0
----------------------------------
           96 |     0 |            68
           96 |     1 |            53
           96 |     2 |            44
           96 |     3 |            30
           96 |     4 |            35
           96 |     5 |            34
           96 |     6 |            29
           96 |     7 |            33
           96 |     8 |            33
           96 |     9 |            35
           96 |    10 |            37
           96 |    11 |            42
           96 |    12 |            41
           96 |    13 |            41
           96 |    14 |            42
           96 |    15 |            42
           96 |    16 |            54
           96 |    17 |            46
           96 |    18 |            29
           96 |    19 |             0
           96 |    20 |             0
----------------------------------
           97 |     0 |            49
           97 |     1 |            44
           97 |     2 |            36
           97 |     3 |            34
           97 |     4 |            31
           97 |     5 |            28
           97 |     6 |            49
           97 |     7 |            39
           97 |     8 |            39
           97 |     9 |            33
           97 |    10 |            37
           97 |    11 |            43
           97 |    12 |            36
           97 |    13 |            42
           97 |    14 |            41
           97 |    15 |            26
           97 |    16 |            31
           97 |    17 |            28
           97 |    18 |            13
           97 |    19 |             0
           97 |    20 |             0
----------------------------------
           98 |     0 |           116
           98 |     1 |            76
           98 |     2 |            70
           98 |     3 |            68
           98 |     4 |            64
           98 |     5 |            80
           98 |     6 |            69
           98 |     7 |            68
           98 |     8 |            86
           98 |     9 |            75
           98 |    10 |            94
           98 |    11 |            88
           98 |    12 |            79
           98 |    13 |            84
           98 |    14 |            78
           98 |    15 |            77
           98 |    16 |            78
           98 |    17 |            72
           98 |    18 |            48
           98 |    19 |             0
           98 |    20 |             0
----------------------------------
           99 |     0 |            93
           99 |     1 |            73
           99 |     2 |            58
           99 |     3 |            56
           99 |     4 |            54
           99 |     5 |            44
           99 |     6 |            33
           99 |     7 |            36
           99 |     8 |            29
           99 |     9 |            40
           99 |    10 |            43
           99 |    11 |            47
           99 |    12 |            42
           99 |    13 |            57
           99 |    14 |            72
           99 |    15 |            73
           99 |    16 |            60
           99 |    17 |            53
           99 |    18 |            27
           99 |    19 |             0
           99 |    20 |             0
----------------------------------
          100 |     0 |            76
          100 |     1 |            59
          100 |     2 |            48
          100 |     3 |            34
          100 |     4 |            32
          100 |     5 |            37
          100 |     6 |            47
          100 |     7 |            38
          100 |     8 |            41
          100 |     9 |            49
          100 |    10 |            67
          100 |    11 |            55
          100 |    12 |            55
          100 |    13 |            67
          100 |    14 |            75
          100 |    15 |            67
          100 |    16 |            66
          100 |    17 |            54
          100 |    18 |            33
          100 |    19 |             0
          100 |    20 |             0
----------------------------------
          101 |     0 |            52
          101 |     1 |            37
          101 |     2 |            45
          101 |     3 |            30
          101 |     4 |            41
          101 |     5 |            36
          101 |     6 |            33
          101 |     7 |            39
          101 |     8 |            49
          101 |     9 |            41
          101 |    10 |            52
          101 |    11 |            54
          101 |    12 |            42
          101 |    13 |            49
          101 |    14 |            59
          101 |    15 |            43
          101 |    16 |            45
          101 |    17 |            27
          101 |    18 |            34
          101 |    19 |             0
          101 |    20 |             0
----------------------------------
          102 |     0 |            21
          102 |     1 |            15
          102 |     2 |            15
          102 |     3 |            16
          102 |     4 |            16
          102 |     5 |            11
          102 |     6 |             6
          102 |     7 |             9
          102 |     8 |             9
          102 |     9 |             5
          102 |    10 |            19
          102 |    11 |            15
          102 |    12 |            18
          102 |    13 |            28
          102 |    14 |            18
          102 |    15 |            20
          102 |    16 |            21
          102 |    17 |            24
          102 |    18 |            20
          102 |    19 |             0
          102 |    20 |             0
----------------------------------
          103 |     0 |            80
          103 |     1 |            59
          103 |     2 |            48
          103 |     3 |            40
          103 |     4 |            43
          103 |     5 |            40
          103 |     6 |            33
          103 |     7 |            32
          103 |     8 |            33
          103 |     9 |            40
          103 |    10 |            46
          103 |    11 |            51
          103 |    12 |            48
          103 |    13 |            52
          103 |    14 |            41
          103 |    15 |            46
          103 |    16 |            35
          103 |    17 |            36
          103 |    18 |            21
          103 |    19 |             0
          103 |    20 |             0
----------------------------------
          104 |     0 |            46
          104 |     1 |            40
          104 |     2 |            40
          104 |     3 |            37
          104 |     4 |            29
          104 |     5 |            31
          104 |     6 |            26
          104 |     7 |            26
          104 |     8 |            31
          104 |     9 |            35
          104 |    10 |            30
          104 |    11 |            44
          104 |    12 |            47
          104 |    13 |            51
          104 |    14 |            50
          104 |    15 |            50
          104 |    16 |            40
          104 |    17 |            39
          104 |    18 |            36
          104 |    19 |             0
          104 |    20 |             0
----------------------------------
          105 |     0 |            39
          105 |     1 |            23
          105 |     2 |            22
          105 |     3 |            18
          105 |     4 |            15
          105 |     5 |            21
          105 |     6 |            11
          105 |     7 |            16
          105 |     8 |            25
          105 |     9 |            30
          105 |    10 |            29
          105 |    11 |            29
          105 |    12 |            31
          105 |    13 |            38
          105 |    14 |            32
          105 |    15 |            42
          105 |    16 |            42
          105 |    17 |            33
          105 |    18 |            29
          105 |    19 |             0
          105 |    20 |             0
----------------------------------
          106 |     0 |            42
          106 |     1 |            38
          106 |     2 |            16
          106 |     3 |            20
          106 |     4 |            13
          106 |     5 |            22
          106 |     6 |            30
          106 |     7 |            30
          106 |     8 |            26
          106 |     9 |            39
          106 |    10 |            35
          106 |    11 |            47
          106 |    12 |            53
          106 |    13 |            44
          106 |    14 |            43
          106 |    15 |            32
          106 |    16 |            41
          106 |    17 |            36
          106 |    18 |            29
          106 |    19 |             0
          106 |    20 |             0
----------------------------------
          107 |     0 |            35
          107 |     1 |            22
          107 |     2 |            17
          107 |     3 |            17
          107 |     4 |            15
          107 |     5 |            17
          107 |     6 |            16
          107 |     7 |            13
          107 |     8 |            15
          107 |     9 |            20
          107 |    10 |            24
          107 |    11 |            18
          107 |    12 |            28
          107 |    13 |            30
          107 |    14 |            31
          107 |    15 |            24
          107 |    16 |            39
          107 |    17 |            31
          107 |    18 |            16
          107 |    19 |             0
          107 |    20 |             0
----------------------------------
          108 |     0 |            53
          108 |     1 |            36
          108 |     2 |            33
          108 |     3 |            31
          108 |     4 |            25
          108 |     5 |            37
          108 |     6 |            31
          108 |     7 |            51
          108 |     8 |            45
          108 |     9 |            42
          108 |    10 |            37
          108 |    11 |            43
          108 |    12 |            43
          108 |    13 |            50
          108 |    14 |            47
          108 |    15 |            42
          108 |    16 |            37
          108 |    17 |            43
          108 |    18 |            30
          108 |    19 |             0
          108 |    20 |             0
----------------------------------
          109 |     0 |            42
          109 |     1 |            31
          109 |     2 |            30
          109 |     3 |            32
          109 |     4 |            37
          109 |     5 |            32
          109 |     6 |            29
          109 |     7 |            40
          109 |     8 |            32
          109 |     9 |            41
          109 |    10 |            36
          109 |    11 |            43
          109 |    12 |            41
          109 |    13 |            34
          109 |    14 |            49
          109 |    15 |            33
          109 |    16 |            38
          109 |    17 |            19
          109 |    18 |            15
          109 |    19 |             0
          109 |    20 |             0
----------------------------------
          110 |     0 |            36
          110 |     1 |            24
          110 |     2 |            21
          110 |     3 |            20
          110 |     4 |            20
          110 |     5 |            29
          110 |     6 |            18
          110 |     7 |            21
          110 |     8 |            19
          110 |     9 |            38
          110 |    10 |            30
          110 |    11 |            37
          110 |    12 |            43
          110 |    13 |            38
          110 |    14 |            43
          110 |    15 |            35
          110 |    16 |            31
          110 |    17 |            26
          110 |    18 |            21
          110 |    19 |             0
          110 |    20 |             0
----------------------------------
          111 |     0 |            28
          111 |     1 |            13
          111 |     2 |            13
          111 |     3 |            17
          111 |     4 |            14
          111 |     5 |            14
          111 |     6 |            11
          111 |     7 |            14
          111 |     8 |            10
          111 |     9 |            15
          111 |    10 |            12
          111 |    11 |            17
          111 |    12 |            15
          111 |    13 |            27
          111 |    14 |            23
          111 |    15 |            26
          111 |    16 |            26
          111 |    17 |            23
          111 |    18 |            15
          111 |    19 |             0
          111 |    20 |             0
----------------------------------
          112 |     0 |            12
          112 |     1 |            16
          112 |     2 |            16
          112 |     3 |            15
          112 |     4 |            13
          112 |     5 |            13
          112 |     6 |             6
          112 |     7 |             9
          112 |     8 |             6
          112 |     9 |             6
          112 |    10 |             8
          112 |    11 |            10
          112 |    12 |            13
          112 |    13 |            14
          112 |    14 |            14
          112 |    15 |            13
          112 |    16 |            20
          112 |    17 |            10
          112 |    18 |            10
          112 |    19 |             0
          112 |    20 |             0
----------------------------------
          113 |     0 |            36
          113 |     1 |            16
          113 |     2 |            15
          113 |     3 |            13
          113 |     4 |            12
          113 |     5 |            10
          113 |     6 |            14
          113 |     7 |            14
          113 |     8 |            10
          113 |     9 |            15
          113 |    10 |            14
          113 |    11 |            19
          113 |    12 |            19
          113 |    13 |            19
          113 |    14 |            18
          113 |    15 |            26
          113 |    16 |            24
          113 |    17 |            27
          113 |    18 |            18
          113 |    19 |             0
          113 |    20 |             0
----------------------------------
          114 |     0 |            10
          114 |     1 |            13
          114 |     2 |            15
          114 |     3 |            11
          114 |     4 |            12
          114 |     5 |             7
          114 |     6 |            11
          114 |     7 |            13
          114 |     8 |            11
          114 |     9 |             9
          114 |    10 |            11
          114 |    11 |            10
          114 |    12 |            15
          114 |    13 |            14
          114 |    14 |            19
          114 |    15 |            18
          114 |    16 |            13
          114 |    17 |             9
          114 |    18 |             7
          114 |    19 |             0
          114 |    20 |             0
----------------------------------
          115 |     0 |             7
          115 |     1 |             5
          115 |     2 |             4
          115 |     3 |             6
          115 |     4 |             5
          115 |     5 |             3
          115 |     6 |             4
          115 |     7 |             4
          115 |     8 |             8
          115 |     9 |             7
          115 |    10 |             7
          115 |    11 |             6
          115 |    12 |             7
          115 |    13 |            13
          115 |    14 |             8
          115 |    15 |             7
          115 |    16 |             6
          115 |    17 |             5
          115 |    18 |             3
          115 |    19 |             0
          115 |    20 |             0
----------------------------------
----------------------------------
----------------------------------
          118 |     0 |             8
          118 |     1 |             6
          118 |     2 |             1
          118 |     3 |             2
          118 |     4 |             5
          118 |     5 |             5
          118 |     6 |             4
          118 |     7 |             4
          118 |     8 |             5
          118 |     9 |             6
          118 |    10 |             4
          118 |    11 |             5
          118 |    12 |            15
          118 |    13 |            13
          118 |    14 |             7
          118 |    15 |            12
          118 |    16 |             7
          118 |    17 |             3
          118 |    18 |             6
          118 |    19 |             0
          118 |    20 |             0
----------------------------------
          119 |     0 |            27
          119 |     1 |            18
          119 |     2 |            14
          119 |     3 |            13
          119 |     4 |             8
          119 |     5 |            11
          119 |     6 |            11
          119 |     7 |             8
          119 |     8 |            13
          119 |     9 |            13
          119 |    10 |            20
          119 |    11 |            27
          119 |    12 |            29
          119 |    13 |            24
          119 |    14 |            24
          119 |    15 |            27
          119 |    16 |            27
          119 |    17 |            21
          119 |    18 |            22
          119 |    19 |             0
          119 |    20 |             0
----------------------------------
----------------------------------
----------------------------------
----------------------------------
----------------------------------
----------------------------------
----------------------------------
----------------------------------
----------------------------------
          128 |     0 |             6
          128 |     1 |             3
          128 |     2 |             3
          128 |     3 |             3
          128 |     4 |             1
          128 |     5 |             7
          128 |     6 |             5
          128 |     7 |             5
          128 |     8 |             8
          128 |     9 |            16
          128 |    10 |             7
          128 |    11 |            14
          128 |    12 |             8
          128 |    13 |            10
          128 |    14 |            10
          128 |    15 |             9
          128 |    16 |             6
          128 |    17 |             5
          128 |    18 |             2
          128 |    19 |             0
          128 |    20 |             0
----------------------------------
          129 |     0 |             8
          129 |     1 |             3
          129 |     2 |             3
          129 |     3 |             3
          129 |     4 |             2
          129 |     5 |             5
          129 |     6 |             6
          129 |     7 |             9
          129 |     8 |             9
          129 |     9 |             6
          129 |    10 |            11
          129 |    11 |            16
          129 |    12 |             9
          129 |    13 |             9
          129 |    14 |             6
          129 |    15 |             6
          129 |    16 |             9
          129 |    17 |             7
          129 |    18 |             2
          129 |    19 |             0
          129 |    20 |             0
----------------------------------
----------------------------------
          131 |     0 |             9
          131 |     1 |             6
          131 |     2 |             3
          131 |     3 |             3
          131 |     4 |             4
          131 |     5 |             3
          131 |     6 |             4
          131 |     7 |             6
          131 |     8 |            11
          131 |     9 |             9
          131 |    10 |             8
          131 |    11 |             6
          131 |    12 |             7
          131 |    13 |             7
          131 |    14 |             7
          131 |    15 |            14
          131 |    16 |             8
          131 |    17 |             9
          131 |    18 |             7
          131 |    19 |             0
          131 |    20 |             0
----------------------------------
----------------------------------
----------------------------------
----------------------------------
          135 |     0 |             9
          135 |     1 |             8
          135 |     2 |             3
          135 |     3 |             1
          135 |     4 |             1
          135 |     5 |             1
          135 |     6 |             3
          135 |     7 |             3
          135 |     8 |             3
          135 |     9 |             8
          135 |    10 |             9
          135 |    11 |             7
          135 |    12 |            10
          135 |    13 |             9
          135 |    14 |            10
          135 |    15 |            13
          135 |    16 |            17
          135 |    17 |            13
          135 |    18 |             7
          135 |    19 |             0
          135 |    20 |             0
----------------------------------
----------------------------------
----------------------------------
----------------------------------
----------------------------------
----------------------------------
----------------------------------
----------------------------------
----------------------------------
----------------------------------
----------------------------------
----------------------------------
----------------------------------
----------------------------------
----------------------------------
----------------------------------
----------------------------------
----------------------------------
----------------------------------
----------------------------------
----------------------------------
----------------------------------
----------------------------------
----------------------------------
----------------------------------
----------------------------------
----------------------------------
----------------------------------
----------------------------------
----------------------------------
----------------------------------
----------------------------------
----------------------------------
----------------------------------
----------------------------------
----------------------------------
----------------------------------
----------------------------------
----------------------------------
----------------------------------
----------------------------------
----------------------------------
----------------------------------
----------------------------------
----------------------------------
----------------------------------
----------------------------------
----------------------------------
----------------------------------
----------------------------------
----------------------------------
----------------------------------
----------------------------------
----------------------------------
----------------------------------
----------------------------------
