MinCut number | RSize | Number of cuts
----------------------------------
----------------------------------
----------------------------------
----------------------------------
----------------------------------
----------------------------------
----------------------------------
----------------------------------
----------------------------------
----------------------------------
----------------------------------
----------------------------------
----------------------------------
----------------------------------
----------------------------------
----------------------------------
----------------------------------
----------------------------------
----------------------------------
----------------------------------
----------------------------------
----------------------------------
----------------------------------
----------------------------------
           43 |     1 |             9
           43 |     2 |             4
           43 |     3 |             0
           43 |     4 |             1
           43 |     5 |             3
           43 |     6 |             1
           43 |     7 |             0
           43 |     8 |             0
           43 |     9 |             0
           43 |    10 |             1
           43 |    11 |             0
           43 |    12 |             1
           43 |    13 |             0
           43 |    14 |             0
           43 |    15 |             2
           43 |    16 |             2
           43 |    17 |             2
           43 |    18 |             2
           43 |    19 |             0
----------------------------------
----------------------------------
----------------------------------
           46 |     1 |             9
           46 |     2 |             1
           46 |     3 |             6
           46 |     4 |             2
           46 |     5 |             1
           46 |     6 |             2
           46 |     7 |             1
           46 |     8 |             0
           46 |     9 |             1
           46 |    10 |             2
           46 |    11 |             2
           46 |    12 |             1
           46 |    13 |             1
           46 |    14 |             0
           46 |    15 |             0
           46 |    16 |             0
           46 |    17 |             0
           46 |    18 |             0
           46 |    19 |             0
----------------------------------
           47 |     1 |            22
           47 |     2 |            16
           47 |     3 |            14
           47 |     4 |             9
           47 |     5 |             7
           47 |     6 |             5
           47 |     7 |             6
           47 |     8 |             3
           47 |     9 |             2
           47 |    10 |             2
           47 |    11 |             1
           47 |    12 |             3
           47 |    13 |             2
           47 |    14 |             2
           47 |    15 |             0
           47 |    16 |             2
           47 |    17 |             4
           47 |    18 |             0
           47 |    19 |             0
----------------------------------
           48 |     1 |            22
           48 |     2 |            15
           48 |     3 |             9
           48 |     4 |             8
           48 |     5 |             6
           48 |     6 |             9
           48 |     7 |             6
           48 |     8 |             2
           48 |     9 |             1
           48 |    10 |             3
           48 |    11 |             3
           48 |    12 |             3
           48 |    13 |             2
           48 |    14 |             2
           48 |    15 |             4
           48 |    16 |             5
           48 |    17 |             4
           48 |    18 |             3
           48 |    19 |             0
----------------------------------
           49 |     1 |            21
           49 |     2 |            12
           49 |     3 |             5
           49 |     4 |            10
           49 |     5 |             4
           49 |     6 |             2
           49 |     7 |             1
           49 |     8 |             3
           49 |     9 |             4
           49 |    10 |             3
           49 |    11 |             5
           49 |    12 |             6
           49 |    13 |            11
           49 |    14 |             6
           49 |    15 |             6
           49 |    16 |             5
           49 |    17 |             4
           49 |    18 |             2
           49 |    19 |             0
----------------------------------
           50 |     1 |            65
           50 |     2 |            37
           50 |     3 |            29
           50 |     4 |            18
           50 |     5 |            15
           50 |     6 |            14
           50 |     7 |            11
           50 |     8 |            10
           50 |     9 |             7
           50 |    10 |            11
           50 |    11 |             9
           50 |    12 |             9
           50 |    13 |            11
           50 |    14 |             9
           50 |    15 |             8
           50 |    16 |             9
           50 |    17 |            12
           50 |    18 |             8
           50 |    19 |             0
----------------------------------
           51 |     1 |            17
           51 |     2 |            10
           51 |     3 |             3
           51 |     4 |             3
           51 |     5 |             3
           51 |     6 |             3
           51 |     7 |             2
           51 |     8 |             2
           51 |     9 |             2
           51 |    10 |             3
           51 |    11 |             7
           51 |    12 |             2
           51 |    13 |             2
           51 |    14 |             3
           51 |    15 |             3
           51 |    16 |             4
           51 |    17 |             2
           51 |    18 |             2
           51 |    19 |             0
----------------------------------
           52 |     1 |            68
           52 |     2 |            45
           52 |     3 |            29
           52 |     4 |            23
           52 |     5 |            21
           52 |     6 |            15
           52 |     7 |            15
           52 |     8 |            14
           52 |     9 |            14
           52 |    10 |            13
           52 |    11 |             7
           52 |    12 |            12
           52 |    13 |            11
           52 |    14 |            18
           52 |    15 |            14
           52 |    16 |            15
           52 |    17 |            14
           52 |    18 |            10
           52 |    19 |             0
----------------------------------
           53 |     1 |            97
           53 |     2 |            56
           53 |     3 |            37
           53 |     4 |            29
           53 |     5 |            22
           53 |     6 |            15
           53 |     7 |            24
           53 |     8 |            13
           53 |     9 |            21
           53 |    10 |            14
           53 |    11 |            13
           53 |    12 |            14
           53 |    13 |            13
           53 |    14 |            23
           53 |    15 |            14
           53 |    16 |            11
           53 |    17 |            11
           53 |    18 |             7
           53 |    19 |             0
----------------------------------
           54 |     1 |           113
           54 |     2 |            74
           54 |     3 |            51
           54 |     4 |            30
           54 |     5 |            32
           54 |     6 |            25
           54 |     7 |            20
           54 |     8 |            21
           54 |     9 |            18
           54 |    10 |            17
           54 |    11 |            23
           54 |    12 |            25
           54 |    13 |            26
           54 |    14 |            19
           54 |    15 |            17
           54 |    16 |            16
           54 |    17 |            18
           54 |    18 |             6
           54 |    19 |             0
----------------------------------
           55 |     1 |           158
           55 |     2 |           104
           55 |     3 |            75
           55 |     4 |            59
           55 |     5 |            48
           55 |     6 |            33
           55 |     7 |            41
           55 |     8 |            32
           55 |     9 |            41
           55 |    10 |            26
           55 |    11 |            32
           55 |    12 |            30
           55 |    13 |            36
           55 |    14 |            32
           55 |    15 |            28
           55 |    16 |            32
           55 |    17 |            25
           55 |    18 |            22
           55 |    19 |             0
----------------------------------
           56 |     1 |           184
           56 |     2 |           124
           56 |     3 |            78
           56 |     4 |            62
           56 |     5 |            40
           56 |     6 |            43
           56 |     7 |            39
           56 |     8 |            34
           56 |     9 |            33
           56 |    10 |            34
           56 |    11 |            31
           56 |    12 |            26
           56 |    13 |            31
           56 |    14 |            36
           56 |    15 |            35
           56 |    16 |            30
           56 |    17 |            27
           56 |    18 |            22
           56 |    19 |             0
----------------------------------
           57 |     1 |           160
           57 |     2 |           110
           57 |     3 |            94
           57 |     4 |            64
           57 |     5 |            59
           57 |     6 |            40
           57 |     7 |            44
           57 |     8 |            33
           57 |     9 |            40
           57 |    10 |            27
           57 |    11 |            36
           57 |    12 |            25
           57 |    13 |            28
           57 |    14 |            36
           57 |    15 |            25
           57 |    16 |            31
           57 |    17 |            26
           57 |    18 |            22
           57 |    19 |             0
----------------------------------
           58 |     1 |           100
           58 |     2 |            80
           58 |     3 |            62
           58 |     4 |            40
           58 |     5 |            47
           58 |     6 |            35
           58 |     7 |            28
           58 |     8 |            30
           58 |     9 |            30
           58 |    10 |            26
           58 |    11 |            38
           58 |    12 |            29
           58 |    13 |            27
           58 |    14 |            34
           58 |    15 |            30
           58 |    16 |            28
           58 |    17 |            31
           58 |    18 |            19
           58 |    19 |             0
----------------------------------
           59 |     1 |           151
           59 |     2 |           104
           59 |     3 |            81
           59 |     4 |            82
           59 |     5 |            60
           59 |     6 |            50
           59 |     7 |            46
           59 |     8 |            45
           59 |     9 |            54
           59 |    10 |            47
           59 |    11 |            36
           59 |    12 |            32
           59 |    13 |            35
           59 |    14 |            36
           59 |    15 |            29
           59 |    16 |            25
           59 |    17 |            29
           59 |    18 |            11
           59 |    19 |             0
----------------------------------
           60 |     1 |           222
           60 |     2 |           133
           60 |     3 |           132
           60 |     4 |           104
           60 |     5 |            82
           60 |     6 |            68
           60 |     7 |            67
           60 |     8 |            46
           60 |     9 |            47
           60 |    10 |            46
           60 |    11 |            51
           60 |    12 |            49
           60 |    13 |            55
           60 |    14 |            46
           60 |    15 |            41
           60 |    16 |            44
           60 |    17 |            29
           60 |    18 |            32
           60 |    19 |             0
----------------------------------
           61 |     1 |           210
           61 |     2 |           154
           61 |     3 |           118
           61 |     4 |            95
           61 |     5 |            91
           61 |     6 |            74
           61 |     7 |            59
           61 |     8 |            58
           61 |     9 |            51
           61 |    10 |            50
           61 |    11 |            55
           61 |    12 |            53
           61 |    13 |            41
           61 |    14 |            53
           61 |    15 |            64
           61 |    16 |            38
           61 |    17 |            24
           61 |    18 |            18
           61 |    19 |             0
----------------------------------
           62 |     1 |           288
           62 |     2 |           237
           62 |     3 |           178
           62 |     4 |           143
           62 |     5 |           118
           62 |     6 |            91
           62 |     7 |           100
           62 |     8 |            80
           62 |     9 |            97
           62 |    10 |            77
           62 |    11 |            78
           62 |    12 |            77
           62 |    13 |            89
           62 |    14 |            67
           62 |    15 |            74
           62 |    16 |            75
           62 |    17 |            47
           62 |    18 |            37
           62 |    19 |             0
----------------------------------
           63 |     1 |           311
           63 |     2 |           210
           63 |     3 |           183
           63 |     4 |           170
           63 |     5 |           123
           63 |     6 |           128
           63 |     7 |           107
           63 |     8 |            91
           63 |     9 |            97
           63 |    10 |            84
           63 |    11 |            67
           63 |    12 |            86
           63 |    13 |            80
           63 |    14 |            62
           63 |    15 |            71
           63 |    16 |            66
           63 |    17 |            54
           63 |    18 |            44
           63 |    19 |             0
----------------------------------
           64 |     1 |           286
           64 |     2 |           222
           64 |     3 |           182
           64 |     4 |           144
           64 |     5 |           129
           64 |     6 |            97
           64 |     7 |           109
           64 |     8 |            93
           64 |     9 |            86
           64 |    10 |            91
           64 |    11 |            66
           64 |    12 |            70
           64 |    13 |            75
           64 |    14 |            80
           64 |    15 |            64
           64 |    16 |            61
           64 |    17 |            62
           64 |    18 |            35
           64 |    19 |             0
----------------------------------
           65 |     1 |           311
           65 |     2 |           218
           65 |     3 |           178
           65 |     4 |           168
           65 |     5 |           149
           65 |     6 |           127
           65 |     7 |           111
           65 |     8 |            95
           65 |     9 |            84
           65 |    10 |            75
           65 |    11 |            77
           65 |    12 |            73
           65 |    13 |            69
           65 |    14 |            84
           65 |    15 |            96
           65 |    16 |            90
           65 |    17 |            74
           65 |    18 |            37
           65 |    19 |             0
----------------------------------
           66 |     1 |           285
           66 |     2 |           205
           66 |     3 |           164
           66 |     4 |           139
           66 |     5 |           120
           66 |     6 |           109
           66 |     7 |           105
           66 |     8 |           115
           66 |     9 |            93
           66 |    10 |            88
           66 |    11 |            92
           66 |    12 |            96
           66 |    13 |            86
           66 |    14 |            82
           66 |    15 |            74
           66 |    16 |            70
           66 |    17 |            64
           66 |    18 |            44
           66 |    19 |             0
----------------------------------
           67 |     1 |           324
           67 |     2 |           246
           67 |     3 |           203
           67 |     4 |           193
           67 |     5 |           144
           67 |     6 |           148
           67 |     7 |           100
           67 |     8 |           106
           67 |     9 |            99
           67 |    10 |           115
           67 |    11 |           113
           67 |    12 |           100
           67 |    13 |           107
           67 |    14 |            89
           67 |    15 |            82
           67 |    16 |            72
           67 |    17 |            62
           67 |    18 |            42
           67 |    19 |             0
----------------------------------
           68 |     1 |           332
           68 |     2 |           223
           68 |     3 |           187
           68 |     4 |           175
           68 |     5 |           149
           68 |     6 |           149
           68 |     7 |           141
           68 |     8 |           128
           68 |     9 |           116
           68 |    10 |            97
           68 |    11 |           101
           68 |    12 |            94
           68 |    13 |           107
           68 |    14 |           102
           68 |    15 |           103
           68 |    16 |            84
           68 |    17 |            66
           68 |    18 |            35
           68 |    19 |             0
----------------------------------
           69 |     1 |           349
           69 |     2 |           279
           69 |     3 |           208
           69 |     4 |           167
           69 |     5 |           166
           69 |     6 |           144
           69 |     7 |           140
           69 |     8 |           122
           69 |     9 |           112
           69 |    10 |           118
           69 |    11 |           117
           69 |    12 |           105
           69 |    13 |           112
           69 |    14 |           114
           69 |    15 |           101
           69 |    16 |            89
           69 |    17 |            59
           69 |    18 |            46
           69 |    19 |             0
----------------------------------
           70 |     1 |           233
           70 |     2 |           183
           70 |     3 |           151
           70 |     4 |           165
           70 |     5 |           121
           70 |     6 |           116
           70 |     7 |            93
           70 |     8 |            86
           70 |     9 |            87
           70 |    10 |            93
           70 |    11 |            82
           70 |    12 |            79
           70 |    13 |            65
           70 |    14 |            63
           70 |    15 |            66
           70 |    16 |            66
           70 |    17 |            41
           70 |    18 |            28
           70 |    19 |             0
----------------------------------
           71 |     1 |           233
           71 |     2 |           179
           71 |     3 |           156
           71 |     4 |           126
           71 |     5 |           116
           71 |     6 |           101
           71 |     7 |            98
           71 |     8 |           124
           71 |     9 |           104
           71 |    10 |            89
           71 |    11 |            86
           71 |    12 |            76
           71 |    13 |            75
           71 |    14 |            89
           71 |    15 |            73
           71 |    16 |            69
           71 |    17 |            50
           71 |    18 |            37
           71 |    19 |             0
----------------------------------
           72 |     1 |           260
           72 |     2 |           229
           72 |     3 |           188
           72 |     4 |           159
           72 |     5 |           129
           72 |     6 |           119
           72 |     7 |            99
           72 |     8 |            88
           72 |     9 |            90
           72 |    10 |            85
           72 |    11 |            71
           72 |    12 |            83
           72 |    13 |            79
           72 |    14 |            69
           72 |    15 |            70
           72 |    16 |            57
           72 |    17 |            48
           72 |    18 |            29
           72 |    19 |             0
----------------------------------
           73 |     1 |           270
           73 |     2 |           209
           73 |     3 |           169
           73 |     4 |           178
           73 |     5 |           145
           73 |     6 |           145
           73 |     7 |           143
           73 |     8 |           129
           73 |     9 |           122
           73 |    10 |           118
           73 |    11 |           117
           73 |    12 |           107
           73 |    13 |           102
           73 |    14 |           109
           73 |    15 |            88
           73 |    16 |            74
           73 |    17 |            58
           73 |    18 |            35
           73 |    19 |             0
----------------------------------
           74 |     1 |           210
           74 |     2 |           136
           74 |     3 |           133
           74 |     4 |           138
           74 |     5 |           128
           74 |     6 |            99
           74 |     7 |           120
           74 |     8 |            98
           74 |     9 |           103
           74 |    10 |            91
           74 |    11 |            94
           74 |    12 |            92
           74 |    13 |            83
           74 |    14 |            79
           74 |    15 |            77
           74 |    16 |            65
           74 |    17 |            43
           74 |    18 |            25
           74 |    19 |             0
----------------------------------
           75 |     1 |           190
           75 |     2 |           151
           75 |     3 |           135
           75 |     4 |           117
           75 |     5 |           112
           75 |     6 |            90
           75 |     7 |            98
           75 |     8 |            91
           75 |     9 |            87
           75 |    10 |            87
           75 |    11 |            85
           75 |    12 |            70
           75 |    13 |            74
           75 |    14 |            69
           75 |    15 |            62
           75 |    16 |            56
           75 |    17 |            39
           75 |    18 |            23
           75 |    19 |             0
----------------------------------
           76 |     1 |           241
           76 |     2 |           209
           76 |     3 |           182
           76 |     4 |           167
           76 |     5 |           154
           76 |     6 |           130
           76 |     7 |           136
           76 |     8 |           122
           76 |     9 |           126
           76 |    10 |           113
           76 |    11 |           115
           76 |    12 |           111
           76 |    13 |            89
           76 |    14 |            82
           76 |    15 |            71
           76 |    16 |            69
           76 |    17 |            45
           76 |    18 |            32
           76 |    19 |             0
----------------------------------
           77 |     1 |           192
           77 |     2 |           149
           77 |     3 |           125
           77 |     4 |           118
           77 |     5 |           108
           77 |     6 |           100
           77 |     7 |            90
           77 |     8 |            81
           77 |     9 |            99
           77 |    10 |            85
           77 |    11 |            78
           77 |    12 |            71
           77 |    13 |            72
           77 |    14 |            66
           77 |    15 |            65
           77 |    16 |            49
           77 |    17 |            38
           77 |    18 |            29
           77 |    19 |             0
----------------------------------
           78 |     1 |           169
           78 |     2 |           130
           78 |     3 |           120
           78 |     4 |           107
           78 |     5 |            98
           78 |     6 |            99
           78 |     7 |            98
           78 |     8 |            95
           78 |     9 |            81
           78 |    10 |            88
           78 |    11 |           100
           78 |    12 |            81
           78 |    13 |            78
           78 |    14 |            75
           78 |    15 |            74
           78 |    16 |            63
           78 |    17 |            50
           78 |    18 |            33
           78 |    19 |             0
----------------------------------
           79 |     1 |           195
           79 |     2 |           164
           79 |     3 |           158
           79 |     4 |           161
           79 |     5 |           145
           79 |     6 |           137
           79 |     7 |           110
           79 |     8 |           118
           79 |     9 |           116
           79 |    10 |           110
           79 |    11 |           108
           79 |    12 |            98
           79 |    13 |            97
           79 |    14 |            84
           79 |    15 |            77
           79 |    16 |            65
           79 |    17 |            48
           79 |    18 |            29
           79 |    19 |             0
----------------------------------
           80 |     1 |           137
           80 |     2 |           128
           80 |     3 |           107
           80 |     4 |            97
           80 |     5 |            89
           80 |     6 |            74
           80 |     7 |            61
           80 |     8 |            68
           80 |     9 |            64
           80 |    10 |            74
           80 |    11 |            72
           80 |    12 |            72
           80 |    13 |            68
           80 |    14 |            59
           80 |    15 |            49
           80 |    16 |            43
           80 |    17 |            38
           80 |    18 |            24
           80 |    19 |             0
----------------------------------
           81 |     1 |           158
           81 |     2 |           142
           81 |     3 |           122
           81 |     4 |           116
           81 |     5 |           103
           81 |     6 |           111
           81 |     7 |            90
           81 |     8 |            83
           81 |     9 |            78
           81 |    10 |            83
           81 |    11 |            74
           81 |    12 |            64
           81 |    13 |            75
           81 |    14 |            63
           81 |    15 |            72
           81 |    16 |            55
           81 |    17 |            50
           81 |    18 |            21
           81 |    19 |             0
----------------------------------
           82 |     1 |           150
           82 |     2 |           120
           82 |     3 |            93
           82 |     4 |            95
           82 |     5 |            87
           82 |     6 |            77
           82 |     7 |            81
           82 |     8 |            87
           82 |     9 |            78
           82 |    10 |            81
           82 |    11 |            66
           82 |    12 |            74
           82 |    13 |            73
           82 |    14 |            73
           82 |    15 |            54
           82 |    16 |            47
           82 |    17 |            37
           82 |    18 |            16
           82 |    19 |             0
----------------------------------
           83 |     1 |           130
           83 |     2 |           116
           83 |     3 |            91
           83 |     4 |            88
           83 |     5 |           103
           83 |     6 |            77
           83 |     7 |            92
           83 |     8 |            91
           83 |     9 |            77
           83 |    10 |            75
           83 |    11 |            77
           83 |    12 |            69
           83 |    13 |            56
           83 |    14 |            45
           83 |    15 |            49
           83 |    16 |            34
           83 |    17 |            27
           83 |    18 |            17
           83 |    19 |             0
----------------------------------
           84 |     1 |            93
           84 |     2 |            72
           84 |     3 |            68
           84 |     4 |            82
           84 |     5 |            69
           84 |     6 |            80
           84 |     7 |            73
           84 |     8 |            74
           84 |     9 |            73
           84 |    10 |            76
           84 |    11 |            73
           84 |    12 |            67
           84 |    13 |            54
           84 |    14 |            53
           84 |    15 |            46
           84 |    16 |            40
           84 |    17 |            22
           84 |    18 |            20
           84 |    19 |             0
----------------------------------
           85 |     1 |            53
           85 |     2 |            55
           85 |     3 |            42
           85 |     4 |            51
           85 |     5 |            45
           85 |     6 |            42
           85 |     7 |            44
           85 |     8 |            35
           85 |     9 |            28
           85 |    10 |            36
           85 |    11 |            31
           85 |    12 |            32
           85 |    13 |            26
           85 |    14 |            26
           85 |    15 |            25
           85 |    16 |            16
           85 |    17 |            17
           85 |    18 |            12
           85 |    19 |             0
----------------------------------
           86 |     1 |            58
           86 |     2 |            46
           86 |     3 |            50
           86 |     4 |            60
           86 |     5 |            59
           86 |     6 |            50
           86 |     7 |            37
           86 |     8 |            50
           86 |     9 |            56
           86 |    10 |            46
           86 |    11 |            44
           86 |    12 |            34
           86 |    13 |            28
           86 |    14 |            26
           86 |    15 |            20
           86 |    16 |            17
           86 |    17 |            13
           86 |    18 |            11
           86 |    19 |             0
----------------------------------
           87 |     1 |            72
           87 |     2 |            52
           87 |     3 |            58
           87 |     4 |            66
           87 |     5 |            60
           87 |     6 |            51
           87 |     7 |            61
           87 |     8 |            65
           87 |     9 |            61
           87 |    10 |            49
           87 |    11 |            54
           87 |    12 |            43
           87 |    13 |            47
           87 |    14 |            37
           87 |    15 |            31
           87 |    16 |            30
           87 |    17 |            13
           87 |    18 |            13
           87 |    19 |             0
----------------------------------
           88 |     1 |            87
           88 |     2 |            73
           88 |     3 |            52
           88 |     4 |            50
           88 |     5 |            54
           88 |     6 |            63
           88 |     7 |            62
           88 |     8 |            53
           88 |     9 |            54
           88 |    10 |            54
           88 |    11 |            54
           88 |    12 |            45
           88 |    13 |            39
           88 |    14 |            29
           88 |    15 |            39
           88 |    16 |            26
           88 |    17 |            28
           88 |    18 |            15
           88 |    19 |             0
----------------------------------
           89 |     1 |            55
           89 |     2 |            44
           89 |     3 |            44
           89 |     4 |            45
           89 |     5 |            49
           89 |     6 |            45
           89 |     7 |            36
           89 |     8 |            41
           89 |     9 |            37
           89 |    10 |            33
           89 |    11 |            38
           89 |    12 |            36
           89 |    13 |            33
           89 |    14 |            35
           89 |    15 |            26
           89 |    16 |            25
           89 |    17 |            16
           89 |    18 |            13
           89 |    19 |             0
----------------------------------
           90 |     1 |            70
           90 |     2 |            55
           90 |     3 |            44
           90 |     4 |            47
           90 |     5 |            51
           90 |     6 |            48
           90 |     7 |            48
           90 |     8 |            42
           90 |     9 |            45
           90 |    10 |            45
           90 |    11 |            41
           90 |    12 |            39
           90 |    13 |            36
           90 |    14 |            33
           90 |    15 |            32
           90 |    16 |            22
           90 |    17 |            20
           90 |    18 |            19
           90 |    19 |             0
----------------------------------
           91 |     1 |            45
           91 |     2 |            29
           91 |     3 |            50
           91 |     4 |            46
           91 |     5 |            43
           91 |     6 |            42
           91 |     7 |            40
           91 |     8 |            36
           91 |     9 |            34
           91 |    10 |            32
           91 |    11 |            31
           91 |    12 |            33
           91 |    13 |            27
           91 |    14 |            25
           91 |    15 |            24
           91 |    16 |            20
           91 |    17 |            16
           91 |    18 |            10
           91 |    19 |             0
----------------------------------
           92 |     1 |            22
           92 |     2 |            24
           92 |     3 |            14
           92 |     4 |            16
           92 |     5 |            11
           92 |     6 |            16
           92 |     7 |            23
           92 |     8 |            21
           92 |     9 |            16
           92 |    10 |            14
           92 |    11 |            13
           92 |    12 |            14
           92 |    13 |            11
           92 |    14 |            12
           92 |    15 |             9
           92 |    16 |             5
           92 |    17 |             6
           92 |    18 |             4
           92 |    19 |             0
----------------------------------
           93 |     1 |            21
           93 |     2 |            16
           93 |     3 |            22
           93 |     4 |            21
           93 |     5 |            20
           93 |     6 |            26
           93 |     7 |            27
           93 |     8 |            24
           93 |     9 |            22
           93 |    10 |            22
           93 |    11 |            18
           93 |    12 |            19
           93 |    13 |            20
           93 |    14 |            20
           93 |    15 |            11
           93 |    16 |            13
           93 |    17 |             9
           93 |    18 |             4
           93 |    19 |             0
----------------------------------
           94 |     1 |             8
           94 |     2 |             7
           94 |     3 |             8
           94 |     4 |             5
           94 |     5 |             5
           94 |     6 |             6
           94 |     7 |             4
           94 |     8 |             4
           94 |     9 |             6
           94 |    10 |             5
           94 |    11 |             4
           94 |    12 |             4
           94 |    13 |             4
           94 |    14 |             4
           94 |    15 |             3
           94 |    16 |             3
           94 |    17 |             2
           94 |    18 |             1
           94 |    19 |             0
----------------------------------
           95 |     1 |            32
           95 |     2 |            26
           95 |     3 |            31
           95 |     4 |            24
           95 |     5 |            29
           95 |     6 |            25
           95 |     7 |            32
           95 |     8 |            31
           95 |     9 |            27
           95 |    10 |            28
           95 |    11 |            31
           95 |    12 |            27
           95 |    13 |            22
           95 |    14 |            17
           95 |    15 |            18
           95 |    16 |            12
           95 |    17 |            11
           95 |    18 |             5
           95 |    19 |             0
----------------------------------
           96 |     1 |            22
           96 |     2 |            34
           96 |     3 |            26
           96 |     4 |            17
           96 |     5 |            22
           96 |     6 |            16
           96 |     7 |            14
           96 |     8 |             9
           96 |     9 |            13
           96 |    10 |            12
           96 |    11 |            16
           96 |    12 |            17
           96 |    13 |            15
           96 |    14 |            11
           96 |    15 |             9
           96 |    16 |             5
           96 |    17 |             5
           96 |    18 |             4
           96 |    19 |             0
----------------------------------
           97 |     1 |            10
           97 |     2 |            10
           97 |     3 |             8
           97 |     4 |            11
           97 |     5 |            10
           97 |     6 |            10
           97 |     7 |            17
           97 |     8 |            20
           97 |     9 |            16
           97 |    10 |            16
           97 |    11 |            11
           97 |    12 |            12
           97 |    13 |             4
           97 |    14 |             8
           97 |    15 |             6
           97 |    16 |             8
           97 |    17 |             3
           97 |    18 |             3
           97 |    19 |             0
----------------------------------
           98 |     1 |            10
           98 |     2 |            11
           98 |     3 |             8
           98 |     4 |            11
           98 |     5 |             5
           98 |     6 |             9
           98 |     7 |             8
           98 |     8 |             5
           98 |     9 |             3
           98 |    10 |             4
           98 |    11 |             2
           98 |    12 |             2
           98 |    13 |             3
           98 |    14 |             1
           98 |    15 |             1
           98 |    16 |             2
           98 |    17 |             3
           98 |    18 |             2
           98 |    19 |             0
----------------------------------
----------------------------------
----------------------------------
          101 |     1 |             6
          101 |     2 |             9
          101 |     3 |             6
          101 |     4 |             4
          101 |     5 |             4
          101 |     6 |             4
          101 |     7 |             8
          101 |     8 |             6
          101 |     9 |             5
          101 |    10 |             8
          101 |    11 |             7
          101 |    12 |             5
          101 |    13 |             8
          101 |    14 |             3
          101 |    15 |             5
          101 |    16 |             4
          101 |    17 |             2
          101 |    18 |             1
          101 |    19 |             0
----------------------------------
          102 |     1 |             7
          102 |     2 |             6
          102 |     3 |             4
          102 |     4 |             5
          102 |     5 |             1
          102 |     6 |             4
          102 |     7 |             4
          102 |     8 |             7
          102 |     9 |             6
          102 |    10 |             7
          102 |    11 |             6
          102 |    12 |             5
          102 |    13 |             9
          102 |    14 |             6
          102 |    15 |             7
          102 |    16 |             5
          102 |    17 |             1
          102 |    18 |             2
          102 |    19 |             0
----------------------------------
          103 |     1 |             6
          103 |     2 |             5
          103 |     3 |             4
          103 |     4 |             7
          103 |     5 |             7
          103 |     6 |             6
          103 |     7 |             7
          103 |     8 |             5
          103 |     9 |             6
          103 |    10 |             7
          103 |    11 |             3
          103 |    12 |             7
          103 |    13 |             5
          103 |    14 |             6
          103 |    15 |             5
          103 |    16 |             3
          103 |    17 |             3
          103 |    18 |             0
          103 |    19 |             0
----------------------------------
          104 |     1 |             2
          104 |     2 |             3
          104 |     3 |             2
          104 |     4 |             7
          104 |     5 |            10
          104 |     6 |             8
          104 |     7 |             9
          104 |     8 |             7
          104 |     9 |             5
          104 |    10 |             6
          104 |    11 |             9
          104 |    12 |             9
          104 |    13 |             6
          104 |    14 |             3
          104 |    15 |             3
          104 |    16 |             4
          104 |    17 |             3
          104 |    18 |             2
          104 |    19 |             0
----------------------------------
          105 |     1 |             7
          105 |     2 |             8
          105 |     3 |             9
          105 |     4 |            11
          105 |     5 |             8
          105 |     6 |            11
          105 |     7 |             9
          105 |     8 |             7
          105 |     9 |             4
          105 |    10 |             4
          105 |    11 |             3
          105 |    12 |             0
          105 |    13 |             1
          105 |    14 |             4
          105 |    15 |             4
          105 |    16 |             4
          105 |    17 |             2
          105 |    18 |             1
          105 |    19 |             0
----------------------------------
          106 |     1 |             6
          106 |     2 |             5
          106 |     3 |             3
          106 |     4 |            10
          106 |     5 |             9
          106 |     6 |            10
          106 |     7 |             8
          106 |     8 |             6
          106 |     9 |             3
          106 |    10 |             3
          106 |    11 |             3
          106 |    12 |             5
          106 |    13 |             9
          106 |    14 |             5
          106 |    15 |             4
          106 |    16 |             3
          106 |    17 |             5
          106 |    18 |             1
          106 |    19 |             0
----------------------------------
----------------------------------
----------------------------------
----------------------------------
----------------------------------
----------------------------------
----------------------------------
----------------------------------
----------------------------------
----------------------------------
----------------------------------
----------------------------------
----------------------------------
----------------------------------
----------------------------------
----------------------------------
----------------------------------
----------------------------------
----------------------------------
----------------------------------
----------------------------------
----------------------------------
----------------------------------
----------------------------------
----------------------------------
----------------------------------
----------------------------------
----------------------------------
----------------------------------
----------------------------------
----------------------------------
----------------------------------
----------------------------------
----------------------------------
----------------------------------
----------------------------------
----------------------------------
----------------------------------
----------------------------------
----------------------------------
----------------------------------
----------------------------------
----------------------------------
----------------------------------
----------------------------------
----------------------------------
----------------------------------
----------------------------------
----------------------------------
----------------------------------
----------------------------------
----------------------------------
----------------------------------
----------------------------------
----------------------------------
----------------------------------
----------------------------------
----------------------------------
----------------------------------
----------------------------------
----------------------------------
----------------------------------
----------------------------------
----------------------------------
----------------------------------
----------------------------------
----------------------------------
----------------------------------
----------------------------------
----------------------------------
----------------------------------
----------------------------------
----------------------------------
----------------------------------
----------------------------------
----------------------------------
----------------------------------
----------------------------------
----------------------------------
----------------------------------
----------------------------------
----------------------------------
----------------------------------
----------------------------------
----------------------------------
