MinCut number | RSize | Number of cuts
----------------------------------
----------------------------------
----------------------------------
----------------------------------
----------------------------------
----------------------------------
----------------------------------
----------------------------------
----------------------------------
----------------------------------
----------------------------------
----------------------------------
----------------------------------
----------------------------------
----------------------------------
----------------------------------
----------------------------------
           36 |     1 |             3
           36 |     2 |             5
           36 |     3 |             3
           36 |     4 |             2
           36 |     5 |             3
           36 |     6 |             0
           36 |     7 |             0
           36 |     8 |             0
           36 |     9 |             1
           36 |    10 |             0
           36 |    11 |             0
           36 |    12 |             1
           36 |    13 |             1
           36 |    14 |             0
           36 |    15 |             0
           36 |    16 |             0
           36 |    17 |             0
           36 |    18 |             0
           36 |    19 |             0
----------------------------------
----------------------------------
----------------------------------
----------------------------------
----------------------------------
           41 |     1 |            12
           41 |     2 |            10
           41 |     3 |             5
           41 |     4 |             8
           41 |     5 |             5
           41 |     6 |             0
           41 |     7 |             1
           41 |     8 |             3
           41 |     9 |             1
           41 |    10 |             4
           41 |    11 |             2
           41 |    12 |             2
           41 |    13 |             3
           41 |    14 |             0
           41 |    15 |             1
           41 |    16 |             1
           41 |    17 |             2
           41 |    18 |             3
           41 |    19 |             0
----------------------------------
----------------------------------
           43 |     1 |             7
           43 |     2 |             1
           43 |     3 |             1
           43 |     4 |             2
           43 |     5 |             4
           43 |     6 |             2
           43 |     7 |             2
           43 |     8 |             1
           43 |     9 |             0
           43 |    10 |             2
           43 |    11 |             1
           43 |    12 |             0
           43 |    13 |             0
           43 |    14 |             0
           43 |    15 |             1
           43 |    16 |             2
           43 |    17 |             4
           43 |    18 |             3
           43 |    19 |             0
----------------------------------
           44 |     1 |            27
           44 |     2 |            15
           44 |     3 |            11
           44 |     4 |             5
           44 |     5 |             7
           44 |     6 |             6
           44 |     7 |             6
           44 |     8 |             4
           44 |     9 |             3
           44 |    10 |             3
           44 |    11 |             2
           44 |    12 |             3
           44 |    13 |             3
           44 |    14 |             4
           44 |    15 |             6
           44 |    16 |             6
           44 |    17 |            10
           44 |    18 |            13
           44 |    19 |             0
----------------------------------
           45 |     1 |            20
           45 |     2 |            16
           45 |     3 |            18
           45 |     4 |             5
           45 |     5 |             7
           45 |     6 |             6
           45 |     7 |             7
           45 |     8 |             4
           45 |     9 |             5
           45 |    10 |             4
           45 |    11 |             4
           45 |    12 |             3
           45 |    13 |             7
           45 |    14 |             4
           45 |    15 |             5
           45 |    16 |             8
           45 |    17 |             8
           45 |    18 |            10
           45 |    19 |             0
----------------------------------
           46 |     1 |             4
           46 |     2 |             8
           46 |     3 |             4
           46 |     4 |             2
           46 |     5 |             2
           46 |     6 |             4
           46 |     7 |             4
           46 |     8 |             1
           46 |     9 |             1
           46 |    10 |             1
           46 |    11 |             1
           46 |    12 |             0
           46 |    13 |             1
           46 |    14 |             0
           46 |    15 |             0
           46 |    16 |             0
           46 |    17 |             1
           46 |    18 |             0
           46 |    19 |             0
----------------------------------
           47 |     1 |            35
           47 |     2 |            24
           47 |     3 |            13
           47 |     4 |            12
           47 |     5 |             6
           47 |     6 |             2
           47 |     7 |             5
           47 |     8 |             6
           47 |     9 |             8
           47 |    10 |             6
           47 |    11 |             2
           47 |    12 |            10
           47 |    13 |            10
           47 |    14 |             9
           47 |    15 |             8
           47 |    16 |             4
           47 |    17 |            11
           47 |    18 |             8
           47 |    19 |             0
----------------------------------
           48 |     1 |            54
           48 |     2 |            24
           48 |     3 |            21
           48 |     4 |            16
           48 |     5 |            11
           48 |     6 |            20
           48 |     7 |            12
           48 |     8 |             8
           48 |     9 |            11
           48 |    10 |             7
           48 |    11 |            10
           48 |    12 |             7
           48 |    13 |             6
           48 |    14 |             1
           48 |    15 |             4
           48 |    16 |            10
           48 |    17 |            16
           48 |    18 |            12
           48 |    19 |             0
----------------------------------
           49 |     1 |            31
           49 |     2 |            20
           49 |     3 |            13
           49 |     4 |             9
           49 |     5 |             5
           49 |     6 |             5
           49 |     7 |             6
           49 |     8 |             3
           49 |     9 |             3
           49 |    10 |             0
           49 |    11 |             4
           49 |    12 |             7
           49 |    13 |             6
           49 |    14 |             2
           49 |    15 |             8
           49 |    16 |             8
           49 |    17 |            10
           49 |    18 |             7
           49 |    19 |             0
----------------------------------
           50 |     1 |            50
           50 |     2 |            39
           50 |     3 |            26
           50 |     4 |            29
           50 |     5 |            15
           50 |     6 |            12
           50 |     7 |             4
           50 |     8 |             3
           50 |     9 |             6
           50 |    10 |            10
           50 |    11 |            10
           50 |    12 |            14
           50 |    13 |            12
           50 |    14 |            10
           50 |    15 |            14
           50 |    16 |            15
           50 |    17 |            18
           50 |    18 |            21
           50 |    19 |             0
----------------------------------
           51 |     1 |            31
           51 |     2 |            26
           51 |     3 |            13
           51 |     4 |            11
           51 |     5 |             3
           51 |     6 |             6
           51 |     7 |             7
           51 |     8 |            14
           51 |     9 |             7
           51 |    10 |             8
           51 |    11 |             5
           51 |    12 |            10
           51 |    13 |            11
           51 |    14 |             8
           51 |    15 |            14
           51 |    16 |            12
           51 |    17 |             8
           51 |    18 |             8
           51 |    19 |             0
----------------------------------
           52 |     1 |            91
           52 |     2 |            40
           52 |     3 |            44
           52 |     4 |            41
           52 |     5 |            41
           52 |     6 |            38
           52 |     7 |            26
           52 |     8 |             7
           52 |     9 |            17
           52 |    10 |            18
           52 |    11 |            13
           52 |    12 |            12
           52 |    13 |            17
           52 |    14 |            14
           52 |    15 |            17
           52 |    16 |            25
           52 |    17 |            20
           52 |    18 |            15
           52 |    19 |             0
----------------------------------
           53 |     1 |            40
           53 |     2 |            29
           53 |     3 |            33
           53 |     4 |            18
           53 |     5 |            15
           53 |     6 |            18
           53 |     7 |            13
           53 |     8 |            13
           53 |     9 |            12
           53 |    10 |             8
           53 |    11 |             6
           53 |    12 |             4
           53 |    13 |             2
           53 |    14 |             5
           53 |    15 |             8
           53 |    16 |            14
           53 |    17 |            10
           53 |    18 |             9
           53 |    19 |             0
----------------------------------
           54 |     1 |           144
           54 |     2 |            96
           54 |     3 |            74
           54 |     4 |            63
           54 |     5 |            41
           54 |     6 |            39
           54 |     7 |            33
           54 |     8 |            27
           54 |     9 |            32
           54 |    10 |            24
           54 |    11 |            22
           54 |    12 |            19
           54 |    13 |            33
           54 |    14 |            27
           54 |    15 |            40
           54 |    16 |            43
           54 |    17 |            46
           54 |    18 |            28
           54 |    19 |             0
----------------------------------
           55 |     1 |            73
           55 |     2 |            55
           55 |     3 |            50
           55 |     4 |            38
           55 |     5 |            29
           55 |     6 |            29
           55 |     7 |            21
           55 |     8 |            19
           55 |     9 |            14
           55 |    10 |            11
           55 |    11 |            14
           55 |    12 |            13
           55 |    13 |            27
           55 |    14 |            31
           55 |    15 |            26
           55 |    16 |            21
           55 |    17 |            16
           55 |    18 |            12
           55 |    19 |             0
----------------------------------
           56 |     1 |            98
           56 |     2 |            55
           56 |     3 |            32
           56 |     4 |            37
           56 |     5 |            40
           56 |     6 |            32
           56 |     7 |            28
           56 |     8 |            22
           56 |     9 |            24
           56 |    10 |            23
           56 |    11 |            15
           56 |    12 |            19
           56 |    13 |            19
           56 |    14 |            21
           56 |    15 |            17
           56 |    16 |            24
           56 |    17 |            18
           56 |    18 |            22
           56 |    19 |             0
----------------------------------
           57 |     1 |           141
           57 |     2 |           107
           57 |     3 |            80
           57 |     4 |            64
           57 |     5 |            56
           57 |     6 |            50
           57 |     7 |            38
           57 |     8 |            35
           57 |     9 |            35
           57 |    10 |            38
           57 |    11 |            26
           57 |    12 |            21
           57 |    13 |            29
           57 |    14 |            42
           57 |    15 |            38
           57 |    16 |            38
           57 |    17 |            45
           57 |    18 |            40
           57 |    19 |             0
----------------------------------
           58 |     1 |           108
           58 |     2 |            83
           58 |     3 |            74
           58 |     4 |            51
           58 |     5 |            46
           58 |     6 |            49
           58 |     7 |            45
           58 |     8 |            28
           58 |     9 |            25
           58 |    10 |            33
           58 |    11 |            29
           58 |    12 |            24
           58 |    13 |            28
           58 |    14 |            33
           58 |    15 |            34
           58 |    16 |            38
           58 |    17 |            26
           58 |    18 |            27
           58 |    19 |             0
----------------------------------
           59 |     1 |           124
           59 |     2 |            88
           59 |     3 |            72
           59 |     4 |            53
           59 |     5 |            49
           59 |     6 |            49
           59 |     7 |            36
           59 |     8 |            36
           59 |     9 |            41
           59 |    10 |            33
           59 |    11 |            39
           59 |    12 |            38
           59 |    13 |            37
           59 |    14 |            54
           59 |    15 |            52
           59 |    16 |            46
           59 |    17 |            49
           59 |    18 |            31
           59 |    19 |             0
----------------------------------
           60 |     1 |           163
           60 |     2 |           117
           60 |     3 |            97
           60 |     4 |            68
           60 |     5 |            53
           60 |     6 |            56
           60 |     7 |            59
           60 |     8 |            63
           60 |     9 |            55
           60 |    10 |            49
           60 |    11 |            56
           60 |    12 |            59
           60 |    13 |            52
           60 |    14 |            42
           60 |    15 |            42
           60 |    16 |            45
           60 |    17 |            46
           60 |    18 |            42
           60 |    19 |             0
----------------------------------
           61 |     1 |           126
           61 |     2 |            97
           61 |     3 |            61
           61 |     4 |            70
           61 |     5 |            58
           61 |     6 |            49
           61 |     7 |            41
           61 |     8 |            56
           61 |     9 |            46
           61 |    10 |            42
           61 |    11 |            45
           61 |    12 |            46
           61 |    13 |            48
           61 |    14 |            43
           61 |    15 |            40
           61 |    16 |            58
           61 |    17 |            42
           61 |    18 |            37
           61 |    19 |             0
----------------------------------
           62 |     1 |           135
           62 |     2 |            90
           62 |     3 |            72
           62 |     4 |            59
           62 |     5 |            51
           62 |     6 |            52
           62 |     7 |            40
           62 |     8 |            41
           62 |     9 |            54
           62 |    10 |            60
           62 |    11 |            50
           62 |    12 |            45
           62 |    13 |            49
           62 |    14 |            50
           62 |    15 |            64
           62 |    16 |            59
           62 |    17 |            56
           62 |    18 |            44
           62 |    19 |             0
----------------------------------
           63 |     1 |           153
           63 |     2 |           122
           63 |     3 |            85
           63 |     4 |            89
           63 |     5 |            66
           63 |     6 |            49
           63 |     7 |            42
           63 |     8 |            28
           63 |     9 |            39
           63 |    10 |            37
           63 |    11 |            41
           63 |    12 |            40
           63 |    13 |            61
           63 |    14 |            53
           63 |    15 |            56
           63 |    16 |            62
           63 |    17 |            52
           63 |    18 |            46
           63 |    19 |             0
----------------------------------
           64 |     1 |           158
           64 |     2 |           120
           64 |     3 |           117
           64 |     4 |            94
           64 |     5 |            99
           64 |     6 |            69
           64 |     7 |            71
           64 |     8 |            63
           64 |     9 |            42
           64 |    10 |            47
           64 |    11 |            54
           64 |    12 |            44
           64 |    13 |            53
           64 |    14 |            36
           64 |    15 |            60
           64 |    16 |            51
           64 |    17 |            44
           64 |    18 |            38
           64 |    19 |             0
----------------------------------
           65 |     1 |           127
           65 |     2 |           103
           65 |     3 |            69
           65 |     4 |            67
           65 |     5 |            56
           65 |     6 |            33
           65 |     7 |            29
           65 |     8 |            29
           65 |     9 |            31
           65 |    10 |            37
           65 |    11 |            37
           65 |    12 |            41
           65 |    13 |            49
           65 |    14 |            35
           65 |    15 |            54
           65 |    16 |            55
           65 |    17 |            48
           65 |    18 |            32
           65 |    19 |             0
----------------------------------
           66 |     1 |           162
           66 |     2 |           103
           66 |     3 |            80
           66 |     4 |            68
           66 |     5 |            70
           66 |     6 |            73
           66 |     7 |            65
           66 |     8 |            63
           66 |     9 |            60
           66 |    10 |            53
           66 |    11 |            55
           66 |    12 |            54
           66 |    13 |            65
           66 |    14 |            57
           66 |    15 |            61
           66 |    16 |            66
           66 |    17 |            55
           66 |    18 |            47
           66 |    19 |             0
----------------------------------
           67 |     1 |           158
           67 |     2 |           111
           67 |     3 |            86
           67 |     4 |            71
           67 |     5 |            67
           67 |     6 |            75
           67 |     7 |            59
           67 |     8 |            60
           67 |     9 |            63
           67 |    10 |            61
           67 |    11 |            53
           67 |    12 |            55
           67 |    13 |            67
           67 |    14 |            65
           67 |    15 |            61
           67 |    16 |            59
           67 |    17 |            54
           67 |    18 |            49
           67 |    19 |             0
----------------------------------
           68 |     1 |           161
           68 |     2 |           128
           68 |     3 |           106
           68 |     4 |           101
           68 |     5 |            67
           68 |     6 |            61
           68 |     7 |            73
           68 |     8 |            61
           68 |     9 |            66
           68 |    10 |            63
           68 |    11 |            59
           68 |    12 |            63
           68 |    13 |            60
           68 |    14 |            64
           68 |    15 |            74
           68 |    16 |            70
           68 |    17 |            42
           68 |    18 |            32
           68 |    19 |             0
----------------------------------
           69 |     1 |           218
           69 |     2 |           172
           69 |     3 |           128
           69 |     4 |           124
           69 |     5 |            89
           69 |     6 |            87
           69 |     7 |            76
           69 |     8 |            75
           69 |     9 |            67
           69 |    10 |            60
           69 |    11 |            73
           69 |    12 |            93
           69 |    13 |           106
           69 |    14 |            99
           69 |    15 |           114
           69 |    16 |            98
           69 |    17 |           101
           69 |    18 |            70
           69 |    19 |             0
----------------------------------
           70 |     1 |           248
           70 |     2 |           190
           70 |     3 |           150
           70 |     4 |           126
           70 |     5 |           137
           70 |     6 |           119
           70 |     7 |           115
           70 |     8 |            93
           70 |     9 |            74
           70 |    10 |            78
           70 |    11 |            90
           70 |    12 |           119
           70 |    13 |           129
           70 |    14 |           112
           70 |    15 |           106
           70 |    16 |           122
           70 |    17 |            84
           70 |    18 |            69
           70 |    19 |             0
----------------------------------
           71 |     1 |           207
           71 |     2 |           148
           71 |     3 |            92
           71 |     4 |            89
           71 |     5 |            94
           71 |     6 |            75
           71 |     7 |            98
           71 |     8 |            94
           71 |     9 |            75
           71 |    10 |            68
           71 |    11 |            67
           71 |    12 |            61
           71 |    13 |            64
           71 |    14 |            72
           71 |    15 |            89
           71 |    16 |            83
           71 |    17 |            90
           71 |    18 |            48
           71 |    19 |             0
----------------------------------
           72 |     1 |           226
           72 |     2 |           174
           72 |     3 |           130
           72 |     4 |           104
           72 |     5 |           110
           72 |     6 |            99
           72 |     7 |            96
           72 |     8 |            90
           72 |     9 |            83
           72 |    10 |           107
           72 |    11 |            96
           72 |    12 |           101
           72 |    13 |           100
           72 |    14 |           117
           72 |    15 |           125
           72 |    16 |           122
           72 |    17 |           104
           72 |    18 |            73
           72 |    19 |             0
----------------------------------
           73 |     1 |           184
           73 |     2 |           117
           73 |     3 |           111
           73 |     4 |           101
           73 |     5 |           101
           73 |     6 |            90
           73 |     7 |            93
           73 |     8 |            87
           73 |     9 |            73
           73 |    10 |            90
           73 |    11 |            71
           73 |    12 |            66
           73 |    13 |            72
           73 |    14 |            80
           73 |    15 |            73
           73 |    16 |            73
           73 |    17 |            62
           73 |    18 |            38
           73 |    19 |             0
----------------------------------
           74 |     1 |           199
           74 |     2 |           154
           74 |     3 |           112
           74 |     4 |            98
           74 |     5 |            88
           74 |     6 |            99
           74 |     7 |           102
           74 |     8 |            88
           74 |     9 |            85
           74 |    10 |            87
           74 |    11 |            77
           74 |    12 |            79
           74 |    13 |           100
           74 |    14 |            88
           74 |    15 |            84
           74 |    16 |            83
           74 |    17 |            76
           74 |    18 |            49
           74 |    19 |             0
----------------------------------
           75 |     1 |           176
           75 |     2 |           141
           75 |     3 |           112
           75 |     4 |           105
           75 |     5 |            96
           75 |     6 |            92
           75 |     7 |            96
           75 |     8 |            87
           75 |     9 |            82
           75 |    10 |            76
           75 |    11 |            77
           75 |    12 |            93
           75 |    13 |            96
           75 |    14 |            85
           75 |    15 |           101
           75 |    16 |            77
           75 |    17 |            77
           75 |    18 |            47
           75 |    19 |             0
----------------------------------
           76 |     1 |           135
           76 |     2 |           104
           76 |     3 |            97
           76 |     4 |           100
           76 |     5 |            81
           76 |     6 |            96
           76 |     7 |            67
           76 |     8 |            66
           76 |     9 |            71
           76 |    10 |            69
           76 |    11 |            73
           76 |    12 |            61
           76 |    13 |            66
           76 |    14 |            69
           76 |    15 |            73
           76 |    16 |            76
           76 |    17 |            70
           76 |    18 |            55
           76 |    19 |             0
----------------------------------
           77 |     1 |           210
           77 |     2 |           185
           77 |     3 |           129
           77 |     4 |           127
           77 |     5 |           134
           77 |     6 |           125
           77 |     7 |           129
           77 |     8 |           123
           77 |     9 |           116
           77 |    10 |           111
           77 |    11 |           108
           77 |    12 |           108
           77 |    13 |            99
           77 |    14 |           128
           77 |    15 |           126
           77 |    16 |           111
           77 |    17 |           102
           77 |    18 |            67
           77 |    19 |             0
----------------------------------
           78 |     1 |           158
           78 |     2 |           125
           78 |     3 |           116
           78 |     4 |           125
           78 |     5 |           104
           78 |     6 |           106
           78 |     7 |           103
           78 |     8 |            93
           78 |     9 |            91
           78 |    10 |            90
           78 |    11 |            89
           78 |    12 |            84
           78 |    13 |            80
           78 |    14 |            74
           78 |    15 |            82
           78 |    16 |            79
           78 |    17 |            82
           78 |    18 |            57
           78 |    19 |             0
----------------------------------
           79 |     1 |           181
           79 |     2 |           130
           79 |     3 |           106
           79 |     4 |            91
           79 |     5 |            95
           79 |     6 |            95
           79 |     7 |           101
           79 |     8 |           110
           79 |     9 |            99
           79 |    10 |           111
           79 |    11 |            99
           79 |    12 |           113
           79 |    13 |           112
           79 |    14 |           109
           79 |    15 |           122
           79 |    16 |           119
           79 |    17 |           102
           79 |    18 |            68
           79 |    19 |             0
----------------------------------
           80 |     1 |           187
           80 |     2 |           169
           80 |     3 |           143
           80 |     4 |           126
           80 |     5 |           104
           80 |     6 |           113
           80 |     7 |           110
           80 |     8 |            88
           80 |     9 |           111
           80 |    10 |           104
           80 |    11 |           102
           80 |    12 |           120
           80 |    13 |           118
           80 |    14 |           103
           80 |    15 |           111
           80 |    16 |           108
           80 |    17 |            87
           80 |    18 |            61
           80 |    19 |             0
----------------------------------
           81 |     1 |           161
           81 |     2 |           112
           81 |     3 |           111
           81 |     4 |            91
           81 |     5 |            86
           81 |     6 |            87
           81 |     7 |            83
           81 |     8 |            83
           81 |     9 |            78
           81 |    10 |            92
           81 |    11 |            94
           81 |    12 |           105
           81 |    13 |            99
           81 |    14 |            92
           81 |    15 |            95
           81 |    16 |            82
           81 |    17 |            72
           81 |    18 |            46
           81 |    19 |             0
----------------------------------
           82 |     1 |            96
           82 |     2 |            86
           82 |     3 |            66
           82 |     4 |            62
           82 |     5 |            72
           82 |     6 |            78
           82 |     7 |            62
           82 |     8 |            68
           82 |     9 |            59
           82 |    10 |            66
           82 |    11 |            56
           82 |    12 |            59
           82 |    13 |            55
           82 |    14 |            57
           82 |    15 |            55
           82 |    16 |            48
           82 |    17 |            38
           82 |    18 |            26
           82 |    19 |             0
----------------------------------
           83 |     1 |           152
           83 |     2 |            99
           83 |     3 |           108
           83 |     4 |           107
           83 |     5 |           104
           83 |     6 |            95
           83 |     7 |           102
           83 |     8 |            86
           83 |     9 |            93
           83 |    10 |            79
           83 |    11 |            74
           83 |    12 |            97
           83 |    13 |            93
           83 |    14 |           100
           83 |    15 |            96
           83 |    16 |            91
           83 |    17 |            73
           83 |    18 |            51
           83 |    19 |             0
----------------------------------
           84 |     1 |           185
           84 |     2 |           127
           84 |     3 |           102
           84 |     4 |           101
           84 |     5 |           111
           84 |     6 |            98
           84 |     7 |           101
           84 |     8 |            96
           84 |     9 |           110
           84 |    10 |           119
           84 |    11 |           108
           84 |    12 |           127
           84 |    13 |           121
           84 |    14 |           108
           84 |    15 |           103
           84 |    16 |            94
           84 |    17 |            95
           84 |    18 |            63
           84 |    19 |             0
----------------------------------
           85 |     1 |            93
           85 |     2 |            67
           85 |     3 |            58
           85 |     4 |            65
           85 |     5 |            53
           85 |     6 |            48
           85 |     7 |            55
           85 |     8 |            59
           85 |     9 |            59
           85 |    10 |            57
           85 |    11 |            52
           85 |    12 |            59
           85 |    13 |            62
           85 |    14 |            51
           85 |    15 |            62
           85 |    16 |            61
           85 |    17 |            54
           85 |    18 |            45
           85 |    19 |             0
----------------------------------
           86 |     1 |            97
           86 |     2 |            79
           86 |     3 |            82
           86 |     4 |            75
           86 |     5 |            85
           86 |     6 |            78
           86 |     7 |            56
           86 |     8 |            54
           86 |     9 |            56
           86 |    10 |            58
           86 |    11 |            66
           86 |    12 |            58
           86 |    13 |            51
           86 |    14 |            59
           86 |    15 |            75
           86 |    16 |            65
           86 |    17 |            51
           86 |    18 |            29
           86 |    19 |             0
----------------------------------
           87 |     1 |            80
           87 |     2 |            65
           87 |     3 |            64
           87 |     4 |            77
           87 |     5 |            64
           87 |     6 |            65
           87 |     7 |            62
           87 |     8 |            72
           87 |     9 |            71
           87 |    10 |            65
           87 |    11 |            57
           87 |    12 |            66
           87 |    13 |            60
           87 |    14 |            65
           87 |    15 |            65
           87 |    16 |            48
           87 |    17 |            40
           87 |    18 |            22
           87 |    19 |             0
----------------------------------
           88 |     1 |            66
           88 |     2 |            63
           88 |     3 |            60
           88 |     4 |            57
           88 |     5 |            49
           88 |     6 |            59
           88 |     7 |            50
           88 |     8 |            61
           88 |     9 |            55
           88 |    10 |            48
           88 |    11 |            45
           88 |    12 |            52
           88 |    13 |            49
           88 |    14 |            49
           88 |    15 |            48
           88 |    16 |            36
           88 |    17 |            30
           88 |    18 |            14
           88 |    19 |             0
----------------------------------
           89 |     1 |            97
           89 |     2 |            99
           89 |     3 |            61
           89 |     4 |            56
           89 |     5 |            67
           89 |     6 |            68
           89 |     7 |            71
           89 |     8 |            61
           89 |     9 |            65
           89 |    10 |            66
           89 |    11 |            72
           89 |    12 |            68
           89 |    13 |            71
           89 |    14 |            67
           89 |    15 |            59
           89 |    16 |            65
           89 |    17 |            60
           89 |    18 |            34
           89 |    19 |             0
----------------------------------
           90 |     1 |           117
           90 |     2 |            71
           90 |     3 |            68
           90 |     4 |            66
           90 |     5 |            73
           90 |     6 |            84
           90 |     7 |            84
           90 |     8 |            84
           90 |     9 |            79
           90 |    10 |            81
           90 |    11 |            96
           90 |    12 |            89
           90 |    13 |           103
           90 |    14 |            80
           90 |    15 |            90
           90 |    16 |            93
           90 |    17 |            61
           90 |    18 |            39
           90 |    19 |             0
----------------------------------
           91 |     1 |           105
           91 |     2 |            86
           91 |     3 |            82
           91 |     4 |            86
           91 |     5 |            83
           91 |     6 |            67
           91 |     7 |            64
           91 |     8 |            62
           91 |     9 |            63
           91 |    10 |            70
           91 |    11 |            63
           91 |    12 |            67
           91 |    13 |            80
           91 |    14 |            88
           91 |    15 |            96
           91 |    16 |            84
           91 |    17 |            55
           91 |    18 |            28
           91 |    19 |             0
----------------------------------
           92 |     1 |            56
           92 |     2 |            47
           92 |     3 |            51
           92 |     4 |            38
           92 |     5 |            38
           92 |     6 |            50
           92 |     7 |            46
           92 |     8 |            41
           92 |     9 |            49
           92 |    10 |            47
           92 |    11 |            49
           92 |    12 |            47
           92 |    13 |            56
           92 |    14 |            51
           92 |    15 |            41
           92 |    16 |            44
           92 |    17 |            41
           92 |    18 |            39
           92 |    19 |             0
----------------------------------
           93 |     1 |            89
           93 |     2 |            76
           93 |     3 |            69
           93 |     4 |            66
           93 |     5 |            61
           93 |     6 |            53
           93 |     7 |            60
           93 |     8 |            54
           93 |     9 |            62
           93 |    10 |            78
           93 |    11 |            71
           93 |    12 |            86
           93 |    13 |            78
           93 |    14 |            75
           93 |    15 |            69
           93 |    16 |            58
           93 |    17 |            49
           93 |    18 |            30
           93 |    19 |             0
----------------------------------
           94 |     1 |            92
           94 |     2 |            92
           94 |     3 |            78
           94 |     4 |            83
           94 |     5 |            86
           94 |     6 |            91
           94 |     7 |           101
           94 |     8 |            90
           94 |     9 |            80
           94 |    10 |            82
           94 |    11 |            92
           94 |    12 |            92
           94 |    13 |           110
           94 |    14 |            97
           94 |    15 |            96
           94 |    16 |            78
           94 |    17 |            66
           94 |    18 |            42
           94 |    19 |             0
----------------------------------
           95 |     1 |            59
           95 |     2 |            44
           95 |     3 |            39
           95 |     4 |            32
           95 |     5 |            27
           95 |     6 |            31
           95 |     7 |            23
           95 |     8 |            40
           95 |     9 |            45
           95 |    10 |            36
           95 |    11 |            52
           95 |    12 |            41
           95 |    13 |            46
           95 |    14 |            32
           95 |    15 |            42
           95 |    16 |            37
           95 |    17 |            35
           95 |    18 |            29
           95 |    19 |             0
----------------------------------
           96 |     1 |            39
           96 |     2 |            28
           96 |     3 |            23
           96 |     4 |            32
           96 |     5 |            33
           96 |     6 |            27
           96 |     7 |            23
           96 |     8 |            28
           96 |     9 |            25
           96 |    10 |            27
           96 |    11 |            39
           96 |    12 |            39
           96 |    13 |            36
           96 |    14 |            39
           96 |    15 |            29
           96 |    16 |            22
           96 |    17 |            20
           96 |    18 |            17
           96 |    19 |             0
----------------------------------
           97 |     1 |            29
           97 |     2 |            27
           97 |     3 |            36
           97 |     4 |            29
           97 |     5 |            37
           97 |     6 |            30
           97 |     7 |            29
           97 |     8 |            23
           97 |     9 |            27
           97 |    10 |            30
           97 |    11 |            30
           97 |    12 |            37
           97 |    13 |            35
           97 |    14 |            28
           97 |    15 |            33
           97 |    16 |            29
           97 |    17 |            26
           97 |    18 |            18
           97 |    19 |             0
----------------------------------
           98 |     1 |            45
           98 |     2 |            49
           98 |     3 |            53
           98 |     4 |            32
           98 |     5 |            36
           98 |     6 |            41
           98 |     7 |            41
           98 |     8 |            52
           98 |     9 |            45
           98 |    10 |            52
           98 |    11 |            56
           98 |    12 |            49
           98 |    13 |            58
           98 |    14 |            50
           98 |    15 |            58
           98 |    16 |            46
           98 |    17 |            33
           98 |    18 |            19
           98 |    19 |             0
----------------------------------
           99 |     1 |            53
           99 |     2 |            38
           99 |     3 |            39
           99 |     4 |            37
           99 |     5 |            41
           99 |     6 |            42
           99 |     7 |            37
           99 |     8 |            38
           99 |     9 |            43
           99 |    10 |            42
           99 |    11 |            40
           99 |    12 |            43
           99 |    13 |            49
           99 |    14 |            51
           99 |    15 |            40
           99 |    16 |            32
           99 |    17 |            39
           99 |    18 |            26
           99 |    19 |             0
----------------------------------
          100 |     1 |            32
          100 |     2 |            25
          100 |     3 |            24
          100 |     4 |            29
          100 |     5 |            25
          100 |     6 |            29
          100 |     7 |            34
          100 |     8 |            45
          100 |     9 |            41
          100 |    10 |            34
          100 |    11 |            37
          100 |    12 |            38
          100 |    13 |            37
          100 |    14 |            36
          100 |    15 |            30
          100 |    16 |            22
          100 |    17 |            14
          100 |    18 |             9
          100 |    19 |             0
----------------------------------
          101 |     1 |            36
          101 |     2 |            46
          101 |     3 |            27
          101 |     4 |            25
          101 |     5 |            26
          101 |     6 |            28
          101 |     7 |            24
          101 |     8 |            24
          101 |     9 |            28
          101 |    10 |            39
          101 |    11 |            41
          101 |    12 |            32
          101 |    13 |            38
          101 |    14 |            32
          101 |    15 |            32
          101 |    16 |            32
          101 |    17 |            24
          101 |    18 |            16
          101 |    19 |             0
----------------------------------
          102 |     1 |            22
          102 |     2 |            35
          102 |     3 |            28
          102 |     4 |            25
          102 |     5 |            27
          102 |     6 |            23
          102 |     7 |            19
          102 |     8 |            22
          102 |     9 |            28
          102 |    10 |            33
          102 |    11 |            30
          102 |    12 |            38
          102 |    13 |            32
          102 |    14 |            30
          102 |    15 |            31
          102 |    16 |            23
          102 |    17 |            14
          102 |    18 |            12
          102 |    19 |             0
----------------------------------
          103 |     1 |            26
          103 |     2 |            23
          103 |     3 |            27
          103 |     4 |            28
          103 |     5 |            31
          103 |     6 |            26
          103 |     7 |            31
          103 |     8 |            34
          103 |     9 |            31
          103 |    10 |            30
          103 |    11 |            31
          103 |    12 |            33
          103 |    13 |            21
          103 |    14 |            29
          103 |    15 |            30
          103 |    16 |            22
          103 |    17 |            16
          103 |    18 |            14
          103 |    19 |             0
----------------------------------
          104 |     1 |            25
          104 |     2 |            18
          104 |     3 |            18
          104 |     4 |            16
          104 |     5 |            20
          104 |     6 |            21
          104 |     7 |            20
          104 |     8 |            20
          104 |     9 |            30
          104 |    10 |            28
          104 |    11 |            29
          104 |    12 |            28
          104 |    13 |            28
          104 |    14 |            19
          104 |    15 |            20
          104 |    16 |            20
          104 |    17 |            17
          104 |    18 |            12
          104 |    19 |             0
----------------------------------
          105 |     1 |            19
          105 |     2 |            17
          105 |     3 |            12
          105 |     4 |            17
          105 |     5 |            15
          105 |     6 |            15
          105 |     7 |            19
          105 |     8 |            19
          105 |     9 |            19
          105 |    10 |            18
          105 |    11 |            20
          105 |    12 |            18
          105 |    13 |            24
          105 |    14 |            15
          105 |    15 |            13
          105 |    16 |            12
          105 |    17 |            10
          105 |    18 |             7
          105 |    19 |             0
----------------------------------
          106 |     1 |             6
          106 |     2 |             8
          106 |     3 |             9
          106 |     4 |            13
          106 |     5 |             9
          106 |     6 |            11
          106 |     7 |            13
          106 |     8 |             8
          106 |     9 |            14
          106 |    10 |            13
          106 |    11 |            13
          106 |    12 |            17
          106 |    13 |            16
          106 |    14 |            16
          106 |    15 |            10
          106 |    16 |            12
          106 |    17 |             7
          106 |    18 |             4
          106 |    19 |             0
----------------------------------
          107 |     1 |            14
          107 |     2 |            12
          107 |     3 |             9
          107 |     4 |             9
          107 |     5 |            10
          107 |     6 |            13
          107 |     7 |            11
          107 |     8 |            11
          107 |     9 |            13
          107 |    10 |             9
          107 |    11 |             8
          107 |    12 |            13
          107 |    13 |            15
          107 |    14 |            12
          107 |    15 |            11
          107 |    16 |            14
          107 |    17 |            11
          107 |    18 |             5
          107 |    19 |             0
----------------------------------
          108 |     1 |            12
          108 |     2 |            11
          108 |     3 |             8
          108 |     4 |            11
          108 |     5 |            13
          108 |     6 |            11
          108 |     7 |            12
          108 |     8 |            14
          108 |     9 |             7
          108 |    10 |             7
          108 |    11 |             8
          108 |    12 |             8
          108 |    13 |             9
          108 |    14 |            12
          108 |    15 |            14
          108 |    16 |            11
          108 |    17 |            14
          108 |    18 |            17
          108 |    19 |             0
----------------------------------
          109 |     1 |             5
          109 |     2 |             3
          109 |     3 |             6
          109 |     4 |             6
          109 |     5 |             7
          109 |     6 |             6
          109 |     7 |             6
          109 |     8 |             7
          109 |     9 |             6
          109 |    10 |             3
          109 |    11 |             7
          109 |    12 |             9
          109 |    13 |             6
          109 |    14 |            11
          109 |    15 |             5
          109 |    16 |             5
          109 |    17 |             2
          109 |    18 |             2
          109 |    19 |             0
----------------------------------
          110 |     1 |             4
          110 |     2 |             8
          110 |     3 |             7
          110 |     4 |             5
          110 |     5 |             6
          110 |     6 |             5
          110 |     7 |             3
          110 |     8 |             4
          110 |     9 |             3
          110 |    10 |             5
          110 |    11 |             5
          110 |    12 |             7
          110 |    13 |             4
          110 |    14 |             9
          110 |    15 |             6
          110 |    16 |             9
          110 |    17 |             9
          110 |    18 |             5
          110 |    19 |             0
----------------------------------
----------------------------------
----------------------------------
----------------------------------
----------------------------------
          115 |     1 |             5
          115 |     2 |             3
          115 |     3 |             2
          115 |     4 |             1
          115 |     5 |             3
          115 |     6 |             2
          115 |     7 |             4
          115 |     8 |             3
          115 |     9 |            14
          115 |    10 |             7
          115 |    11 |             9
          115 |    12 |            11
          115 |    13 |             7
          115 |    14 |             9
          115 |    15 |            10
          115 |    16 |            10
          115 |    17 |             6
          115 |    18 |             1
          115 |    19 |             0
----------------------------------
          116 |     1 |             4
          116 |     2 |             7
          116 |     3 |             7
          116 |     4 |             5
          116 |     5 |             7
          116 |     6 |             6
          116 |     7 |             7
          116 |     8 |             5
          116 |     9 |             5
          116 |    10 |             8
          116 |    11 |             8
          116 |    12 |             6
          116 |    13 |             7
          116 |    14 |             9
          116 |    15 |             6
          116 |    16 |             7
          116 |    17 |             1
          116 |    18 |             6
          116 |    19 |             0
----------------------------------
----------------------------------
          118 |     1 |             4
          118 |     2 |             4
          118 |     3 |             3
          118 |     4 |             5
          118 |     5 |             5
          118 |     6 |             6
          118 |     7 |             5
          118 |     8 |             4
          118 |     9 |             8
          118 |    10 |             9
          118 |    11 |             7
          118 |    12 |             7
          118 |    13 |            10
          118 |    14 |             8
          118 |    15 |             9
          118 |    16 |             8
          118 |    17 |             7
          118 |    18 |             3
          118 |    19 |             0
----------------------------------
----------------------------------
          120 |     1 |             7
          120 |     2 |             3
          120 |     3 |             4
          120 |     4 |             5
          120 |     5 |             5
          120 |     6 |             7
          120 |     7 |             5
          120 |     8 |             7
          120 |     9 |             8
          120 |    10 |             7
          120 |    11 |             7
          120 |    12 |             7
          120 |    13 |            12
          120 |    14 |            11
          120 |    15 |             7
          120 |    16 |             6
          120 |    17 |             3
          120 |    18 |             1
          120 |    19 |             0
----------------------------------
          121 |     1 |             4
          121 |     2 |             5
          121 |     3 |             4
          121 |     4 |             8
          121 |     5 |             7
          121 |     6 |             5
          121 |     7 |             6
          121 |     8 |             8
          121 |     9 |             7
          121 |    10 |             5
          121 |    11 |             8
          121 |    12 |             4
          121 |    13 |            14
          121 |    14 |             8
          121 |    15 |             5
          121 |    16 |             7
          121 |    17 |             4
          121 |    18 |             5
          121 |    19 |             0
----------------------------------
----------------------------------
----------------------------------
----------------------------------
----------------------------------
----------------------------------
----------------------------------
----------------------------------
----------------------------------
----------------------------------
----------------------------------
----------------------------------
----------------------------------
----------------------------------
----------------------------------
----------------------------------
----------------------------------
----------------------------------
----------------------------------
----------------------------------
----------------------------------
----------------------------------
----------------------------------
----------------------------------
----------------------------------
----------------------------------
----------------------------------
----------------------------------
----------------------------------
----------------------------------
----------------------------------
----------------------------------
----------------------------------
----------------------------------
----------------------------------
----------------------------------
----------------------------------
----------------------------------
----------------------------------
----------------------------------
----------------------------------
----------------------------------
----------------------------------
----------------------------------
----------------------------------
----------------------------------
----------------------------------
----------------------------------
----------------------------------
----------------------------------
----------------------------------
----------------------------------
----------------------------------
----------------------------------
----------------------------------
----------------------------------
----------------------------------
----------------------------------
----------------------------------
----------------------------------
----------------------------------
----------------------------------
----------------------------------
----------------------------------
----------------------------------
----------------------------------
----------------------------------
----------------------------------
----------------------------------
----------------------------------
