MinCut number | RSize | Number of cuts
----------------------------------
----------------------------------
----------------------------------
----------------------------------
----------------------------------
----------------------------------
----------------------------------
----------------------------------
----------------------------------
----------------------------------
----------------------------------
----------------------------------
----------------------------------
----------------------------------
----------------------------------
----------------------------------
----------------------------------
----------------------------------
----------------------------------
----------------------------------
           39 |     0 |            13
           39 |     1 |             9
           39 |     2 |             3
           39 |     3 |             2
           39 |     4 |             2
           39 |     5 |             0
           39 |     6 |             3
           39 |     7 |             0
           39 |     8 |             0
           39 |     9 |             1
           39 |    10 |             0
           39 |    11 |             0
           39 |    12 |             0
           39 |    13 |             1
           39 |    14 |             0
           39 |    15 |             0
           39 |    16 |             1
           39 |    17 |             1
           39 |    18 |             3
           39 |    19 |             0
           39 |    20 |             0
----------------------------------
           40 |     0 |             8
           40 |     1 |            11
           40 |     2 |             3
           40 |     3 |             2
           40 |     4 |             3
           40 |     5 |             1
           40 |     6 |             0
           40 |     7 |             1
           40 |     8 |             1
           40 |     9 |             0
           40 |    10 |             1
           40 |    11 |             1
           40 |    12 |             1
           40 |    13 |             3
           40 |    14 |             0
           40 |    15 |             0
           40 |    16 |             1
           40 |    17 |             0
           40 |    18 |             3
           40 |    19 |             0
           40 |    20 |             0
----------------------------------
----------------------------------
           42 |     0 |            10
           42 |     1 |             9
           42 |     2 |             3
           42 |     3 |             2
           42 |     4 |             3
           42 |     5 |             2
           42 |     6 |             4
           42 |     7 |             1
           42 |     8 |             1
           42 |     9 |             0
           42 |    10 |             1
           42 |    11 |             1
           42 |    12 |             0
           42 |    13 |             1
           42 |    14 |             0
           42 |    15 |             1
           42 |    16 |             0
           42 |    17 |             1
           42 |    18 |             2
           42 |    19 |             0
           42 |    20 |             0
----------------------------------
           43 |     0 |            26
           43 |     1 |            13
           43 |     2 |             4
           43 |     3 |             2
           43 |     4 |             3
           43 |     5 |             3
           43 |     6 |             2
           43 |     7 |             2
           43 |     8 |             3
           43 |     9 |             1
           43 |    10 |             3
           43 |    11 |             1
           43 |    12 |             4
           43 |    13 |             3
           43 |    14 |             4
           43 |    15 |             4
           43 |    16 |             0
           43 |    17 |             3
           43 |    18 |             5
           43 |    19 |             0
           43 |    20 |             0
----------------------------------
           44 |     0 |            62
           44 |     1 |            35
           44 |     2 |            27
           44 |     3 |            16
           44 |     4 |             8
           44 |     5 |             4
           44 |     6 |             8
           44 |     7 |             7
           44 |     8 |             5
           44 |     9 |             3
           44 |    10 |             1
           44 |    11 |             2
           44 |    12 |             4
           44 |    13 |             4
           44 |    14 |             8
           44 |    15 |             5
           44 |    16 |            10
           44 |    17 |             8
           44 |    18 |             3
           44 |    19 |             0
           44 |    20 |             0
----------------------------------
           45 |     0 |            10
           45 |     1 |            11
           45 |     2 |             3
           45 |     3 |             3
           45 |     4 |             0
           45 |     5 |             1
           45 |     6 |             0
           45 |     7 |             1
           45 |     8 |             0
           45 |     9 |             0
           45 |    10 |             2
           45 |    11 |             2
           45 |    12 |             0
           45 |    13 |             1
           45 |    14 |             2
           45 |    15 |             3
           45 |    16 |             3
           45 |    17 |             2
           45 |    18 |             1
           45 |    19 |             0
           45 |    20 |             0
----------------------------------
----------------------------------
           47 |     0 |            37
           47 |     1 |            23
           47 |     2 |            15
           47 |     3 |             8
           47 |     4 |             3
           47 |     5 |             6
           47 |     6 |             3
           47 |     7 |             4
           47 |     8 |             3
           47 |     9 |             2
           47 |    10 |             3
           47 |    11 |             5
           47 |    12 |             3
           47 |    13 |             6
           47 |    14 |             4
           47 |    15 |             6
           47 |    16 |             5
           47 |    17 |             3
           47 |    18 |             2
           47 |    19 |             0
           47 |    20 |             0
----------------------------------
----------------------------------
           49 |     0 |            66
           49 |     1 |            38
           49 |     2 |            20
           49 |     3 |            18
           49 |     4 |            10
           49 |     5 |            22
           49 |     6 |             9
           49 |     7 |            12
           49 |     8 |            19
           49 |     9 |            11
           49 |    10 |             8
           49 |    11 |            10
           49 |    12 |             7
           49 |    13 |             9
           49 |    14 |             7
           49 |    15 |             5
           49 |    16 |             6
           49 |    17 |            12
           49 |    18 |             5
           49 |    19 |             0
           49 |    20 |             0
----------------------------------
           50 |     0 |           111
           50 |     1 |            65
           50 |     2 |            37
           50 |     3 |            49
           50 |     4 |            50
           50 |     5 |            28
           50 |     6 |            30
           50 |     7 |            20
           50 |     8 |            32
           50 |     9 |            18
           50 |    10 |             8
           50 |    11 |            13
           50 |    12 |            12
           50 |    13 |             7
           50 |    14 |            11
           50 |    15 |            11
           50 |    16 |            12
           50 |    17 |            21
           50 |    18 |            15
           50 |    19 |             0
           50 |    20 |             0
----------------------------------
           51 |     0 |           108
           51 |     1 |            73
           51 |     2 |            51
           51 |     3 |            42
           51 |     4 |            25
           51 |     5 |            21
           51 |     6 |            21
           51 |     7 |            17
           51 |     8 |            14
           51 |     9 |            10
           51 |    10 |            10
           51 |    11 |            12
           51 |    12 |            11
           51 |    13 |            12
           51 |    14 |            11
           51 |    15 |            15
           51 |    16 |            20
           51 |    17 |            21
           51 |    18 |            16
           51 |    19 |             0
           51 |    20 |             0
----------------------------------
           52 |     0 |            80
           52 |     1 |            58
           52 |     2 |            43
           52 |     3 |            23
           52 |     4 |            27
           52 |     5 |            15
           52 |     6 |            18
           52 |     7 |            13
           52 |     8 |             9
           52 |     9 |             9
           52 |    10 |            10
           52 |    11 |            11
           52 |    12 |             9
           52 |    13 |            10
           52 |    14 |            14
           52 |    15 |            17
           52 |    16 |            15
           52 |    17 |            21
           52 |    18 |            14
           52 |    19 |             0
           52 |    20 |             0
----------------------------------
           53 |     0 |            69
           53 |     1 |            42
           53 |     2 |            40
           53 |     3 |            20
           53 |     4 |            28
           53 |     5 |            22
           53 |     6 |            15
           53 |     7 |            12
           53 |     8 |            11
           53 |     9 |            10
           53 |    10 |             9
           53 |    11 |            11
           53 |    12 |             8
           53 |    13 |             8
           53 |    14 |            13
           53 |    15 |            16
           53 |    16 |            15
           53 |    17 |            13
           53 |    18 |             9
           53 |    19 |             0
           53 |    20 |             0
----------------------------------
           54 |     0 |            85
           54 |     1 |            60
           54 |     2 |            45
           54 |     3 |            23
           54 |     4 |            23
           54 |     5 |            11
           54 |     6 |             6
           54 |     7 |            14
           54 |     8 |            11
           54 |     9 |             6
           54 |    10 |            20
           54 |    11 |            19
           54 |    12 |            14
           54 |    13 |            11
           54 |    14 |            15
           54 |    15 |            15
           54 |    16 |            14
           54 |    17 |            22
           54 |    18 |            18
           54 |    19 |             0
           54 |    20 |             0
----------------------------------
           55 |     0 |           116
           55 |     1 |            75
           55 |     2 |            49
           55 |     3 |            45
           55 |     4 |            26
           55 |     5 |            26
           55 |     6 |            19
           55 |     7 |            24
           55 |     8 |            20
           55 |     9 |            14
           55 |    10 |            18
           55 |    11 |            19
           55 |    12 |            15
           55 |    13 |            13
           55 |    14 |            16
           55 |    15 |            23
           55 |    16 |            33
           55 |    17 |            27
           55 |    18 |            27
           55 |    19 |             0
           55 |    20 |             0
----------------------------------
           56 |     0 |           194
           56 |     1 |           127
           56 |     2 |            82
           56 |     3 |            59
           56 |     4 |            58
           56 |     5 |            40
           56 |     6 |            33
           56 |     7 |            34
           56 |     8 |            33
           56 |     9 |            26
           56 |    10 |            22
           56 |    11 |            20
           56 |    12 |            29
           56 |    13 |            42
           56 |    14 |            38
           56 |    15 |            47
           56 |    16 |            45
           56 |    17 |            43
           56 |    18 |            36
           56 |    19 |             0
           56 |    20 |             0
----------------------------------
           57 |     0 |           180
           57 |     1 |           112
           57 |     2 |            72
           57 |     3 |            59
           57 |     4 |            36
           57 |     5 |            45
           57 |     6 |            33
           57 |     7 |            34
           57 |     8 |            18
           57 |     9 |            30
           57 |    10 |            26
           57 |    11 |            21
           57 |    12 |            19
           57 |    13 |            29
           57 |    14 |            34
           57 |    15 |            41
           57 |    16 |            41
           57 |    17 |            46
           57 |    18 |            36
           57 |    19 |             0
           57 |    20 |             0
----------------------------------
           58 |     0 |           186
           58 |     1 |           129
           58 |     2 |            95
           58 |     3 |            62
           58 |     4 |            58
           58 |     5 |            40
           58 |     6 |            28
           58 |     7 |            36
           58 |     8 |            24
           58 |     9 |            31
           58 |    10 |            26
           58 |    11 |            29
           58 |    12 |            23
           58 |    13 |            29
           58 |    14 |            33
           58 |    15 |            34
           58 |    16 |            41
           58 |    17 |            48
           58 |    18 |            34
           58 |    19 |             0
           58 |    20 |             0
----------------------------------
           59 |     0 |           161
           59 |     1 |           108
           59 |     2 |            87
           59 |     3 |            74
           59 |     4 |            55
           59 |     5 |            45
           59 |     6 |            36
           59 |     7 |            32
           59 |     8 |            31
           59 |     9 |            43
           59 |    10 |            33
           59 |    11 |            25
           59 |    12 |            34
           59 |    13 |            35
           59 |    14 |            36
           59 |    15 |            29
           59 |    16 |            42
           59 |    17 |            54
           59 |    18 |            43
           59 |    19 |             0
           59 |    20 |             0
----------------------------------
           60 |     0 |           173
           60 |     1 |           132
           60 |     2 |            82
           60 |     3 |            56
           60 |     4 |            36
           60 |     5 |            37
           60 |     6 |            36
           60 |     7 |            39
           60 |     8 |            37
           60 |     9 |            21
           60 |    10 |            26
           60 |    11 |            39
           60 |    12 |            28
           60 |    13 |            30
           60 |    14 |            29
           60 |    15 |            33
           60 |    16 |            42
           60 |    17 |            45
           60 |    18 |            39
           60 |    19 |             0
           60 |    20 |             0
----------------------------------
           61 |     0 |           275
           61 |     1 |           184
           61 |     2 |           130
           61 |     3 |            89
           61 |     4 |            74
           61 |     5 |            74
           61 |     6 |            66
           61 |     7 |            44
           61 |     8 |            52
           61 |     9 |            46
           61 |    10 |            55
           61 |    11 |            49
           61 |    12 |            54
           61 |    13 |            51
           61 |    14 |            64
           61 |    15 |            68
           61 |    16 |            76
           61 |    17 |            81
           61 |    18 |            54
           61 |    19 |             0
           61 |    20 |             0
----------------------------------
           62 |     0 |           195
           62 |     1 |           160
           62 |     2 |           110
           62 |     3 |            78
           62 |     4 |            92
           62 |     5 |            61
           62 |     6 |            62
           62 |     7 |            52
           62 |     8 |            46
           62 |     9 |            42
           62 |    10 |            44
           62 |    11 |            58
           62 |    12 |            56
           62 |    13 |            51
           62 |    14 |            58
           62 |    15 |            57
           62 |    16 |            52
           62 |    17 |            50
           62 |    18 |            40
           62 |    19 |             0
           62 |    20 |             0
----------------------------------
           63 |     0 |           221
           63 |     1 |           134
           63 |     2 |            89
           63 |     3 |            66
           63 |     4 |            61
           63 |     5 |            52
           63 |     6 |            48
           63 |     7 |            63
           63 |     8 |            52
           63 |     9 |            43
           63 |    10 |            38
           63 |    11 |            46
           63 |    12 |            43
           63 |    13 |            37
           63 |    14 |            48
           63 |    15 |            57
           63 |    16 |            58
           63 |    17 |            64
           63 |    18 |            40
           63 |    19 |             0
           63 |    20 |             0
----------------------------------
           64 |     0 |           248
           64 |     1 |           166
           64 |     2 |           123
           64 |     3 |            97
           64 |     4 |            84
           64 |     5 |            78
           64 |     6 |            66
           64 |     7 |            54
           64 |     8 |            50
           64 |     9 |            41
           64 |    10 |            49
           64 |    11 |            53
           64 |    12 |            57
           64 |    13 |            59
           64 |    14 |            55
           64 |    15 |            68
           64 |    16 |            69
           64 |    17 |            77
           64 |    18 |            42
           64 |    19 |             0
           64 |    20 |             0
----------------------------------
           65 |     0 |           228
           65 |     1 |           143
           65 |     2 |           106
           65 |     3 |            93
           65 |     4 |            78
           65 |     5 |            61
           65 |     6 |            63
           65 |     7 |            52
           65 |     8 |            34
           65 |     9 |            47
           65 |    10 |            56
           65 |    11 |            55
           65 |    12 |            62
           65 |    13 |            61
           65 |    14 |            64
           65 |    15 |            56
           65 |    16 |            61
           65 |    17 |            64
           65 |    18 |            46
           65 |    19 |             0
           65 |    20 |             0
----------------------------------
           66 |     0 |           177
           66 |     1 |           121
           66 |     2 |            72
           66 |     3 |            67
           66 |     4 |            59
           66 |     5 |            53
           66 |     6 |            51
           66 |     7 |            45
           66 |     8 |            39
           66 |     9 |            41
           66 |    10 |            45
           66 |    11 |            50
           66 |    12 |            51
           66 |    13 |            55
           66 |    14 |            50
           66 |    15 |            54
           66 |    16 |            66
           66 |    17 |            48
           66 |    18 |            44
           66 |    19 |             0
           66 |    20 |             0
----------------------------------
           67 |     0 |           276
           67 |     1 |           209
           67 |     2 |           173
           67 |     3 |           140
           67 |     4 |           113
           67 |     5 |           113
           67 |     6 |            90
           67 |     7 |            86
           67 |     8 |            65
           67 |     9 |            76
           67 |    10 |            90
           67 |    11 |            78
           67 |    12 |            86
           67 |    13 |            97
           67 |    14 |            76
           67 |    15 |            93
           67 |    16 |           111
           67 |    17 |            96
           67 |    18 |            76
           67 |    19 |             0
           67 |    20 |             0
----------------------------------
           68 |     0 |           223
           68 |     1 |           167
           68 |     2 |           132
           68 |     3 |            98
           68 |     4 |            82
           68 |     5 |            77
           68 |     6 |            73
           68 |     7 |            54
           68 |     8 |            58
           68 |     9 |            41
           68 |    10 |            47
           68 |    11 |            55
           68 |    12 |            66
           68 |    13 |            77
           68 |    14 |            79
           68 |    15 |            76
           68 |    16 |            86
           68 |    17 |            85
           68 |    18 |            56
           68 |    19 |             0
           68 |    20 |             0
----------------------------------
           69 |     0 |           221
           69 |     1 |           156
           69 |     2 |           106
           69 |     3 |            99
           69 |     4 |            97
           69 |     5 |            79
           69 |     6 |            78
           69 |     7 |            57
           69 |     8 |            73
           69 |     9 |            48
           69 |    10 |            63
           69 |    11 |            65
           69 |    12 |            57
           69 |    13 |            50
           69 |    14 |            71
           69 |    15 |            74
           69 |    16 |            70
           69 |    17 |            72
           69 |    18 |            51
           69 |    19 |             0
           69 |    20 |             0
----------------------------------
           70 |     0 |           189
           70 |     1 |           129
           70 |     2 |           100
           70 |     3 |            90
           70 |     4 |            64
           70 |     5 |            67
           70 |     6 |            69
           70 |     7 |            53
           70 |     8 |            61
           70 |     9 |            72
           70 |    10 |            54
           70 |    11 |            57
           70 |    12 |            61
           70 |    13 |            59
           70 |    14 |            67
           70 |    15 |            69
           70 |    16 |            76
           70 |    17 |            86
           70 |    18 |            47
           70 |    19 |             0
           70 |    20 |             0
----------------------------------
           71 |     0 |           297
           71 |     1 |           180
           71 |     2 |           149
           71 |     3 |           109
           71 |     4 |            94
           71 |     5 |            88
           71 |     6 |            74
           71 |     7 |            79
           71 |     8 |            74
           71 |     9 |            75
           71 |    10 |            75
           71 |    11 |            70
           71 |    12 |            74
           71 |    13 |            85
           71 |    14 |            97
           71 |    15 |           111
           71 |    16 |           121
           71 |    17 |           125
           71 |    18 |            82
           71 |    19 |             0
           71 |    20 |             0
----------------------------------
           72 |     0 |           325
           72 |     1 |           225
           72 |     2 |           171
           72 |     3 |           150
           72 |     4 |           132
           72 |     5 |           102
           72 |     6 |           102
           72 |     7 |           105
           72 |     8 |            90
           72 |     9 |            91
           72 |    10 |            93
           72 |    11 |            97
           72 |    12 |            80
           72 |    13 |            98
           72 |    14 |            99
           72 |    15 |           107
           72 |    16 |           105
           72 |    17 |           115
           72 |    18 |            89
           72 |    19 |             0
           72 |    20 |             0
----------------------------------
           73 |     0 |           239
           73 |     1 |           161
           73 |     2 |           143
           73 |     3 |           120
           73 |     4 |            95
           73 |     5 |            97
           73 |     6 |            68
           73 |     7 |            77
           73 |     8 |            79
           73 |     9 |            82
           73 |    10 |            91
           73 |    11 |           109
           73 |    12 |           103
           73 |    13 |            92
           73 |    14 |            96
           73 |    15 |           101
           73 |    16 |            85
           73 |    17 |            80
           73 |    18 |            53
           73 |    19 |             0
           73 |    20 |             0
----------------------------------
           74 |     0 |           141
           74 |     1 |            97
           74 |     2 |            68
           74 |     3 |            66
           74 |     4 |            62
           74 |     5 |            53
           74 |     6 |            49
           74 |     7 |            45
           74 |     8 |            47
           74 |     9 |            45
           74 |    10 |            35
           74 |    11 |            53
           74 |    12 |            46
           74 |    13 |            48
           74 |    14 |            57
           74 |    15 |            57
           74 |    16 |            59
           74 |    17 |            46
           74 |    18 |            36
           74 |    19 |             0
           74 |    20 |             0
----------------------------------
           75 |     0 |           258
           75 |     1 |           157
           75 |     2 |           123
           75 |     3 |           113
           75 |     4 |            83
           75 |     5 |            81
           75 |     6 |            75
           75 |     7 |            84
           75 |     8 |            73
           75 |     9 |            63
           75 |    10 |            70
           75 |    11 |            86
           75 |    12 |            82
           75 |    13 |            90
           75 |    14 |           104
           75 |    15 |           101
           75 |    16 |            91
           75 |    17 |            81
           75 |    18 |            60
           75 |    19 |             0
           75 |    20 |             0
----------------------------------
           76 |     0 |           265
           76 |     1 |           209
           76 |     2 |           167
           76 |     3 |           136
           76 |     4 |           133
           76 |     5 |           121
           76 |     6 |           107
           76 |     7 |           109
           76 |     8 |            98
           76 |     9 |            96
           76 |    10 |            88
           76 |    11 |            87
           76 |    12 |            94
           76 |    13 |           110
           76 |    14 |           113
           76 |    15 |           127
           76 |    16 |           123
           76 |    17 |           109
           76 |    18 |            64
           76 |    19 |             0
           76 |    20 |             0
----------------------------------
           77 |     0 |           182
           77 |     1 |           149
           77 |     2 |           117
           77 |     3 |            98
           77 |     4 |            77
           77 |     5 |            70
           77 |     6 |            77
           77 |     7 |            73
           77 |     8 |            76
           77 |     9 |            64
           77 |    10 |            61
           77 |    11 |            63
           77 |    12 |            76
           77 |    13 |            68
           77 |    14 |            78
           77 |    15 |            80
           77 |    16 |            90
           77 |    17 |            63
           77 |    18 |            55
           77 |    19 |             0
           77 |    20 |             0
----------------------------------
           78 |     0 |           252
           78 |     1 |           186
           78 |     2 |           151
           78 |     3 |           123
           78 |     4 |           116
           78 |     5 |           104
           78 |     6 |            82
           78 |     7 |            91
           78 |     8 |            77
           78 |     9 |            80
           78 |    10 |            79
           78 |    11 |            79
           78 |    12 |           115
           78 |    13 |           111
           78 |    14 |           111
           78 |    15 |           129
           78 |    16 |           122
           78 |    17 |           108
           78 |    18 |            68
           78 |    19 |             0
           78 |    20 |             0
----------------------------------
           79 |     0 |           174
           79 |     1 |           143
           79 |     2 |            98
           79 |     3 |            78
           79 |     4 |            68
           79 |     5 |            81
           79 |     6 |            63
           79 |     7 |            54
           79 |     8 |            58
           79 |     9 |            63
           79 |    10 |            59
           79 |    11 |            67
           79 |    12 |            53
           79 |    13 |            61
           79 |    14 |            82
           79 |    15 |            87
           79 |    16 |            86
           79 |    17 |            77
           79 |    18 |            49
           79 |    19 |             0
           79 |    20 |             0
----------------------------------
           80 |     0 |           221
           80 |     1 |           148
           80 |     2 |           130
           80 |     3 |           110
           80 |     4 |           104
           80 |     5 |           103
           80 |     6 |            95
           80 |     7 |            71
           80 |     8 |            98
           80 |     9 |            87
           80 |    10 |            92
           80 |    11 |            96
           80 |    12 |           106
           80 |    13 |           108
           80 |    14 |           122
           80 |    15 |            99
           80 |    16 |            86
           80 |    17 |            70
           80 |    18 |            54
           80 |    19 |             0
           80 |    20 |             0
----------------------------------
           81 |     0 |           255
           81 |     1 |           192
           81 |     2 |           145
           81 |     3 |           111
           81 |     4 |            96
           81 |     5 |           103
           81 |     6 |           104
           81 |     7 |           118
           81 |     8 |           104
           81 |     9 |           109
           81 |    10 |            96
           81 |    11 |            95
           81 |    12 |           104
           81 |    13 |            99
           81 |    14 |           124
           81 |    15 |           127
           81 |    16 |           108
           81 |    17 |            98
           81 |    18 |            80
           81 |    19 |             0
           81 |    20 |             0
----------------------------------
           82 |     0 |           256
           82 |     1 |           160
           82 |     2 |           138
           82 |     3 |           137
           82 |     4 |           126
           82 |     5 |           121
           82 |     6 |           119
           82 |     7 |           108
           82 |     8 |           133
           82 |     9 |           113
           82 |    10 |           110
           82 |    11 |           113
           82 |    12 |           109
           82 |    13 |           103
           82 |    14 |           111
           82 |    15 |           117
           82 |    16 |           116
           82 |    17 |           119
           82 |    18 |            69
           82 |    19 |             0
           82 |    20 |             0
----------------------------------
           83 |     0 |           152
           83 |     1 |           132
           83 |     2 |           106
           83 |     3 |            94
           83 |     4 |            91
           83 |     5 |            77
           83 |     6 |            70
           83 |     7 |            93
           83 |     8 |            80
           83 |     9 |            73
           83 |    10 |            72
           83 |    11 |            76
           83 |    12 |            84
           83 |    13 |            69
           83 |    14 |            76
           83 |    15 |            72
           83 |    16 |            66
           83 |    17 |            59
           83 |    18 |            35
           83 |    19 |             0
           83 |    20 |             0
----------------------------------
           84 |     0 |           190
           84 |     1 |           141
           84 |     2 |           101
           84 |     3 |            81
           84 |     4 |            74
           84 |     5 |            60
           84 |     6 |            67
           84 |     7 |            74
           84 |     8 |            74
           84 |     9 |            72
           84 |    10 |            81
           84 |    11 |            92
           84 |    12 |            90
           84 |    13 |            80
           84 |    14 |            82
           84 |    15 |            96
           84 |    16 |            95
           84 |    17 |            77
           84 |    18 |            53
           84 |    19 |             0
           84 |    20 |             0
----------------------------------
           85 |     0 |           157
           85 |     1 |           101
           85 |     2 |            91
           85 |     3 |            65
           85 |     4 |            56
           85 |     5 |            75
           85 |     6 |            77
           85 |     7 |            84
           85 |     8 |            69
           85 |     9 |            75
           85 |    10 |            74
           85 |    11 |            75
           85 |    12 |            79
           85 |    13 |            64
           85 |    14 |            77
           85 |    15 |            71
           85 |    16 |            62
           85 |    17 |            53
           85 |    18 |            40
           85 |    19 |             0
           85 |    20 |             0
----------------------------------
           86 |     0 |           140
           86 |     1 |           100
           86 |     2 |            94
           86 |     3 |            82
           86 |     4 |            75
           86 |     5 |            72
           86 |     6 |            76
           86 |     7 |            69
           86 |     8 |            73
           86 |     9 |            72
           86 |    10 |            89
           86 |    11 |            91
           86 |    12 |            89
           86 |    13 |            85
           86 |    14 |            81
           86 |    15 |            86
           86 |    16 |            72
           86 |    17 |            63
           86 |    18 |            39
           86 |    19 |             0
           86 |    20 |             0
----------------------------------
           87 |     0 |           108
           87 |     1 |            90
           87 |     2 |            73
           87 |     3 |            63
           87 |     4 |            45
           87 |     5 |            53
           87 |     6 |            41
           87 |     7 |            49
           87 |     8 |            43
           87 |     9 |            52
           87 |    10 |            46
           87 |    11 |            49
           87 |    12 |            44
           87 |    13 |            58
           87 |    14 |            74
           87 |    15 |            71
           87 |    16 |            79
           87 |    17 |            60
           87 |    18 |            33
           87 |    19 |             0
           87 |    20 |             0
----------------------------------
           88 |     0 |           106
           88 |     1 |            83
           88 |     2 |            76
           88 |     3 |            59
           88 |     4 |            69
           88 |     5 |            64
           88 |     6 |            64
           88 |     7 |            61
           88 |     8 |            71
           88 |     9 |            60
           88 |    10 |            54
           88 |    11 |            65
           88 |    12 |            59
           88 |    13 |            70
           88 |    14 |            65
           88 |    15 |            58
           88 |    16 |            65
           88 |    17 |            45
           88 |    18 |            38
           88 |    19 |             0
           88 |    20 |             0
----------------------------------
           89 |     0 |            78
           89 |     1 |            65
           89 |     2 |            51
           89 |     3 |            40
           89 |     4 |            44
           89 |     5 |            35
           89 |     6 |            39
           89 |     7 |            51
           89 |     8 |            48
           89 |     9 |            54
           89 |    10 |            38
           89 |    11 |            43
           89 |    12 |            51
           89 |    13 |            55
           89 |    14 |            54
           89 |    15 |            44
           89 |    16 |            38
           89 |    17 |            37
           89 |    18 |            25
           89 |    19 |             0
           89 |    20 |             0
----------------------------------
           90 |     0 |           121
           90 |     1 |           105
           90 |     2 |            92
           90 |     3 |            77
           90 |     4 |            63
           90 |     5 |            70
           90 |     6 |            69
           90 |     7 |            70
           90 |     8 |            92
           90 |     9 |            83
           90 |    10 |            71
           90 |    11 |            80
           90 |    12 |            85
           90 |    13 |            94
           90 |    14 |            82
           90 |    15 |            93
           90 |    16 |            92
           90 |    17 |            61
           90 |    18 |            30
           90 |    19 |             0
           90 |    20 |             0
----------------------------------
           91 |     0 |           113
           91 |     1 |            83
           91 |     2 |            87
           91 |     3 |            70
           91 |     4 |            65
           91 |     5 |            75
           91 |     6 |            67
           91 |     7 |            72
           91 |     8 |            65
           91 |     9 |            63
           91 |    10 |            76
           91 |    11 |            82
           91 |    12 |            92
           91 |    13 |            87
           91 |    14 |            86
           91 |    15 |            95
           91 |    16 |            81
           91 |    17 |            57
           91 |    18 |            40
           91 |    19 |             0
           91 |    20 |             0
----------------------------------
           92 |     0 |           178
           92 |     1 |           143
           92 |     2 |           122
           92 |     3 |           111
           92 |     4 |            89
           92 |     5 |            78
           92 |     6 |            81
           92 |     7 |            74
           92 |     8 |            88
           92 |     9 |            85
           92 |    10 |            85
           92 |    11 |           103
           92 |    12 |           121
           92 |    13 |           118
           92 |    14 |           135
           92 |    15 |           122
           92 |    16 |           111
           92 |    17 |           105
           92 |    18 |            75
           92 |    19 |             0
           92 |    20 |             0
----------------------------------
           93 |     0 |           115
           93 |     1 |            88
           93 |     2 |            63
           93 |     3 |            62
           93 |     4 |            61
           93 |     5 |            58
           93 |     6 |            61
           93 |     7 |            51
           93 |     8 |            57
           93 |     9 |            50
           93 |    10 |            65
           93 |    11 |            67
           93 |    12 |            62
           93 |    13 |            68
           93 |    14 |            70
           93 |    15 |            71
           93 |    16 |            54
           93 |    17 |            52
           93 |    18 |            34
           93 |    19 |             0
           93 |    20 |             0
----------------------------------
           94 |     0 |           131
           94 |     1 |            92
           94 |     2 |            77
           94 |     3 |            75
           94 |     4 |            72
           94 |     5 |            59
           94 |     6 |            53
           94 |     7 |            57
           94 |     8 |            54
           94 |     9 |            73
           94 |    10 |            82
           94 |    11 |            93
           94 |    12 |            95
           94 |    13 |            96
           94 |    14 |            96
           94 |    15 |            95
           94 |    16 |            92
           94 |    17 |            71
           94 |    18 |            41
           94 |    19 |             0
           94 |    20 |             0
----------------------------------
           95 |     0 |            94
           95 |     1 |            60
           95 |     2 |            54
           95 |     3 |            75
           95 |     4 |            55
           95 |     5 |            44
           95 |     6 |            44
           95 |     7 |            45
           95 |     8 |            39
           95 |     9 |            47
           95 |    10 |            66
           95 |    11 |            60
           95 |    12 |            56
           95 |    13 |            61
           95 |    14 |            70
           95 |    15 |            51
           95 |    16 |            51
           95 |    17 |            50
           95 |    18 |            23
           95 |    19 |             0
           95 |    20 |             0
----------------------------------
           96 |     0 |            74
           96 |     1 |            46
           96 |     2 |            42
           96 |     3 |            37
           96 |     4 |            34
           96 |     5 |            30
           96 |     6 |            32
           96 |     7 |            33
           96 |     8 |            39
           96 |     9 |            51
           96 |    10 |            48
           96 |    11 |            37
           96 |    12 |            37
           96 |    13 |            35
           96 |    14 |            40
           96 |    15 |            31
           96 |    16 |            43
           96 |    17 |            43
           96 |    18 |            36
           96 |    19 |             0
           96 |    20 |             0
----------------------------------
           97 |     0 |            44
           97 |     1 |            39
           97 |     2 |            23
           97 |     3 |            19
           97 |     4 |            17
           97 |     5 |            19
           97 |     6 |            14
           97 |     7 |            17
           97 |     8 |            21
           97 |     9 |            27
           97 |    10 |            25
           97 |    11 |            26
           97 |    12 |            34
           97 |    13 |            28
           97 |    14 |            29
           97 |    15 |            29
           97 |    16 |            27
           97 |    17 |            30
           97 |    18 |            17
           97 |    19 |             0
           97 |    20 |             0
----------------------------------
           98 |     0 |            61
           98 |     1 |            46
           98 |     2 |            33
           98 |     3 |            36
           98 |     4 |            25
           98 |     5 |            26
           98 |     6 |            19
           98 |     7 |            16
           98 |     8 |            27
           98 |     9 |            33
           98 |    10 |            32
           98 |    11 |            35
           98 |    12 |            35
           98 |    13 |            39
           98 |    14 |            51
           98 |    15 |            39
           98 |    16 |            49
           98 |    17 |            57
           98 |    18 |            27
           98 |    19 |             0
           98 |    20 |             0
----------------------------------
           99 |     0 |            52
           99 |     1 |            48
           99 |     2 |            42
           99 |     3 |            27
           99 |     4 |            38
           99 |     5 |            40
           99 |     6 |            44
           99 |     7 |            46
           99 |     8 |            41
           99 |     9 |            48
           99 |    10 |            51
           99 |    11 |            53
           99 |    12 |            48
           99 |    13 |            50
           99 |    14 |            41
           99 |    15 |            45
           99 |    16 |            32
           99 |    17 |            29
           99 |    18 |            17
           99 |    19 |             0
           99 |    20 |             0
----------------------------------
          100 |     0 |           107
          100 |     1 |            85
          100 |     2 |            75
          100 |     3 |            55
          100 |     4 |            51
          100 |     5 |            48
          100 |     6 |            65
          100 |     7 |            70
          100 |     8 |            71
          100 |     9 |            72
          100 |    10 |            68
          100 |    11 |            63
          100 |    12 |            77
          100 |    13 |            76
          100 |    14 |            68
          100 |    15 |            72
          100 |    16 |            76
          100 |    17 |            53
          100 |    18 |            48
          100 |    19 |             0
          100 |    20 |             0
----------------------------------
          101 |     0 |            43
          101 |     1 |            31
          101 |     2 |            33
          101 |     3 |            35
          101 |     4 |            29
          101 |     5 |            31
          101 |     6 |            28
          101 |     7 |            32
          101 |     8 |            21
          101 |     9 |            36
          101 |    10 |            29
          101 |    11 |            38
          101 |    12 |            39
          101 |    13 |            33
          101 |    14 |            40
          101 |    15 |            44
          101 |    16 |            25
          101 |    17 |            24
          101 |    18 |            15
          101 |    19 |             0
          101 |    20 |             0
----------------------------------
          102 |     0 |            23
          102 |     1 |            14
          102 |     2 |             5
          102 |     3 |             9
          102 |     4 |             6
          102 |     5 |             7
          102 |     6 |             6
          102 |     7 |             8
          102 |     8 |             7
          102 |     9 |             6
          102 |    10 |             7
          102 |    11 |             7
          102 |    12 |            12
          102 |    13 |            16
          102 |    14 |            12
          102 |    15 |            13
          102 |    16 |            16
          102 |    17 |            18
          102 |    18 |            12
          102 |    19 |             0
          102 |    20 |             0
----------------------------------
          103 |     0 |            38
          103 |     1 |            28
          103 |     2 |            17
          103 |     3 |            20
          103 |     4 |            23
          103 |     5 |            17
          103 |     6 |            23
          103 |     7 |            33
          103 |     8 |            40
          103 |     9 |            42
          103 |    10 |            40
          103 |    11 |            33
          103 |    12 |            38
          103 |    13 |            29
          103 |    14 |            27
          103 |    15 |            22
          103 |    16 |            20
          103 |    17 |            14
          103 |    18 |            11
          103 |    19 |             0
          103 |    20 |             0
----------------------------------
          104 |     0 |            31
          104 |     1 |            25
          104 |     2 |            23
          104 |     3 |            30
          104 |     4 |            19
          104 |     5 |            20
          104 |     6 |            19
          104 |     7 |            24
          104 |     8 |            22
          104 |     9 |            26
          104 |    10 |            23
          104 |    11 |            21
          104 |    12 |            18
          104 |    13 |            21
          104 |    14 |            21
          104 |    15 |            21
          104 |    16 |            19
          104 |    17 |            16
          104 |    18 |            17
          104 |    19 |             0
          104 |    20 |             0
----------------------------------
          105 |     0 |            49
          105 |     1 |            47
          105 |     2 |            34
          105 |     3 |            36
          105 |     4 |            46
          105 |     5 |            37
          105 |     6 |            40
          105 |     7 |            38
          105 |     8 |            41
          105 |     9 |            28
          105 |    10 |            39
          105 |    11 |            43
          105 |    12 |            41
          105 |    13 |            36
          105 |    14 |            37
          105 |    15 |            35
          105 |    16 |            40
          105 |    17 |            39
          105 |    18 |            29
          105 |    19 |             0
          105 |    20 |             0
----------------------------------
          106 |     0 |            48
          106 |     1 |            35
          106 |     2 |            25
          106 |     3 |            30
          106 |     4 |            29
          106 |     5 |            39
          106 |     6 |            40
          106 |     7 |            36
          106 |     8 |            37
          106 |     9 |            40
          106 |    10 |            30
          106 |    11 |            43
          106 |    12 |            47
          106 |    13 |            49
          106 |    14 |            52
          106 |    15 |            48
          106 |    16 |            42
          106 |    17 |            45
          106 |    18 |            27
          106 |    19 |             0
          106 |    20 |             0
----------------------------------
----------------------------------
          108 |     0 |            10
          108 |     1 |             3
          108 |     2 |             4
          108 |     3 |             1
          108 |     4 |             4
          108 |     5 |             4
          108 |     6 |             3
          108 |     7 |             2
          108 |     8 |             5
          108 |     9 |             6
          108 |    10 |             7
          108 |    11 |             8
          108 |    12 |             8
          108 |    13 |             9
          108 |    14 |             9
          108 |    15 |             3
          108 |    16 |             5
          108 |    17 |             7
          108 |    18 |            10
          108 |    19 |             0
          108 |    20 |             0
----------------------------------
          109 |     0 |            24
          109 |     1 |            22
          109 |     2 |            21
          109 |     3 |            21
          109 |     4 |            13
          109 |     5 |            23
          109 |     6 |            20
          109 |     7 |            27
          109 |     8 |            20
          109 |     9 |            25
          109 |    10 |            25
          109 |    11 |            21
          109 |    12 |            32
          109 |    13 |            27
          109 |    14 |            27
          109 |    15 |            26
          109 |    16 |            30
          109 |    17 |            19
          109 |    18 |            13
          109 |    19 |             0
          109 |    20 |             0
----------------------------------
          110 |     0 |            23
          110 |     1 |            17
          110 |     2 |            11
          110 |     3 |             9
          110 |     4 |             5
          110 |     5 |             8
          110 |     6 |            11
          110 |     7 |             7
          110 |     8 |             5
          110 |     9 |             8
          110 |    10 |            11
          110 |    11 |            12
          110 |    12 |            12
          110 |    13 |            11
          110 |    14 |            11
          110 |    15 |            12
          110 |    16 |            17
          110 |    17 |            20
          110 |    18 |            10
          110 |    19 |             0
          110 |    20 |             0
----------------------------------
----------------------------------
          112 |     0 |            24
          112 |     1 |            14
          112 |     2 |             6
          112 |     3 |             8
          112 |     4 |             9
          112 |     5 |             6
          112 |     6 |             9
          112 |     7 |             6
          112 |     8 |             7
          112 |     9 |             9
          112 |    10 |             8
          112 |    11 |            20
          112 |    12 |            11
          112 |    13 |            11
          112 |    14 |            13
          112 |    15 |            12
          112 |    16 |            22
          112 |    17 |            18
          112 |    18 |            11
          112 |    19 |             0
          112 |    20 |             0
----------------------------------
----------------------------------
          114 |     0 |             1
          114 |     1 |             5
          114 |     2 |             3
          114 |     3 |             7
          114 |     4 |             5
          114 |     5 |             3
          114 |     6 |             4
          114 |     7 |             6
          114 |     8 |             4
          114 |     9 |            13
          114 |    10 |            10
          114 |    11 |             8
          114 |    12 |             8
          114 |    13 |             8
          114 |    14 |             9
          114 |    15 |             6
          114 |    16 |             5
          114 |    17 |             5
          114 |    18 |             4
          114 |    19 |             0
          114 |    20 |             0
----------------------------------
          115 |     0 |            14
          115 |     1 |             8
          115 |     2 |            10
          115 |     3 |             9
          115 |     4 |            11
          115 |     5 |             8
          115 |     6 |            12
          115 |     7 |             7
          115 |     8 |            10
          115 |     9 |            12
          115 |    10 |            11
          115 |    11 |            13
          115 |    12 |            15
          115 |    13 |            15
          115 |    14 |            20
          115 |    15 |            12
          115 |    16 |            18
          115 |    17 |            14
          115 |    18 |            11
          115 |    19 |             0
          115 |    20 |             0
----------------------------------
          116 |     0 |            14
          116 |     1 |             7
          116 |     2 |             5
          116 |     3 |             7
          116 |     4 |             6
          116 |     5 |             6
          116 |     6 |             9
          116 |     7 |             9
          116 |     8 |            10
          116 |     9 |            13
          116 |    10 |            13
          116 |    11 |            18
          116 |    12 |            17
          116 |    13 |            20
          116 |    14 |            17
          116 |    15 |            17
          116 |    16 |            24
          116 |    17 |            12
          116 |    18 |             8
          116 |    19 |             0
          116 |    20 |             0
----------------------------------
          117 |     0 |            13
          117 |     1 |             7
          117 |     2 |            10
          117 |     3 |             6
          117 |     4 |             9
          117 |     5 |            10
          117 |     6 |            11
          117 |     7 |            13
          117 |     8 |            12
          117 |     9 |            18
          117 |    10 |            16
          117 |    11 |            16
          117 |    12 |            19
          117 |    13 |            21
          117 |    14 |            13
          117 |    15 |            12
          117 |    16 |            10
          117 |    17 |            11
          117 |    18 |             7
          117 |    19 |             0
          117 |    20 |             0
----------------------------------
          118 |     0 |             3
          118 |     1 |             3
          118 |     2 |             5
          118 |     3 |             7
          118 |     4 |             5
          118 |     5 |             7
          118 |     6 |            10
          118 |     7 |             7
          118 |     8 |             8
          118 |     9 |             8
          118 |    10 |             7
          118 |    11 |            11
          118 |    12 |             7
          118 |    13 |             6
          118 |    14 |             7
          118 |    15 |             9
          118 |    16 |             4
          118 |    17 |             3
          118 |    18 |             1
          118 |    19 |             0
          118 |    20 |             0
----------------------------------
          119 |     0 |             6
          119 |     1 |             3
          119 |     2 |             5
          119 |     3 |             9
          119 |     4 |             4
          119 |     5 |             7
          119 |     6 |             2
          119 |     7 |             3
          119 |     8 |             6
          119 |     9 |             6
          119 |    10 |             7
          119 |    11 |             5
          119 |    12 |             3
          119 |    13 |            11
          119 |    14 |             8
          119 |    15 |             9
          119 |    16 |             7
          119 |    17 |            12
          119 |    18 |             6
          119 |    19 |             0
          119 |    20 |             0
----------------------------------
----------------------------------
          121 |     0 |            11
          121 |     1 |             8
          121 |     2 |             5
          121 |     3 |             6
          121 |     4 |             5
          121 |     5 |             4
          121 |     6 |             3
          121 |     7 |             1
          121 |     8 |             7
          121 |     9 |             8
          121 |    10 |             3
          121 |    11 |             7
          121 |    12 |             8
          121 |    13 |             8
          121 |    14 |             8
          121 |    15 |             9
          121 |    16 |             6
          121 |    17 |             8
          121 |    18 |             6
          121 |    19 |             0
          121 |    20 |             0
----------------------------------
          122 |     0 |             3
          122 |     1 |             5
          122 |     2 |             2
          122 |     3 |             9
          122 |     4 |             5
          122 |     5 |             4
          122 |     6 |             9
          122 |     7 |            10
          122 |     8 |             8
          122 |     9 |             9
          122 |    10 |             9
          122 |    11 |             7
          122 |    12 |             6
          122 |    13 |             4
          122 |    14 |             5
          122 |    15 |             7
          122 |    16 |             6
          122 |    17 |             7
          122 |    18 |             7
          122 |    19 |             0
          122 |    20 |             0
----------------------------------
----------------------------------
----------------------------------
----------------------------------
----------------------------------
----------------------------------
----------------------------------
          129 |     0 |             8
          129 |     1 |             5
          129 |     2 |             4
          129 |     3 |             2
          129 |     4 |             3
          129 |     5 |             4
          129 |     6 |             7
          129 |     7 |             8
          129 |     8 |             6
          129 |     9 |             9
          129 |    10 |            15
          129 |    11 |            10
          129 |    12 |             8
          129 |    13 |             7
          129 |    14 |             9
          129 |    15 |             6
          129 |    16 |             6
          129 |    17 |             7
          129 |    18 |             5
          129 |    19 |             0
          129 |    20 |             0
----------------------------------
----------------------------------
----------------------------------
----------------------------------
----------------------------------
----------------------------------
----------------------------------
----------------------------------
----------------------------------
----------------------------------
----------------------------------
----------------------------------
----------------------------------
----------------------------------
----------------------------------
----------------------------------
----------------------------------
----------------------------------
----------------------------------
----------------------------------
----------------------------------
----------------------------------
----------------------------------
----------------------------------
----------------------------------
----------------------------------
----------------------------------
----------------------------------
----------------------------------
----------------------------------
----------------------------------
----------------------------------
----------------------------------
----------------------------------
----------------------------------
----------------------------------
----------------------------------
----------------------------------
----------------------------------
----------------------------------
----------------------------------
----------------------------------
----------------------------------
----------------------------------
----------------------------------
----------------------------------
----------------------------------
----------------------------------
----------------------------------
----------------------------------
----------------------------------
----------------------------------
----------------------------------
----------------------------------
----------------------------------
----------------------------------
----------------------------------
----------------------------------
----------------------------------
----------------------------------
----------------------------------
----------------------------------
