MinCut number | SSize | Number of cuts
----------------------------------
----------------------------------
----------------------------------
----------------------------------
----------------------------------
----------------------------------
----------------------------------
----------------------------------
----------------------------------
----------------------------------
----------------------------------
----------------------------------
----------------------------------
----------------------------------
----------------------------------
----------------------------------
----------------------------------
----------------------------------
----------------------------------
----------------------------------
           39 |     1 |            13
           39 |     2 |             7
           39 |     3 |             1
           39 |     4 |             2
           39 |     5 |             0
           39 |     6 |             0
           39 |     7 |             0
           39 |     8 |             0
           39 |     9 |             0
           39 |    10 |             2
           39 |    11 |             0
           39 |    12 |             0
           39 |    13 |             2
           39 |    14 |             0
           39 |    15 |             4
           39 |    16 |             1
           39 |    17 |             1
           39 |    18 |             2
           39 |    19 |             4
----------------------------------
           40 |     1 |            16
           40 |     2 |             2
           40 |     3 |             2
           40 |     4 |             1
           40 |     5 |             0
           40 |     6 |             3
           40 |     7 |             1
           40 |     8 |             0
           40 |     9 |             0
           40 |    10 |             0
           40 |    11 |             1
           40 |    12 |             1
           40 |    13 |             1
           40 |    14 |             2
           40 |    15 |             0
           40 |    16 |             2
           40 |    17 |             2
           40 |    18 |             3
           40 |    19 |             3
----------------------------------
----------------------------------
           42 |     1 |            16
           42 |     2 |             7
           42 |     3 |             1
           42 |     4 |             3
           42 |     5 |             3
           42 |     6 |             0
           42 |     7 |             0
           42 |     8 |             0
           42 |     9 |             0
           42 |    10 |             0
           42 |    11 |             0
           42 |    12 |             1
           42 |    13 |             1
           42 |    14 |             3
           42 |    15 |             1
           42 |    16 |             0
           42 |    17 |             3
           42 |    18 |             2
           42 |    19 |             1
----------------------------------
           43 |     1 |            31
           43 |     2 |             5
           43 |     3 |             2
           43 |     4 |             5
           43 |     5 |             7
           43 |     6 |             3
           43 |     7 |             3
           43 |     8 |             2
           43 |     9 |             1
           43 |    10 |             2
           43 |    11 |             0
           43 |    12 |             2
           43 |    13 |             2
           43 |    14 |             2
           43 |    15 |             4
           43 |    16 |             2
           43 |    17 |             1
           43 |    18 |             3
           43 |    19 |             9
----------------------------------
           44 |     1 |            76
           44 |     2 |            24
           44 |     3 |            17
           44 |     4 |            10
           44 |     5 |             8
           44 |     6 |             5
           44 |     7 |             2
           44 |     8 |             1
           44 |     9 |             4
           44 |    10 |             4
           44 |    11 |             1
           44 |    12 |            14
           44 |    13 |             6
           44 |    14 |             5
           44 |    15 |             5
           44 |    16 |             7
           44 |    17 |            11
           44 |    18 |            15
           44 |    19 |             5
----------------------------------
           45 |     1 |            13
           45 |     2 |             8
           45 |     3 |             6
           45 |     4 |             0
           45 |     5 |             2
           45 |     6 |             1
           45 |     7 |             0
           45 |     8 |             1
           45 |     9 |             1
           45 |    10 |             0
           45 |    11 |             1
           45 |    12 |             0
           45 |    13 |             0
           45 |    14 |             0
           45 |    15 |             4
           45 |    16 |             1
           45 |    17 |             3
           45 |    18 |             2
           45 |    19 |             2
----------------------------------
----------------------------------
           47 |     1 |            48
           47 |     2 |            21
           47 |     3 |            11
           47 |     4 |            10
           47 |     5 |             1
           47 |     6 |             2
           47 |     7 |             7
           47 |     8 |             4
           47 |     9 |             4
           47 |    10 |             2
           47 |    11 |             0
           47 |    12 |             3
           47 |    13 |             0
           47 |    14 |             2
           47 |    15 |             2
           47 |    16 |             8
           47 |    17 |             3
           47 |    18 |             5
           47 |    19 |             8
----------------------------------
----------------------------------
           49 |     1 |            84
           49 |     2 |            42
           49 |     3 |            25
           49 |     4 |            14
           49 |     5 |             8
           49 |     6 |             9
           49 |     7 |            12
           49 |     8 |             6
           49 |     9 |             6
           49 |    10 |             3
           49 |    11 |             7
           49 |    12 |             8
           49 |    13 |             5
           49 |    14 |            10
           49 |    15 |            11
           49 |    16 |             8
           49 |    17 |            12
           49 |    18 |            14
           49 |    19 |            10
----------------------------------
           50 |     1 |           172
           50 |     2 |            65
           50 |     3 |            31
           50 |     4 |            12
           50 |     5 |            18
           50 |     6 |             7
           50 |     7 |            18
           50 |     8 |            17
           50 |     9 |            14
           50 |    10 |            13
           50 |    11 |             9
           50 |    12 |            16
           50 |    13 |            18
           50 |    14 |            24
           50 |    15 |            36
           50 |    16 |            12
           50 |    17 |            21
           50 |    18 |            26
           50 |    19 |            21
----------------------------------
           51 |     1 |           164
           51 |     2 |            71
           51 |     3 |            48
           51 |     4 |            18
           51 |     5 |            21
           51 |     6 |            15
           51 |     7 |             8
           51 |     8 |             9
           51 |     9 |            10
           51 |    10 |             7
           51 |    11 |             5
           51 |    12 |            18
           51 |    13 |            14
           51 |    14 |            12
           51 |    15 |            19
           51 |    16 |            17
           51 |    17 |            24
           51 |    18 |            12
           51 |    19 |            18
----------------------------------
           52 |     1 |           126
           52 |     2 |            60
           52 |     3 |            30
           52 |     4 |            10
           52 |     5 |             9
           52 |     6 |            15
           52 |     7 |             8
           52 |     8 |             7
           52 |     9 |            14
           52 |    10 |            12
           52 |    11 |            16
           52 |    12 |            10
           52 |    13 |            15
           52 |    14 |            10
           52 |    15 |            13
           52 |    16 |            19
           52 |    17 |            13
           52 |    18 |            15
           52 |    19 |            14
----------------------------------
           53 |     1 |           105
           53 |     2 |            54
           53 |     3 |            28
           53 |     4 |            26
           53 |     5 |             9
           53 |     6 |            10
           53 |     7 |             5
           53 |     8 |            14
           53 |     9 |            11
           53 |    10 |            11
           53 |    11 |             3
           53 |    12 |             9
           53 |    13 |             9
           53 |    14 |             8
           53 |    15 |            15
           53 |    16 |            14
           53 |    17 |            17
           53 |    18 |            11
           53 |    19 |            12
----------------------------------
           54 |     1 |           130
           54 |     2 |            57
           54 |     3 |            36
           54 |     4 |            33
           54 |     5 |            10
           54 |     6 |            10
           54 |     7 |             5
           54 |     8 |             2
           54 |     9 |             2
           54 |    10 |             6
           54 |    11 |            10
           54 |    12 |             9
           54 |    13 |            16
           54 |    14 |             7
           54 |    15 |            15
           54 |    16 |            14
           54 |    17 |            22
           54 |    18 |            24
           54 |    19 |            24
----------------------------------
           55 |     1 |           199
           55 |     2 |            74
           55 |     3 |            35
           55 |     4 |            32
           55 |     5 |            20
           55 |     6 |            21
           55 |     7 |            15
           55 |     8 |            19
           55 |     9 |            10
           55 |    10 |            12
           55 |    11 |            13
           55 |    12 |            20
           55 |    13 |            14
           55 |    14 |            10
           55 |    15 |            21
           55 |    16 |            18
           55 |    17 |            30
           55 |    18 |            18
           55 |    19 |            24
----------------------------------
           56 |     1 |           310
           56 |     2 |           141
           56 |     3 |            86
           56 |     4 |            46
           56 |     5 |            47
           56 |     6 |            30
           56 |     7 |            27
           56 |     8 |            13
           56 |     9 |            27
           56 |    10 |            24
           56 |    11 |            15
           56 |    12 |            15
           56 |    13 |            21
           56 |    14 |            21
           56 |    15 |            25
           56 |    16 |            38
           56 |    17 |            41
           56 |    18 |            39
           56 |    19 |            42
----------------------------------
           57 |     1 |           291
           57 |     2 |           117
           57 |     3 |            87
           57 |     4 |            39
           57 |     5 |            39
           57 |     6 |            13
           57 |     7 |            24
           57 |     8 |            17
           57 |     9 |            16
           57 |    10 |            20
           57 |    11 |            22
           57 |    12 |            20
           57 |    13 |            21
           57 |    14 |            19
           57 |    15 |            22
           57 |    16 |            35
           57 |    17 |            35
           57 |    18 |            36
           57 |    19 |            39
----------------------------------
           58 |     1 |           336
           58 |     2 |           153
           58 |     3 |            63
           58 |     4 |            43
           58 |     5 |            22
           58 |     6 |            27
           58 |     7 |            23
           58 |     8 |            18
           58 |     9 |            28
           58 |    10 |            15
           58 |    11 |            39
           58 |    12 |             9
           58 |    13 |            18
           58 |    14 |            30
           58 |    15 |            25
           58 |    16 |            33
           58 |    17 |            31
           58 |    18 |            35
           58 |    19 |            38
----------------------------------
           59 |     1 |           339
           59 |     2 |           133
           59 |     3 |            57
           59 |     4 |            45
           59 |     5 |            42
           59 |     6 |            34
           59 |     7 |            26
           59 |     8 |            25
           59 |     9 |            16
           59 |    10 |            21
           59 |    11 |            24
           59 |    12 |             9
           59 |    13 |            18
           59 |    14 |            23
           59 |    15 |            32
           59 |    16 |            50
           59 |    17 |            40
           59 |    18 |            42
           59 |    19 |            27
----------------------------------
           60 |     1 |           291
           60 |     2 |           140
           60 |     3 |            64
           60 |     4 |            48
           60 |     5 |            39
           60 |     6 |            38
           60 |     7 |            35
           60 |     8 |            28
           60 |     9 |            26
           60 |    10 |            10
           60 |    11 |            20
           60 |    12 |            21
           60 |    13 |            10
           60 |    14 |            25
           60 |    15 |            26
           60 |    16 |            40
           60 |    17 |            34
           60 |    18 |            27
           60 |    19 |            38
----------------------------------
           61 |     1 |           443
           61 |     2 |           241
           61 |     3 |           146
           61 |     4 |            89
           61 |     5 |            73
           61 |     6 |            47
           61 |     7 |            35
           61 |     8 |            25
           61 |     9 |            23
           61 |    10 |            37
           61 |    11 |            37
           61 |    12 |            17
           61 |    13 |            34
           61 |    14 |            47
           61 |    15 |            40
           61 |    16 |            66
           61 |    17 |            51
           61 |    18 |            69
           61 |    19 |            66
----------------------------------
           62 |     1 |           374
           62 |     2 |           165
           62 |     3 |            95
           62 |     4 |            84
           62 |     5 |            59
           62 |     6 |            50
           62 |     7 |            53
           62 |     8 |            34
           62 |     9 |            55
           62 |    10 |            30
           62 |    11 |            34
           62 |    12 |            33
           62 |    13 |            36
           62 |    14 |            33
           62 |    15 |            41
           62 |    16 |            35
           62 |    17 |            47
           62 |    18 |            53
           62 |    19 |            53
----------------------------------
           63 |     1 |           401
           63 |     2 |           154
           63 |     3 |           114
           63 |     4 |            71
           63 |     5 |            54
           63 |     6 |            40
           63 |     7 |            42
           63 |     8 |            41
           63 |     9 |            33
           63 |    10 |            25
           63 |    11 |            28
           63 |    12 |            45
           63 |    13 |            23
           63 |    14 |            23
           63 |    15 |            22
           63 |    16 |            37
           63 |    17 |            34
           63 |    18 |            44
           63 |    19 |            29
----------------------------------
           64 |     1 |           413
           64 |     2 |           246
           64 |     3 |           143
           64 |     4 |            90
           64 |     5 |            61
           64 |     6 |            48
           64 |     7 |            48
           64 |     8 |            26
           64 |     9 |            22
           64 |    10 |            15
           64 |    11 |            45
           64 |    12 |            32
           64 |    13 |            53
           64 |    14 |            48
           64 |    15 |            42
           64 |    16 |            51
           64 |    17 |            42
           64 |    18 |            61
           64 |    19 |            50
----------------------------------
           65 |     1 |           404
           65 |     2 |           221
           65 |     3 |           130
           65 |     4 |            72
           65 |     5 |            63
           65 |     6 |            43
           65 |     7 |            54
           65 |     8 |            36
           65 |     9 |            29
           65 |    10 |            30
           65 |    11 |            36
           65 |    12 |            19
           65 |    13 |            36
           65 |    14 |            36
           65 |    15 |            43
           65 |    16 |            42
           65 |    17 |            49
           65 |    18 |            45
           65 |    19 |            42
----------------------------------
           66 |     1 |           352
           66 |     2 |           149
           66 |     3 |           110
           66 |     4 |            76
           66 |     5 |            49
           66 |     6 |            39
           66 |     7 |            41
           66 |     8 |            16
           66 |     9 |            25
           66 |    10 |            26
           66 |    11 |            28
           66 |    12 |            33
           66 |    13 |            38
           66 |    14 |            30
           66 |    15 |            37
           66 |    16 |            28
           66 |    17 |            38
           66 |    18 |            37
           66 |    19 |            36
----------------------------------
           67 |     1 |           638
           67 |     2 |           299
           67 |     3 |           172
           67 |     4 |           111
           67 |     5 |            94
           67 |     6 |            82
           67 |     7 |            71
           67 |     8 |            47
           67 |     9 |            41
           67 |    10 |            64
           67 |    11 |            54
           67 |    12 |            58
           67 |    13 |            60
           67 |    14 |            43
           67 |    15 |            53
           67 |    16 |            67
           67 |    17 |            66
           67 |    18 |            69
           67 |    19 |            55
----------------------------------
           68 |     1 |           447
           68 |     2 |           262
           68 |     3 |           145
           68 |     4 |           116
           68 |     5 |            55
           68 |     6 |            52
           68 |     7 |            38
           68 |     8 |            32
           68 |     9 |            33
           68 |    10 |            27
           68 |    11 |            46
           68 |    12 |            43
           68 |    13 |            36
           68 |    14 |            47
           68 |    15 |            46
           68 |    16 |            37
           68 |    17 |            55
           68 |    18 |            62
           68 |    19 |            53
----------------------------------
           69 |     1 |           494
           69 |     2 |           210
           69 |     3 |           137
           69 |     4 |            88
           69 |     5 |            56
           69 |     6 |            66
           69 |     7 |            57
           69 |     8 |            42
           69 |     9 |            32
           69 |    10 |            33
           69 |    11 |            31
           69 |    12 |            38
           69 |    13 |            33
           69 |    14 |            32
           69 |    15 |            47
           69 |    16 |            53
           69 |    17 |            40
           69 |    18 |            51
           69 |    19 |            47
----------------------------------
           70 |     1 |           413
           70 |     2 |           232
           70 |     3 |           136
           70 |     4 |            93
           70 |     5 |            53
           70 |     6 |            52
           70 |     7 |            53
           70 |     8 |            36
           70 |     9 |            25
           70 |    10 |            23
           70 |    11 |            37
           70 |    12 |            22
           70 |    13 |            37
           70 |    14 |            24
           70 |    15 |            35
           70 |    16 |            49
           70 |    17 |            50
           70 |    18 |            52
           70 |    19 |            48
----------------------------------
           71 |     1 |           599
           71 |     2 |           310
           71 |     3 |           202
           71 |     4 |           130
           71 |     5 |            91
           71 |     6 |            55
           71 |     7 |            59
           71 |     8 |            51
           71 |     9 |            53
           71 |    10 |            42
           71 |    11 |            31
           71 |    12 |            42
           71 |    13 |            50
           71 |    14 |            42
           71 |    15 |            45
           71 |    16 |            47
           71 |    17 |            77
           71 |    18 |            66
           71 |    19 |            67
----------------------------------
           72 |     1 |           654
           72 |     2 |           365
           72 |     3 |           216
           72 |     4 |           141
           72 |     5 |           101
           72 |     6 |            49
           72 |     7 |            52
           72 |     8 |            57
           72 |     9 |            82
           72 |    10 |            60
           72 |    11 |            50
           72 |    12 |            53
           72 |    13 |            51
           72 |    14 |            79
           72 |    15 |            69
           72 |    16 |            68
           72 |    17 |            81
           72 |    18 |            82
           72 |    19 |            66
----------------------------------
           73 |     1 |           554
           73 |     2 |           326
           73 |     3 |           187
           73 |     4 |           125
           73 |     5 |            99
           73 |     6 |            77
           73 |     7 |            54
           73 |     8 |            63
           73 |     9 |            57
           73 |    10 |            43
           73 |    11 |            30
           73 |    12 |            24
           73 |    13 |            39
           73 |    14 |            46
           73 |    15 |            40
           73 |    16 |            50
           73 |    17 |            61
           73 |    18 |            51
           73 |    19 |            45
----------------------------------
           74 |     1 |           299
           74 |     2 |           180
           74 |     3 |           102
           74 |     4 |            80
           74 |     5 |            34
           74 |     6 |            34
           74 |     7 |            32
           74 |     8 |            26
           74 |     9 |            20
           74 |    10 |            36
           74 |    11 |            25
           74 |    12 |            20
           74 |    13 |            35
           74 |    14 |            24
           74 |    15 |            32
           74 |    16 |            33
           74 |    17 |            26
           74 |    18 |            36
           74 |    19 |            36
----------------------------------
           75 |     1 |           512
           75 |     2 |           306
           75 |     3 |           187
           75 |     4 |           132
           75 |     5 |            86
           75 |     6 |            63
           75 |     7 |            25
           75 |     8 |            62
           75 |     9 |            36
           75 |    10 |            41
           75 |    11 |            43
           75 |    12 |            41
           75 |    13 |            26
           75 |    14 |            44
           75 |    15 |            58
           75 |    16 |            32
           75 |    17 |            69
           75 |    18 |            55
           75 |    19 |            57
----------------------------------
           76 |     1 |           663
           76 |     2 |           359
           76 |     3 |           237
           76 |     4 |           144
           76 |     5 |           116
           76 |     6 |            72
           76 |     7 |            56
           76 |     8 |            63
           76 |     9 |            64
           76 |    10 |            69
           76 |    11 |            46
           76 |    12 |            73
           76 |    13 |            47
           76 |    14 |            56
           76 |    15 |            52
           76 |    16 |            53
           76 |    17 |            60
           76 |    18 |            64
           76 |    19 |            62
----------------------------------
           77 |     1 |           443
           77 |     2 |           249
           77 |     3 |           148
           77 |     4 |           119
           77 |     5 |            83
           77 |     6 |            75
           77 |     7 |            50
           77 |     8 |            54
           77 |     9 |            33
           77 |    10 |            35
           77 |    11 |            32
           77 |    12 |            34
           77 |    13 |            29
           77 |    14 |            28
           77 |    15 |            45
           77 |    16 |            33
           77 |    17 |            43
           77 |    18 |            53
           77 |    19 |            31
----------------------------------
           78 |     1 |           602
           78 |     2 |           349
           78 |     3 |           227
           78 |     4 |           147
           78 |     5 |            98
           78 |     6 |            87
           78 |     7 |            79
           78 |     8 |            53
           78 |     9 |            35
           78 |    10 |            39
           78 |    11 |            57
           78 |    12 |            42
           78 |    13 |            48
           78 |    14 |            39
           78 |    15 |            50
           78 |    16 |            52
           78 |    17 |            66
           78 |    18 |            59
           78 |    19 |            55
----------------------------------
           79 |     1 |           400
           79 |     2 |           235
           79 |     3 |           163
           79 |     4 |           100
           79 |     5 |            76
           79 |     6 |            50
           79 |     7 |            36
           79 |     8 |            34
           79 |     9 |            34
           79 |    10 |            30
           79 |    11 |            22
           79 |    12 |            25
           79 |    13 |            34
           79 |    14 |            32
           79 |    15 |            48
           79 |    16 |            40
           79 |    17 |            46
           79 |    18 |            52
           79 |    19 |            44
----------------------------------
           80 |     1 |           514
           80 |     2 |           271
           80 |     3 |           184
           80 |     4 |           148
           80 |     5 |           132
           80 |     6 |           115
           80 |     7 |            89
           80 |     8 |            65
           80 |     9 |            53
           80 |    10 |            38
           80 |    11 |            33
           80 |    12 |            34
           80 |    13 |            47
           80 |    14 |            47
           80 |    15 |            41
           80 |    16 |            45
           80 |    17 |            57
           80 |    18 |            42
           80 |    19 |            45
----------------------------------
           81 |     1 |           615
           81 |     2 |           362
           81 |     3 |           221
           81 |     4 |           143
           81 |     5 |            85
           81 |     6 |           111
           81 |     7 |            78
           81 |     8 |            74
           81 |     9 |            60
           81 |    10 |            51
           81 |    11 |            53
           81 |    12 |            65
           81 |    13 |            46
           81 |    14 |            36
           81 |    15 |            46
           81 |    16 |            50
           81 |    17 |            60
           81 |    18 |            63
           81 |    19 |            49
----------------------------------
           82 |     1 |           628
           82 |     2 |           408
           82 |     3 |           232
           82 |     4 |           161
           82 |     5 |           128
           82 |     6 |            69
           82 |     7 |            88
           82 |     8 |            68
           82 |     9 |            46
           82 |    10 |            65
           82 |    11 |            62
           82 |    12 |            63
           82 |    13 |            38
           82 |    14 |            59
           82 |    15 |            41
           82 |    16 |            45
           82 |    17 |            57
           82 |    18 |            64
           82 |    19 |            56
----------------------------------
           83 |     1 |           389
           83 |     2 |           246
           83 |     3 |           154
           83 |     4 |           109
           83 |     5 |            81
           83 |     6 |            61
           83 |     7 |            64
           83 |     8 |            52
           83 |     9 |            43
           83 |    10 |            50
           83 |    11 |            39
           83 |    12 |            32
           83 |    13 |            34
           83 |    14 |            40
           83 |    15 |            38
           83 |    16 |            32
           83 |    17 |            42
           83 |    18 |            41
           83 |    19 |            30
----------------------------------
           84 |     1 |           445
           84 |     2 |           270
           84 |     3 |           182
           84 |     4 |           141
           84 |     5 |            98
           84 |     6 |            79
           84 |     7 |            47
           84 |     8 |            55
           84 |     9 |            31
           84 |    10 |            23
           84 |    11 |            38
           84 |    12 |            27
           84 |    13 |            22
           84 |    14 |            25
           84 |    15 |            36
           84 |    16 |            44
           84 |    17 |            40
           84 |    18 |            40
           84 |    19 |            37
----------------------------------
           85 |     1 |           342
           85 |     2 |           206
           85 |     3 |           141
           85 |     4 |           105
           85 |     5 |            81
           85 |     6 |            59
           85 |     7 |            63
           85 |     8 |            49
           85 |     9 |            58
           85 |    10 |            40
           85 |    11 |            25
           85 |    12 |            33
           85 |    13 |            31
           85 |    14 |            31
           85 |    15 |            24
           85 |    16 |            25
           85 |    17 |            48
           85 |    18 |            48
           85 |    19 |            36
----------------------------------
           86 |     1 |           360
           86 |     2 |           219
           86 |     3 |           144
           86 |     4 |           124
           86 |     5 |           107
           86 |     6 |            73
           86 |     7 |            64
           86 |     8 |            62
           86 |     9 |            47
           86 |    10 |            38
           86 |    11 |            33
           86 |    12 |            21
           86 |    13 |            23
           86 |    14 |            34
           86 |    15 |            32
           86 |    16 |            34
           86 |    17 |            51
           86 |    18 |            48
           86 |    19 |            34
----------------------------------
           87 |     1 |           318
           87 |     2 |           186
           87 |     3 |           126
           87 |     4 |            62
           87 |     5 |            63
           87 |     6 |            38
           87 |     7 |            27
           87 |     8 |            22
           87 |     9 |            22
           87 |    10 |            23
           87 |    11 |            25
           87 |    12 |            30
           87 |    13 |            16
           87 |    14 |            20
           87 |    15 |            21
           87 |    16 |            33
           87 |    17 |            34
           87 |    18 |            36
           87 |    19 |            29
----------------------------------
           88 |     1 |           290
           88 |     2 |           173
           88 |     3 |           123
           88 |     4 |           105
           88 |     5 |            59
           88 |     6 |            68
           88 |     7 |            57
           88 |     8 |            45
           88 |     9 |            31
           88 |    10 |            33
           88 |    11 |            31
           88 |    12 |            26
           88 |    13 |            30
           88 |    14 |            27
           88 |    15 |            22
           88 |    16 |            34
           88 |    17 |            27
           88 |    18 |            27
           88 |    19 |            24
----------------------------------
           89 |     1 |           245
           89 |     2 |           119
           89 |     3 |           106
           89 |     4 |            77
           89 |     5 |            55
           89 |     6 |            54
           89 |     7 |            32
           89 |     8 |            25
           89 |     9 |            18
           89 |    10 |            14
           89 |    11 |            20
           89 |    12 |            14
           89 |    13 |            12
           89 |    14 |            16
           89 |    15 |            16
           89 |    16 |            14
           89 |    17 |            15
           89 |    18 |            21
           89 |    19 |            17
----------------------------------
           90 |     1 |           378
           90 |     2 |           226
           90 |     3 |           192
           90 |     4 |            91
           90 |     5 |            96
           90 |     6 |            68
           90 |     7 |            44
           90 |     8 |            41
           90 |     9 |            43
           90 |    10 |            31
           90 |    11 |            39
           90 |    12 |            45
           90 |    13 |            27
           90 |    14 |            33
           90 |    15 |            30
           90 |    16 |            30
           90 |    17 |            44
           90 |    18 |            37
           90 |    19 |            35
----------------------------------
           91 |     1 |           372
           91 |     2 |           254
           91 |     3 |           147
           91 |     4 |           117
           91 |     5 |            87
           91 |     6 |            62
           91 |     7 |            48
           91 |     8 |            41
           91 |     9 |            20
           91 |    10 |            39
           91 |    11 |            36
           91 |    12 |            30
           91 |    13 |            30
           91 |    14 |            31
           91 |    15 |            26
           91 |    16 |            25
           91 |    17 |            30
           91 |    18 |            36
           91 |    19 |            25
----------------------------------
           92 |     1 |           526
           92 |     2 |           324
           92 |     3 |           254
           92 |     4 |           149
           92 |     5 |           129
           92 |     6 |            78
           92 |     7 |            69
           92 |     8 |            51
           92 |     9 |            38
           92 |    10 |            40
           92 |    11 |            35
           92 |    12 |            29
           92 |    13 |            36
           92 |    14 |            41
           92 |    15 |            36
           92 |    16 |            43
           92 |    17 |            52
           92 |    18 |            48
           92 |    19 |            46
----------------------------------
           93 |     1 |           299
           93 |     2 |           198
           93 |     3 |           133
           93 |     4 |            90
           93 |     5 |            58
           93 |     6 |            60
           93 |     7 |            44
           93 |     8 |            27
           93 |     9 |            27
           93 |    10 |            22
           93 |    11 |            23
           93 |    12 |            20
           93 |    13 |            19
           93 |    14 |            31
           93 |    15 |            28
           93 |    16 |            33
           93 |    17 |            37
           93 |    18 |            27
           93 |    19 |            33
----------------------------------
           94 |     1 |           358
           94 |     2 |           234
           94 |     3 |           184
           94 |     4 |           106
           94 |     5 |            91
           94 |     6 |            71
           94 |     7 |            64
           94 |     8 |            62
           94 |     9 |            41
           94 |    10 |            30
           94 |    11 |            27
           94 |    12 |            23
           94 |    13 |            20
           94 |    14 |            45
           94 |    15 |            33
           94 |    16 |            26
           94 |    17 |            33
           94 |    18 |            33
           94 |    19 |            23
----------------------------------
           95 |     1 |           265
           95 |     2 |           158
           95 |     3 |           104
           95 |     4 |           107
           95 |     5 |            65
           95 |     6 |            48
           95 |     7 |            33
           95 |     8 |            35
           95 |     9 |            25
           95 |    10 |            11
           95 |    11 |            19
           95 |    12 |            16
           95 |    13 |            22
           95 |    14 |            20
           95 |    15 |            26
           95 |    16 |            21
           95 |    17 |            25
           95 |    18 |            23
           95 |    19 |            22
----------------------------------
           96 |     1 |           211
           96 |     2 |           113
           96 |     3 |            88
           96 |     4 |            49
           96 |     5 |            43
           96 |     6 |            21
           96 |     7 |            22
           96 |     8 |            27
           96 |     9 |            26
           96 |    10 |            24
           96 |    11 |            19
           96 |    12 |            13
           96 |    13 |            20
           96 |    14 |            14
           96 |    15 |            14
           96 |    16 |            19
           96 |    17 |            13
           96 |    18 |            15
           96 |    19 |            17
----------------------------------
           97 |     1 |           136
           97 |     2 |            93
           97 |     3 |            43
           97 |     4 |            46
           97 |     5 |            31
           97 |     6 |            18
           97 |     7 |            13
           97 |     8 |            13
           97 |     9 |             5
           97 |    10 |             0
           97 |    11 |             5
           97 |    12 |             9
           97 |    13 |            12
           97 |    14 |             9
           97 |    15 |            11
           97 |    16 |            10
           97 |    17 |             6
           97 |    18 |            11
           97 |    19 |            14
----------------------------------
           98 |     1 |           212
           98 |     2 |           120
           98 |     3 |            86
           98 |     4 |            38
           98 |     5 |            36
           98 |     6 |            26
           98 |     7 |            11
           98 |     8 |            13
           98 |     9 |            13
           98 |    10 |            10
           98 |    11 |             6
           98 |    12 |             6
           98 |    13 |             9
           98 |    14 |            21
           98 |    15 |            15
           98 |    16 |            12
           98 |    17 |            21
           98 |    18 |            14
           98 |    19 |            17
----------------------------------
           99 |     1 |           189
           99 |     2 |            88
           99 |     3 |            78
           99 |     4 |            64
           99 |     5 |            59
           99 |     6 |            41
           99 |     7 |            33
           99 |     8 |            45
           99 |     9 |            30
           99 |    10 |            31
           99 |    11 |            20
           99 |    12 |             9
           99 |    13 |            18
           99 |    14 |             9
           99 |    15 |            15
           99 |    16 |            22
           99 |    17 |            11
           99 |    18 |            17
           99 |    19 |            13
----------------------------------
          100 |     1 |           341
          100 |     2 |           194
          100 |     3 |           163
          100 |     4 |           121
          100 |     5 |            58
          100 |     6 |            73
          100 |     7 |            64
          100 |     8 |            27
          100 |     9 |            25
          100 |    10 |            38
          100 |    11 |            46
          100 |    12 |            17
          100 |    13 |            19
          100 |    14 |            16
          100 |    15 |            17
          100 |    16 |            22
          100 |    17 |            24
          100 |    18 |            15
          100 |    19 |            20
----------------------------------
          101 |     1 |           151
          101 |     2 |            75
          101 |     3 |            58
          101 |     4 |            55
          101 |     5 |            38
          101 |     6 |            36
          101 |     7 |            22
          101 |     8 |            24
          101 |     9 |            13
          101 |    10 |            15
          101 |    11 |             8
          101 |    12 |            23
          101 |    13 |            17
          101 |    14 |            12
          101 |    15 |            13
          101 |    16 |            11
          101 |    17 |            10
          101 |    18 |            12
          101 |    19 |            13
----------------------------------
          102 |     1 |            65
          102 |     2 |            34
          102 |     3 |            14
          102 |     4 |            18
          102 |     5 |             6
          102 |     6 |            10
          102 |     7 |             2
          102 |     8 |             5
          102 |     9 |             5
          102 |    10 |             4
          102 |    11 |             3
          102 |    12 |             6
          102 |    13 |             6
          102 |    14 |             7
          102 |    15 |             4
          102 |    16 |             2
          102 |    17 |             2
          102 |    18 |             6
          102 |    19 |             5
----------------------------------
          103 |     1 |           118
          103 |     2 |            75
          103 |     3 |            66
          103 |     4 |            43
          103 |     5 |            18
          103 |     6 |            37
          103 |     7 |            31
          103 |     8 |            18
          103 |     9 |            16
          103 |    10 |            11
          103 |    11 |            14
          103 |    12 |            13
          103 |    13 |             5
          103 |    14 |             2
          103 |    15 |            12
          103 |    16 |            13
          103 |    17 |            10
          103 |    18 |             4
          103 |    19 |             9
----------------------------------
          104 |     1 |           107
          104 |     2 |            66
          104 |     3 |            43
          104 |     4 |            32
          104 |     5 |            21
          104 |     6 |            15
          104 |     7 |            17
          104 |     8 |            22
          104 |     9 |            13
          104 |    10 |            13
          104 |    11 |             8
          104 |    12 |            11
          104 |    13 |             4
          104 |    14 |             5
          104 |    15 |             3
          104 |    16 |             8
          104 |    17 |             9
          104 |    18 |            11
          104 |    19 |             8
----------------------------------
          105 |     1 |           194
          105 |     2 |            98
          105 |     3 |            70
          105 |     4 |            48
          105 |     5 |            46
          105 |     6 |            29
          105 |     7 |            27
          105 |     8 |            27
          105 |     9 |            18
          105 |    10 |            27
          105 |    11 |            19
          105 |    12 |            27
          105 |    13 |            16
          105 |    14 |            24
          105 |    15 |            20
          105 |    16 |             7
          105 |    17 |            12
          105 |    18 |            14
          105 |    19 |            12
----------------------------------
          106 |     1 |           205
          106 |     2 |           122
          106 |     3 |            94
          106 |     4 |            55
          106 |     5 |            39
          106 |     6 |            30
          106 |     7 |            29
          106 |     8 |            24
          106 |     9 |            15
          106 |    10 |            14
          106 |    11 |            19
          106 |    12 |            23
          106 |    13 |            12
          106 |    14 |             7
          106 |    15 |            10
          106 |    16 |             7
          106 |    17 |            10
          106 |    18 |            19
          106 |    19 |             8
----------------------------------
----------------------------------
          108 |     1 |            38
          108 |     2 |            21
          108 |     3 |             6
          108 |     4 |             5
          108 |     5 |            11
          108 |     6 |             5
          108 |     7 |             4
          108 |     8 |             5
          108 |     9 |             0
          108 |    10 |             0
          108 |    11 |             0
          108 |    12 |             3
          108 |    13 |             1
          108 |    14 |             2
          108 |    15 |             1
          108 |    16 |             0
          108 |    17 |             2
          108 |    18 |             1
          108 |    19 |             3
----------------------------------
          109 |     1 |           102
          109 |     2 |            57
          109 |     3 |            47
          109 |     4 |            47
          109 |     5 |            32
          109 |     6 |            22
          109 |     7 |            10
          109 |     8 |             7
          109 |     9 |            13
          109 |    10 |            13
          109 |    11 |            13
          109 |    12 |            14
          109 |    13 |             4
          109 |    14 |            14
          109 |    15 |            11
          109 |    16 |             6
          109 |    17 |             8
          109 |    18 |             6
          109 |    19 |            10
----------------------------------
          110 |     1 |            70
          110 |     2 |            36
          110 |     3 |            19
          110 |     4 |            24
          110 |     5 |            11
          110 |     6 |            10
          110 |     7 |             5
          110 |     8 |            14
          110 |     9 |             2
          110 |    10 |             8
          110 |    11 |             1
          110 |    12 |             0
          110 |    13 |             1
          110 |    14 |             3
          110 |    15 |             5
          110 |    16 |             3
          110 |    17 |             1
          110 |    18 |             3
          110 |    19 |             4
----------------------------------
----------------------------------
          112 |     1 |            68
          112 |     2 |            43
          112 |     3 |            31
          112 |     4 |             8
          112 |     5 |             7
          112 |     6 |             8
          112 |     7 |             2
          112 |     8 |             8
          112 |     9 |             0
          112 |    10 |             4
          112 |    11 |             7
          112 |    12 |             4
          112 |    13 |             5
          112 |    14 |             5
          112 |    15 |             4
          112 |    16 |             4
          112 |    17 |             3
          112 |    18 |             7
          112 |    19 |             6
----------------------------------
----------------------------------
          114 |     1 |            26
          114 |     2 |            11
          114 |     3 |            16
          114 |     4 |            10
          114 |     5 |             7
          114 |     6 |            10
          114 |     7 |             4
          114 |     8 |             5
          114 |     9 |             6
          114 |    10 |             3
          114 |    11 |             5
          114 |    12 |             3
          114 |    13 |             1
          114 |    14 |             1
          114 |    15 |             1
          114 |    16 |             2
          114 |    17 |             2
          114 |    18 |             1
          114 |    19 |             0
----------------------------------
          115 |     1 |            74
          115 |     2 |            34
          115 |     3 |            29
          115 |     4 |            22
          115 |     5 |             9
          115 |     6 |             9
          115 |     7 |             3
          115 |     8 |             2
          115 |     9 |             7
          115 |    10 |             4
          115 |    11 |             6
          115 |    12 |             8
          115 |    13 |             1
          115 |    14 |             3
          115 |    15 |             3
          115 |    16 |             4
          115 |    17 |             5
          115 |    18 |             5
          115 |    19 |             2
----------------------------------
          116 |     1 |            51
          116 |     2 |            44
          116 |     3 |            36
          116 |     4 |            22
          116 |     5 |            26
          116 |     6 |             6
          116 |     7 |            11
          116 |     8 |             2
          116 |     9 |             3
          116 |    10 |             2
          116 |    11 |             3
          116 |    12 |             3
          116 |    13 |             0
          116 |    14 |             3
          116 |    15 |             3
          116 |    16 |             5
          116 |    17 |             1
          116 |    18 |             6
          116 |    19 |             5
----------------------------------
          117 |     1 |            51
          117 |     2 |            28
          117 |     3 |            27
          117 |     4 |            18
          117 |     5 |            14
          117 |     6 |            24
          117 |     7 |            17
          117 |     8 |             5
          117 |     9 |             1
          117 |    10 |            10
          117 |    11 |             6
          117 |    12 |             6
          117 |    13 |             6
          117 |    14 |             2
          117 |    15 |             4
          117 |    16 |             4
          117 |    17 |             3
          117 |    18 |             4
          117 |    19 |             4
----------------------------------
          118 |     1 |            26
          118 |     2 |            19
          118 |     3 |            15
          118 |     4 |             1
          118 |     5 |            11
          118 |     6 |             9
          118 |     7 |             6
          118 |     8 |             4
          118 |     9 |             1
          118 |    10 |             3
          118 |    11 |             6
          118 |    12 |             3
          118 |    13 |             2
          118 |    14 |             4
          118 |    15 |             1
          118 |    16 |             3
          118 |    17 |             2
          118 |    18 |             0
          118 |    19 |             2
----------------------------------
          119 |     1 |            42
          119 |     2 |             7
          119 |     3 |            12
          119 |     4 |             8
          119 |     5 |             6
          119 |     6 |             7
          119 |     7 |             3
          119 |     8 |             3
          119 |     9 |             7
          119 |    10 |             1
          119 |    11 |             2
          119 |    12 |             1
          119 |    13 |             0
          119 |    14 |             4
          119 |    15 |             2
          119 |    16 |             6
          119 |    17 |             3
          119 |    18 |             3
          119 |    19 |             2
----------------------------------
----------------------------------
          121 |     1 |            32
          121 |     2 |            19
          121 |     3 |             9
          121 |     4 |            11
          121 |     5 |            11
          121 |     6 |            10
          121 |     7 |             7
          121 |     8 |             6
          121 |     9 |             0
          121 |    10 |             5
          121 |    11 |             0
          121 |    12 |             0
          121 |    13 |             1
          121 |    14 |             1
          121 |    15 |             0
          121 |    16 |             1
          121 |    17 |             3
          121 |    18 |             3
          121 |    19 |             2
----------------------------------
          122 |     1 |            34
          122 |     2 |            21
          122 |     3 |            11
          122 |     4 |            12
          122 |     5 |             7
          122 |     6 |             7
          122 |     7 |             5
          122 |     8 |             6
          122 |     9 |             5
          122 |    10 |             3
          122 |    11 |             2
          122 |    12 |             3
          122 |    13 |             0
          122 |    14 |             0
          122 |    15 |             1
          122 |    16 |             3
          122 |    17 |             0
          122 |    18 |             2
          122 |    19 |             0
----------------------------------
----------------------------------
----------------------------------
----------------------------------
----------------------------------
----------------------------------
----------------------------------
          129 |     1 |            26
          129 |     2 |            17
          129 |     3 |             8
          129 |     4 |            14
          129 |     5 |             8
          129 |     6 |            10
          129 |     7 |             4
          129 |     8 |             9
          129 |     9 |             7
          129 |    10 |             9
          129 |    11 |             0
          129 |    12 |             6
          129 |    13 |             4
          129 |    14 |             1
          129 |    15 |             0
          129 |    16 |             1
          129 |    17 |             3
          129 |    18 |             2
          129 |    19 |             0
----------------------------------
----------------------------------
----------------------------------
----------------------------------
----------------------------------
----------------------------------
----------------------------------
----------------------------------
----------------------------------
----------------------------------
----------------------------------
----------------------------------
----------------------------------
----------------------------------
----------------------------------
----------------------------------
----------------------------------
----------------------------------
----------------------------------
----------------------------------
----------------------------------
----------------------------------
----------------------------------
----------------------------------
----------------------------------
----------------------------------
----------------------------------
----------------------------------
----------------------------------
----------------------------------
----------------------------------
----------------------------------
----------------------------------
----------------------------------
----------------------------------
----------------------------------
----------------------------------
----------------------------------
----------------------------------
----------------------------------
----------------------------------
----------------------------------
----------------------------------
----------------------------------
----------------------------------
----------------------------------
----------------------------------
----------------------------------
----------------------------------
----------------------------------
----------------------------------
----------------------------------
----------------------------------
----------------------------------
----------------------------------
----------------------------------
----------------------------------
----------------------------------
----------------------------------
----------------------------------
----------------------------------
----------------------------------
