MinCut number | RSize | Number of cuts
----------------------------------
----------------------------------
----------------------------------
----------------------------------
----------------------------------
----------------------------------
----------------------------------
----------------------------------
----------------------------------
----------------------------------
----------------------------------
----------------------------------
----------------------------------
----------------------------------
----------------------------------
----------------------------------
----------------------------------
----------------------------------
----------------------------------
           38 |     1 |             7
           38 |     2 |             1
           38 |     3 |             1
           38 |     4 |             3
           38 |     5 |             3
           38 |     6 |             1
           38 |     7 |             1
           38 |     8 |             0
           38 |     9 |             1
           38 |    10 |             2
           38 |    11 |             3
           38 |    12 |             1
           38 |    13 |             1
           38 |    14 |             0
           38 |    15 |             0
           38 |    16 |             0
           38 |    17 |             0
           38 |    18 |             0
           38 |    19 |             0
----------------------------------
           39 |     1 |            21
           39 |     2 |            10
           39 |     3 |            10
           39 |     4 |             4
           39 |     5 |             1
           39 |     6 |             1
           39 |     7 |             1
           39 |     8 |             0
           39 |     9 |             0
           39 |    10 |             2
           39 |    11 |             2
           39 |    12 |             1
           39 |    13 |             5
           39 |    14 |             2
           39 |    15 |             6
           39 |    16 |             3
           39 |    17 |             3
           39 |    18 |             3
           39 |    19 |             0
----------------------------------
----------------------------------
----------------------------------
           42 |     1 |            15
           42 |     2 |            12
           42 |     3 |             9
           42 |     4 |             7
           42 |     5 |             6
           42 |     6 |             4
           42 |     7 |             4
           42 |     8 |             4
           42 |     9 |             2
           42 |    10 |             3
           42 |    11 |             0
           42 |    12 |             0
           42 |    13 |             3
           42 |    14 |             4
           42 |    15 |             3
           42 |    16 |             4
           42 |    17 |             6
           42 |    18 |             2
           42 |    19 |             0
----------------------------------
           43 |     1 |            23
           43 |     2 |            11
           43 |     3 |            11
           43 |     4 |             6
           43 |     5 |             5
           43 |     6 |             3
           43 |     7 |             5
           43 |     8 |             3
           43 |     9 |             4
           43 |    10 |             0
           43 |    11 |             3
           43 |    12 |             1
           43 |    13 |             3
           43 |    14 |             2
           43 |    15 |             0
           43 |    16 |             3
           43 |    17 |             2
           43 |    18 |             5
           43 |    19 |             0
----------------------------------
----------------------------------
           45 |     1 |            21
           45 |     2 |            11
           45 |     3 |             6
           45 |     4 |            10
           45 |     5 |             5
           45 |     6 |             4
           45 |     7 |             5
           45 |     8 |             4
           45 |     9 |             3
           45 |    10 |             2
           45 |    11 |             2
           45 |    12 |             2
           45 |    13 |             6
           45 |    14 |             4
           45 |    15 |             3
           45 |    16 |             5
           45 |    17 |             6
           45 |    18 |             2
           45 |    19 |             0
----------------------------------
           46 |     1 |            15
           46 |     2 |            14
           46 |     3 |             6
           46 |     4 |             3
           46 |     5 |             5
           46 |     6 |             6
           46 |     7 |             2
           46 |     8 |             2
           46 |     9 |             1
           46 |    10 |             1
           46 |    11 |             2
           46 |    12 |             4
           46 |    13 |             4
           46 |    14 |             0
           46 |    15 |             1
           46 |    16 |             0
           46 |    17 |             1
           46 |    18 |             2
           46 |    19 |             0
----------------------------------
           47 |     1 |            29
           47 |     2 |            17
           47 |     3 |             9
           47 |     4 |             6
           47 |     5 |             9
           47 |     6 |             7
           47 |     7 |            10
           47 |     8 |             8
           47 |     9 |             8
           47 |    10 |             2
           47 |    11 |             2
           47 |    12 |             6
           47 |    13 |             5
           47 |    14 |             9
           47 |    15 |             8
           47 |    16 |             5
           47 |    17 |             4
           47 |    18 |             2
           47 |    19 |             0
----------------------------------
           48 |     1 |            33
           48 |     2 |            18
           48 |     3 |            13
           48 |     4 |             4
           48 |     5 |             4
           48 |     6 |             3
           48 |     7 |             3
           48 |     8 |             3
           48 |     9 |             4
           48 |    10 |             3
           48 |    11 |             5
           48 |    12 |             5
           48 |    13 |             3
           48 |    14 |             3
           48 |    15 |            11
           48 |    16 |             9
           48 |    17 |            11
           48 |    18 |             6
           48 |    19 |             0
----------------------------------
           49 |     1 |            61
           49 |     2 |            41
           49 |     3 |            41
           49 |     4 |            25
           49 |     5 |            29
           49 |     6 |            22
           49 |     7 |            13
           49 |     8 |             9
           49 |     9 |             6
           49 |    10 |             9
           49 |    11 |            11
           49 |    12 |            14
           49 |    13 |            10
           49 |    14 |             8
           49 |    15 |             9
           49 |    16 |            10
           49 |    17 |            16
           49 |    18 |             9
           49 |    19 |             0
----------------------------------
           50 |     1 |            58
           50 |     2 |            36
           50 |     3 |            24
           50 |     4 |            14
           50 |     5 |            11
           50 |     6 |            11
           50 |     7 |             8
           50 |     8 |             8
           50 |     9 |            12
           50 |    10 |            12
           50 |    11 |             9
           50 |    12 |             7
           50 |    13 |             9
           50 |    14 |             7
           50 |    15 |             6
           50 |    16 |            10
           50 |    17 |            11
           50 |    18 |            10
           50 |    19 |             0
----------------------------------
           51 |     1 |            39
           51 |     2 |            30
           51 |     3 |            29
           51 |     4 |            24
           51 |     5 |            18
           51 |     6 |            17
           51 |     7 |            14
           51 |     8 |            13
           51 |     9 |             8
           51 |    10 |             6
           51 |    11 |             7
           51 |    12 |             7
           51 |    13 |             7
           51 |    14 |             8
           51 |    15 |             5
           51 |    16 |            11
           51 |    17 |            16
           51 |    18 |            12
           51 |    19 |             0
----------------------------------
           52 |     1 |            63
           52 |     2 |            46
           52 |     3 |            41
           52 |     4 |            29
           52 |     5 |            23
           52 |     6 |            20
           52 |     7 |            11
           52 |     8 |            16
           52 |     9 |            12
           52 |    10 |            15
           52 |    11 |             9
           52 |    12 |            11
           52 |    13 |            11
           52 |    14 |             9
           52 |    15 |            12
           52 |    16 |            16
           52 |    17 |            13
           52 |    18 |            12
           52 |    19 |             0
----------------------------------
           53 |     1 |           109
           53 |     2 |            78
           53 |     3 |            60
           53 |     4 |            33
           53 |     5 |            27
           53 |     6 |            24
           53 |     7 |            25
           53 |     8 |            22
           53 |     9 |            18
           53 |    10 |            20
           53 |    11 |            12
           53 |    12 |            15
           53 |    13 |            14
           53 |    14 |            23
           53 |    15 |            18
           53 |    16 |            23
           53 |    17 |            36
           53 |    18 |            22
           53 |    19 |             0
----------------------------------
           54 |     1 |           105
           54 |     2 |            78
           54 |     3 |            58
           54 |     4 |            51
           54 |     5 |            28
           54 |     6 |            29
           54 |     7 |            22
           54 |     8 |            24
           54 |     9 |            20
           54 |    10 |            23
           54 |    11 |            21
           54 |    12 |            19
           54 |    13 |            27
           54 |    14 |            19
           54 |    15 |            20
           54 |    16 |            19
           54 |    17 |            24
           54 |    18 |            12
           54 |    19 |             0
----------------------------------
           55 |     1 |           116
           55 |     2 |            76
           55 |     3 |            69
           55 |     4 |            52
           55 |     5 |            44
           55 |     6 |            35
           55 |     7 |            28
           55 |     8 |            30
           55 |     9 |            19
           55 |    10 |            20
           55 |    11 |            25
           55 |    12 |            26
           55 |    13 |            28
           55 |    14 |            24
           55 |    15 |            17
           55 |    16 |            27
           55 |    17 |            28
           55 |    18 |            27
           55 |    19 |             0
----------------------------------
           56 |     1 |            89
           56 |     2 |            66
           56 |     3 |            54
           56 |     4 |            43
           56 |     5 |            37
           56 |     6 |            27
           56 |     7 |            23
           56 |     8 |            19
           56 |     9 |            21
           56 |    10 |            26
           56 |    11 |            24
           56 |    12 |            21
           56 |    13 |            27
           56 |    14 |            22
           56 |    15 |            20
           56 |    16 |            23
           56 |    17 |            21
           56 |    18 |            16
           56 |    19 |             0
----------------------------------
           57 |     1 |           104
           57 |     2 |            78
           57 |     3 |            58
           57 |     4 |            39
           57 |     5 |            49
           57 |     6 |            40
           57 |     7 |            30
           57 |     8 |            27
           57 |     9 |            23
           57 |    10 |            30
           57 |    11 |            33
           57 |    12 |            35
           57 |    13 |            22
           57 |    14 |            20
           57 |    15 |            25
           57 |    16 |            25
           57 |    17 |            32
           57 |    18 |            26
           57 |    19 |             0
----------------------------------
           58 |     1 |           155
           58 |     2 |           112
           58 |     3 |            78
           58 |     4 |            80
           58 |     5 |            56
           58 |     6 |            54
           58 |     7 |            49
           58 |     8 |            54
           58 |     9 |            41
           58 |    10 |            38
           58 |    11 |            35
           58 |    12 |            39
           58 |    13 |            48
           58 |    14 |            42
           58 |    15 |            40
           58 |    16 |            45
           58 |    17 |            41
           58 |    18 |            45
           58 |    19 |             0
----------------------------------
           59 |     1 |           183
           59 |     2 |           126
           59 |     3 |           103
           59 |     4 |            77
           59 |     5 |            56
           59 |     6 |            47
           59 |     7 |            53
           59 |     8 |            47
           59 |     9 |            32
           59 |    10 |            38
           59 |    11 |            40
           59 |    12 |            40
           59 |    13 |            35
           59 |    14 |            51
           59 |    15 |            50
           59 |    16 |            43
           59 |    17 |            48
           59 |    18 |            29
           59 |    19 |             0
----------------------------------
           60 |     1 |            93
           60 |     2 |            55
           60 |     3 |            48
           60 |     4 |            32
           60 |     5 |            29
           60 |     6 |            21
           60 |     7 |            28
           60 |     8 |            29
           60 |     9 |            18
           60 |    10 |            20
           60 |    11 |            28
           60 |    12 |            32
           60 |    13 |            29
           60 |    14 |            39
           60 |    15 |            44
           60 |    16 |            45
           60 |    17 |            41
           60 |    18 |            21
           60 |    19 |             0
----------------------------------
           61 |     1 |           201
           61 |     2 |           151
           61 |     3 |           131
           61 |     4 |           114
           61 |     5 |            89
           61 |     6 |            81
           61 |     7 |            76
           61 |     8 |            57
           61 |     9 |            62
           61 |    10 |            71
           61 |    11 |            59
           61 |    12 |            63
           61 |    13 |            69
           61 |    14 |            63
           61 |    15 |            70
           61 |    16 |            70
           61 |    17 |            69
           61 |    18 |            42
           61 |    19 |             0
----------------------------------
           62 |     1 |           160
           62 |     2 |           113
           62 |     3 |            95
           62 |     4 |            79
           62 |     5 |            69
           62 |     6 |            66
           62 |     7 |            47
           62 |     8 |            38
           62 |     9 |            40
           62 |    10 |            57
           62 |    11 |            55
           62 |    12 |            54
           62 |    13 |            45
           62 |    14 |            41
           62 |    15 |            64
           62 |    16 |            51
           62 |    17 |            64
           62 |    18 |            33
           62 |    19 |             0
----------------------------------
           63 |     1 |           211
           63 |     2 |           156
           63 |     3 |           133
           63 |     4 |           100
           63 |     5 |            83
           63 |     6 |            86
           63 |     7 |            75
           63 |     8 |            66
           63 |     9 |            66
           63 |    10 |            64
           63 |    11 |            73
           63 |    12 |            82
           63 |    13 |            75
           63 |    14 |            73
           63 |    15 |            83
           63 |    16 |            76
           63 |    17 |            65
           63 |    18 |            44
           63 |    19 |             0
----------------------------------
           64 |     1 |           143
           64 |     2 |           103
           64 |     3 |            92
           64 |     4 |            79
           64 |     5 |            63
           64 |     6 |            67
           64 |     7 |            49
           64 |     8 |            35
           64 |     9 |            30
           64 |    10 |            47
           64 |    11 |            46
           64 |    12 |            47
           64 |    13 |            43
           64 |    14 |            45
           64 |    15 |            52
           64 |    16 |            50
           64 |    17 |            52
           64 |    18 |            38
           64 |    19 |             0
----------------------------------
           65 |     1 |           207
           65 |     2 |           150
           65 |     3 |           129
           65 |     4 |            91
           65 |     5 |            83
           65 |     6 |            85
           65 |     7 |            75
           65 |     8 |            77
           65 |     9 |            66
           65 |    10 |            58
           65 |    11 |            77
           65 |    12 |            82
           65 |    13 |            79
           65 |    14 |            93
           65 |    15 |            79
           65 |    16 |            69
           65 |    17 |            61
           65 |    18 |            52
           65 |    19 |             0
----------------------------------
           66 |     1 |           163
           66 |     2 |           150
           66 |     3 |           136
           66 |     4 |           114
           66 |     5 |            96
           66 |     6 |            95
           66 |     7 |            88
           66 |     8 |            87
           66 |     9 |            75
           66 |    10 |            68
           66 |    11 |            63
           66 |    12 |            77
           66 |    13 |            70
           66 |    14 |            68
           66 |    15 |            70
           66 |    16 |            70
           66 |    17 |            70
           66 |    18 |            40
           66 |    19 |             0
----------------------------------
           67 |     1 |           221
           67 |     2 |           169
           67 |     3 |           150
           67 |     4 |           107
           67 |     5 |            86
           67 |     6 |            72
           67 |     7 |            78
           67 |     8 |            68
           67 |     9 |            78
           67 |    10 |            76
           67 |    11 |            76
           67 |    12 |            88
           67 |    13 |            77
           67 |    14 |            79
           67 |    15 |            75
           67 |    16 |            83
           67 |    17 |            81
           67 |    18 |            43
           67 |    19 |             0
----------------------------------
           68 |     1 |           223
           68 |     2 |           167
           68 |     3 |           159
           68 |     4 |           148
           68 |     5 |           109
           68 |     6 |            94
           68 |     7 |            77
           68 |     8 |            78
           68 |     9 |            75
           68 |    10 |            73
           68 |    11 |            66
           68 |    12 |            75
           68 |    13 |            89
           68 |    14 |            90
           68 |    15 |            76
           68 |    16 |            86
           68 |    17 |            71
           68 |    18 |            58
           68 |    19 |             0
----------------------------------
           69 |     1 |           194
           69 |     2 |           141
           69 |     3 |           129
           69 |     4 |           101
           69 |     5 |           101
           69 |     6 |            87
           69 |     7 |            79
           69 |     8 |            68
           69 |     9 |            66
           69 |    10 |            80
           69 |    11 |            74
           69 |    12 |            72
           69 |    13 |            79
           69 |    14 |            85
           69 |    15 |            86
           69 |    16 |            81
           69 |    17 |            74
           69 |    18 |            54
           69 |    19 |             0
----------------------------------
           70 |     1 |           194
           70 |     2 |           143
           70 |     3 |           117
           70 |     4 |           108
           70 |     5 |            89
           70 |     6 |            82
           70 |     7 |            91
           70 |     8 |            68
           70 |     9 |            77
           70 |    10 |            66
           70 |    11 |            80
           70 |    12 |            88
           70 |    13 |            75
           70 |    14 |            70
           70 |    15 |            78
           70 |    16 |            82
           70 |    17 |            70
           70 |    18 |            51
           70 |    19 |             0
----------------------------------
           71 |     1 |           196
           71 |     2 |           173
           71 |     3 |           137
           71 |     4 |           121
           71 |     5 |           108
           71 |     6 |            99
           71 |     7 |            88
           71 |     8 |            86
           71 |     9 |           104
           71 |    10 |           102
           71 |    11 |           102
           71 |    12 |            99
           71 |    13 |            92
           71 |    14 |            94
           71 |    15 |            78
           71 |    16 |            73
           71 |    17 |            60
           71 |    18 |            43
           71 |    19 |             0
----------------------------------
           72 |     1 |           227
           72 |     2 |           162
           72 |     3 |           139
           72 |     4 |            95
           72 |     5 |            95
           72 |     6 |            77
           72 |     7 |            89
           72 |     8 |            80
           72 |     9 |            80
           72 |    10 |            84
           72 |    11 |            80
           72 |    12 |            90
           72 |    13 |            81
           72 |    14 |            98
           72 |    15 |            93
           72 |    16 |            89
           72 |    17 |            85
           72 |    18 |            48
           72 |    19 |             0
----------------------------------
           73 |     1 |           263
           73 |     2 |           228
           73 |     3 |           197
           73 |     4 |           152
           73 |     5 |           142
           73 |     6 |           115
           73 |     7 |           114
           73 |     8 |           104
           73 |     9 |           116
           73 |    10 |           101
           73 |    11 |           100
           73 |    12 |           112
           73 |    13 |           108
           73 |    14 |           118
           73 |    15 |           117
           73 |    16 |           112
           73 |    17 |            92
           73 |    18 |            74
           73 |    19 |             0
----------------------------------
           74 |     1 |           148
           74 |     2 |           126
           74 |     3 |           106
           74 |     4 |            85
           74 |     5 |            76
           74 |     6 |            73
           74 |     7 |            96
           74 |     8 |            78
           74 |     9 |            78
           74 |    10 |            83
           74 |    11 |            85
           74 |    12 |            84
           74 |    13 |            81
           74 |    14 |            84
           74 |    15 |            70
           74 |    16 |            75
           74 |    17 |            61
           74 |    18 |            46
           74 |    19 |             0
----------------------------------
           75 |     1 |           154
           75 |     2 |           118
           75 |     3 |           111
           75 |     4 |            95
           75 |     5 |            74
           75 |     6 |            95
           75 |     7 |            77
           75 |     8 |            75
           75 |     9 |            59
           75 |    10 |            81
           75 |    11 |            85
           75 |    12 |            83
           75 |    13 |            80
           75 |    14 |            76
           75 |    15 |            71
           75 |    16 |            68
           75 |    17 |            75
           75 |    18 |            55
           75 |    19 |             0
----------------------------------
           76 |     1 |           153
           76 |     2 |           119
           76 |     3 |           123
           76 |     4 |            98
           76 |     5 |            85
           76 |     6 |            78
           76 |     7 |            74
           76 |     8 |            72
           76 |     9 |            78
           76 |    10 |            76
           76 |    11 |            74
           76 |    12 |            82
           76 |    13 |            88
           76 |    14 |            81
           76 |    15 |            80
           76 |    16 |            74
           76 |    17 |            65
           76 |    18 |            43
           76 |    19 |             0
----------------------------------
           77 |     1 |           189
           77 |     2 |           143
           77 |     3 |           123
           77 |     4 |           110
           77 |     5 |           112
           77 |     6 |            93
           77 |     7 |            83
           77 |     8 |            72
           77 |     9 |            86
           77 |    10 |            94
           77 |    11 |            81
           77 |    12 |            82
           77 |    13 |            83
           77 |    14 |            88
           77 |    15 |           104
           77 |    16 |            97
           77 |    17 |            76
           77 |    18 |            52
           77 |    19 |             0
----------------------------------
           78 |     1 |           247
           78 |     2 |           203
           78 |     3 |           158
           78 |     4 |           164
           78 |     5 |           144
           78 |     6 |           124
           78 |     7 |           114
           78 |     8 |            92
           78 |     9 |           122
           78 |    10 |           102
           78 |    11 |           107
           78 |    12 |           105
           78 |    13 |           114
           78 |    14 |           109
           78 |    15 |           119
           78 |    16 |           117
           78 |    17 |           103
           78 |    18 |            72
           78 |    19 |             0
----------------------------------
           79 |     1 |           182
           79 |     2 |           159
           79 |     3 |           127
           79 |     4 |           107
           79 |     5 |           105
           79 |     6 |           113
           79 |     7 |           104
           79 |     8 |            93
           79 |     9 |           103
           79 |    10 |           114
           79 |    11 |            99
           79 |    12 |            83
           79 |    13 |            79
           79 |    14 |            91
           79 |    15 |            78
           79 |    16 |            74
           79 |    17 |            68
           79 |    18 |            40
           79 |    19 |             0
----------------------------------
           80 |     1 |           204
           80 |     2 |           156
           80 |     3 |           141
           80 |     4 |           120
           80 |     5 |           121
           80 |     6 |           110
           80 |     7 |           116
           80 |     8 |           108
           80 |     9 |           119
           80 |    10 |           120
           80 |    11 |           107
           80 |    12 |           113
           80 |    13 |           120
           80 |    14 |           132
           80 |    15 |           124
           80 |    16 |            93
           80 |    17 |            77
           80 |    18 |            49
           80 |    19 |             0
----------------------------------
           81 |     1 |           142
           81 |     2 |           124
           81 |     3 |           111
           81 |     4 |            86
           81 |     5 |            95
           81 |     6 |            73
           81 |     7 |            92
           81 |     8 |            84
           81 |     9 |            84
           81 |    10 |            94
           81 |    11 |           100
           81 |    12 |           102
           81 |    13 |           106
           81 |    14 |            95
           81 |    15 |            93
           81 |    16 |            76
           81 |    17 |            63
           81 |    18 |            37
           81 |    19 |             0
----------------------------------
           82 |     1 |           106
           82 |     2 |            97
           82 |     3 |            98
           82 |     4 |            85
           82 |     5 |            84
           82 |     6 |            76
           82 |     7 |            64
           82 |     8 |            54
           82 |     9 |            62
           82 |    10 |            49
           82 |    11 |            49
           82 |    12 |            49
           82 |    13 |            58
           82 |    14 |            60
           82 |    15 |            62
           82 |    16 |            49
           82 |    17 |            43
           82 |    18 |            39
           82 |    19 |             0
----------------------------------
           83 |     1 |           153
           83 |     2 |           114
           83 |     3 |            99
           83 |     4 |            82
           83 |     5 |            91
           83 |     6 |            88
           83 |     7 |            94
           83 |     8 |            88
           83 |     9 |            91
           83 |    10 |            96
           83 |    11 |            83
           83 |    12 |            89
           83 |    13 |            89
           83 |    14 |            76
           83 |    15 |            84
           83 |    16 |            93
           83 |    17 |            63
           83 |    18 |            38
           83 |    19 |             0
----------------------------------
           84 |     1 |            99
           84 |     2 |           116
           84 |     3 |            81
           84 |     4 |            84
           84 |     5 |            78
           84 |     6 |            70
           84 |     7 |            72
           84 |     8 |            84
           84 |     9 |            87
           84 |    10 |            70
           84 |    11 |            68
           84 |    12 |            53
           84 |    13 |            49
           84 |    14 |            52
           84 |    15 |            54
           84 |    16 |            45
           84 |    17 |            42
           84 |    18 |            14
           84 |    19 |             0
----------------------------------
           85 |     1 |            76
           85 |     2 |            69
           85 |     3 |            55
           85 |     4 |            57
           85 |     5 |            71
           85 |     6 |            49
           85 |     7 |            41
           85 |     8 |            47
           85 |     9 |            55
           85 |    10 |            61
           85 |    11 |            62
           85 |    12 |            40
           85 |    13 |            57
           85 |    14 |            49
           85 |    15 |            41
           85 |    16 |            30
           85 |    17 |            28
           85 |    18 |            22
           85 |    19 |             0
----------------------------------
           86 |     1 |           101
           86 |     2 |            79
           86 |     3 |            77
           86 |     4 |            72
           86 |     5 |            75
           86 |     6 |            68
           86 |     7 |            79
           86 |     8 |            62
           86 |     9 |            61
           86 |    10 |            82
           86 |    11 |            86
           86 |    12 |            71
           86 |    13 |            76
           86 |    14 |            67
           86 |    15 |            54
           86 |    16 |            55
           86 |    17 |            51
           86 |    18 |            34
           86 |    19 |             0
----------------------------------
           87 |     1 |            82
           87 |     2 |            77
           87 |     3 |            63
           87 |     4 |            59
           87 |     5 |            64
           87 |     6 |            55
           87 |     7 |            45
           87 |     8 |            43
           87 |     9 |            67
           87 |    10 |            54
           87 |    11 |            59
           87 |    12 |            57
           87 |    13 |            50
           87 |    14 |            39
           87 |    15 |            37
           87 |    16 |            35
           87 |    17 |            30
           87 |    18 |            20
           87 |    19 |             0
----------------------------------
           88 |     1 |           132
           88 |     2 |           120
           88 |     3 |           117
           88 |     4 |            95
           88 |     5 |            83
           88 |     6 |            81
           88 |     7 |            73
           88 |     8 |            77
           88 |     9 |            92
           88 |    10 |           112
           88 |    11 |           103
           88 |    12 |            89
           88 |    13 |            86
           88 |    14 |            94
           88 |    15 |            86
           88 |    16 |            75
           88 |    17 |            60
           88 |    18 |            41
           88 |    19 |             0
----------------------------------
           89 |     1 |           112
           89 |     2 |            87
           89 |     3 |            73
           89 |     4 |            76
           89 |     5 |            68
           89 |     6 |            83
           89 |     7 |            78
           89 |     8 |            77
           89 |     9 |            72
           89 |    10 |            81
           89 |    11 |            69
           89 |    12 |            72
           89 |    13 |            77
           89 |    14 |           100
           89 |    15 |            86
           89 |    16 |            78
           89 |    17 |            64
           89 |    18 |            38
           89 |    19 |             0
----------------------------------
           90 |     1 |            52
           90 |     2 |            37
           90 |     3 |            45
           90 |     4 |            36
           90 |     5 |            31
           90 |     6 |            32
           90 |     7 |            30
           90 |     8 |            36
           90 |     9 |            37
           90 |    10 |            38
           90 |    11 |            43
           90 |    12 |            36
           90 |    13 |            39
           90 |    14 |            42
           90 |    15 |            39
           90 |    16 |            38
           90 |    17 |            26
           90 |    18 |            19
           90 |    19 |             0
----------------------------------
           91 |     1 |           100
           91 |     2 |            77
           91 |     3 |            58
           91 |     4 |            52
           91 |     5 |            53
           91 |     6 |            68
           91 |     7 |            66
           91 |     8 |            74
           91 |     9 |            73
           91 |    10 |            70
           91 |    11 |            74
           91 |    12 |            85
           91 |    13 |            75
           91 |    14 |            73
           91 |    15 |            70
           91 |    16 |            64
           91 |    17 |            55
           91 |    18 |            43
           91 |    19 |             0
----------------------------------
           92 |     1 |            66
           92 |     2 |            59
           92 |     3 |            51
           92 |     4 |            50
           92 |     5 |            54
           92 |     6 |            50
           92 |     7 |            46
           92 |     8 |            52
           92 |     9 |            40
           92 |    10 |            49
           92 |    11 |            48
           92 |    12 |            57
           92 |    13 |            49
           92 |    14 |            43
           92 |    15 |            49
           92 |    16 |            37
           92 |    17 |            30
           92 |    18 |            22
           92 |    19 |             0
----------------------------------
           93 |     1 |            42
           93 |     2 |            47
           93 |     3 |            27
           93 |     4 |            29
           93 |     5 |            29
           93 |     6 |            31
           93 |     7 |            39
           93 |     8 |            42
           93 |     9 |            32
           93 |    10 |            37
           93 |    11 |            34
           93 |    12 |            42
           93 |    13 |            38
           93 |    14 |            34
           93 |    15 |            34
           93 |    16 |            27
           93 |    17 |            19
           93 |    18 |            13
           93 |    19 |             0
----------------------------------
           94 |     1 |            40
           94 |     2 |            37
           94 |     3 |            33
           94 |     4 |            38
           94 |     5 |            27
           94 |     6 |            29
           94 |     7 |            32
           94 |     8 |            29
           94 |     9 |            39
           94 |    10 |            28
           94 |    11 |            30
           94 |    12 |            28
           94 |    13 |            30
           94 |    14 |            22
           94 |    15 |            27
           94 |    16 |            20
           94 |    17 |            24
           94 |    18 |            10
           94 |    19 |             0
----------------------------------
           95 |     1 |            51
           95 |     2 |            34
           95 |     3 |            31
           95 |     4 |            43
           95 |     5 |            42
           95 |     6 |            36
           95 |     7 |            30
           95 |     8 |            35
           95 |     9 |            33
           95 |    10 |            37
           95 |    11 |            31
           95 |    12 |            30
           95 |    13 |            42
           95 |    14 |            34
           95 |    15 |            40
           95 |    16 |            31
           95 |    17 |            19
           95 |    18 |            14
           95 |    19 |             0
----------------------------------
           96 |     1 |            21
           96 |     2 |            16
           96 |     3 |            19
           96 |     4 |            16
           96 |     5 |            19
           96 |     6 |            14
           96 |     7 |            26
           96 |     8 |            32
           96 |     9 |            31
           96 |    10 |            26
           96 |    11 |            25
           96 |    12 |            25
           96 |    13 |            19
           96 |    14 |            19
           96 |    15 |            16
           96 |    16 |            10
           96 |    17 |            11
           96 |    18 |            11
           96 |    19 |             0
----------------------------------
           97 |     1 |            19
           97 |     2 |            26
           97 |     3 |            24
           97 |     4 |            21
           97 |     5 |            27
           97 |     6 |            19
           97 |     7 |            27
           97 |     8 |            19
           97 |     9 |            21
           97 |    10 |            15
           97 |    11 |            15
           97 |    12 |            16
           97 |    13 |            22
           97 |    14 |            20
           97 |    15 |            21
           97 |    16 |            18
           97 |    17 |            17
           97 |    18 |             6
           97 |    19 |             0
----------------------------------
           98 |     1 |            36
           98 |     2 |            31
           98 |     3 |            26
           98 |     4 |            25
           98 |     5 |            23
           98 |     6 |            22
           98 |     7 |            29
           98 |     8 |            33
           98 |     9 |            33
           98 |    10 |            28
           98 |    11 |            31
           98 |    12 |            34
           98 |    13 |            27
           98 |    14 |            27
           98 |    15 |            19
           98 |    16 |            14
           98 |    17 |             8
           98 |    18 |             7
           98 |    19 |             0
----------------------------------
           99 |     1 |            27
           99 |     2 |            30
           99 |     3 |            37
           99 |     4 |            31
           99 |     5 |            37
           99 |     6 |            31
           99 |     7 |            29
           99 |     8 |            31
           99 |     9 |            37
           99 |    10 |            37
           99 |    11 |            37
           99 |    12 |            29
           99 |    13 |            25
           99 |    14 |            35
           99 |    15 |            38
           99 |    16 |            26
           99 |    17 |            22
           99 |    18 |            11
           99 |    19 |             0
----------------------------------
          100 |     1 |            21
          100 |     2 |             8
          100 |     3 |            12
          100 |     4 |            21
          100 |     5 |            17
          100 |     6 |             9
          100 |     7 |            11
          100 |     8 |            17
          100 |     9 |            14
          100 |    10 |            13
          100 |    11 |            12
          100 |    12 |            18
          100 |    13 |            16
          100 |    14 |            25
          100 |    15 |            23
          100 |    16 |            19
          100 |    17 |            14
          100 |    18 |             6
          100 |    19 |             0
----------------------------------
          101 |     1 |            18
          101 |     2 |            15
          101 |     3 |            19
          101 |     4 |            22
          101 |     5 |            26
          101 |     6 |            18
          101 |     7 |            15
          101 |     8 |            20
          101 |     9 |            18
          101 |    10 |            13
          101 |    11 |            18
          101 |    12 |            17
          101 |    13 |            15
          101 |    14 |            15
          101 |    15 |            16
          101 |    16 |             7
          101 |    17 |             9
          101 |    18 |             4
          101 |    19 |             0
----------------------------------
          102 |     1 |            19
          102 |     2 |            13
          102 |     3 |            10
          102 |     4 |            10
          102 |     5 |             9
          102 |     6 |            12
          102 |     7 |            10
          102 |     8 |            12
          102 |     9 |            11
          102 |    10 |            12
          102 |    11 |            13
          102 |    12 |            17
          102 |    13 |            12
          102 |    14 |             5
          102 |    15 |             8
          102 |    16 |             5
          102 |    17 |             8
          102 |    18 |             5
          102 |    19 |             0
----------------------------------
          103 |     1 |            19
          103 |     2 |            20
          103 |     3 |            17
          103 |     4 |            18
          103 |     5 |            22
          103 |     6 |            14
          103 |     7 |            20
          103 |     8 |            29
          103 |     9 |            28
          103 |    10 |            28
          103 |    11 |            27
          103 |    12 |            27
          103 |    13 |            36
          103 |    14 |            16
          103 |    15 |            24
          103 |    16 |            18
          103 |    17 |            17
          103 |    18 |             8
          103 |    19 |             0
----------------------------------
          104 |     1 |            24
          104 |     2 |            10
          104 |     3 |            11
          104 |     4 |            13
          104 |     5 |            10
          104 |     6 |             8
          104 |     7 |             9
          104 |     8 |             9
          104 |     9 |             7
          104 |    10 |            10
          104 |    11 |            10
          104 |    12 |            13
          104 |    13 |            12
          104 |    14 |            10
          104 |    15 |             7
          104 |    16 |             9
          104 |    17 |            14
          104 |    18 |            10
          104 |    19 |             0
----------------------------------
          105 |     1 |            22
          105 |     2 |            16
          105 |     3 |            19
          105 |     4 |            25
          105 |     5 |            18
          105 |     6 |            19
          105 |     7 |            15
          105 |     8 |            14
          105 |     9 |            14
          105 |    10 |            18
          105 |    11 |            22
          105 |    12 |            14
          105 |    13 |            14
          105 |    14 |            15
          105 |    15 |            17
          105 |    16 |            15
          105 |    17 |             9
          105 |    18 |             8
          105 |    19 |             0
----------------------------------
          106 |     1 |            17
          106 |     2 |            11
          106 |     3 |             9
          106 |     4 |            13
          106 |     5 |            13
          106 |     6 |            16
          106 |     7 |            18
          106 |     8 |            17
          106 |     9 |            10
          106 |    10 |            12
          106 |    11 |            14
          106 |    12 |            12
          106 |    13 |            10
          106 |    14 |            16
          106 |    15 |             5
          106 |    16 |             5
          106 |    17 |             5
          106 |    18 |             1
          106 |    19 |             0
----------------------------------
          107 |     1 |            29
          107 |     2 |            27
          107 |     3 |            31
          107 |     4 |            21
          107 |     5 |            25
          107 |     6 |            26
          107 |     7 |            38
          107 |     8 |            41
          107 |     9 |            39
          107 |    10 |            32
          107 |    11 |            30
          107 |    12 |            36
          107 |    13 |            35
          107 |    14 |            27
          107 |    15 |            19
          107 |    16 |            16
          107 |    17 |            16
          107 |    18 |             3
          107 |    19 |             0
----------------------------------
          108 |     1 |            10
          108 |     2 |            10
          108 |     3 |             9
          108 |     4 |            10
          108 |     5 |            12
          108 |     6 |            18
          108 |     7 |            18
          108 |     8 |            18
          108 |     9 |            12
          108 |    10 |            15
          108 |    11 |            15
          108 |    12 |            11
          108 |    13 |             8
          108 |    14 |            15
          108 |    15 |             9
          108 |    16 |             5
          108 |    17 |             4
          108 |    18 |             4
          108 |    19 |             0
----------------------------------
          109 |     1 |             6
          109 |     2 |             5
          109 |     3 |             5
          109 |     4 |             3
          109 |     5 |             1
          109 |     6 |             2
          109 |     7 |             4
          109 |     8 |             7
          109 |     9 |             8
          109 |    10 |             6
          109 |    11 |             5
          109 |    12 |             5
          109 |    13 |             6
          109 |    14 |            10
          109 |    15 |             8
          109 |    16 |             9
          109 |    17 |             6
          109 |    18 |             5
          109 |    19 |             0
----------------------------------
----------------------------------
          111 |     1 |             8
          111 |     2 |             6
          111 |     3 |             4
          111 |     4 |            13
          111 |     5 |             5
          111 |     6 |             7
          111 |     7 |             5
          111 |     8 |             4
          111 |     9 |             5
          111 |    10 |             3
          111 |    11 |             4
          111 |    12 |             6
          111 |    13 |             5
          111 |    14 |             7
          111 |    15 |             9
          111 |    16 |             7
          111 |    17 |             8
          111 |    18 |             2
          111 |    19 |             0
----------------------------------
          112 |     1 |             6
          112 |     2 |             6
          112 |     3 |             2
          112 |     4 |             4
          112 |     5 |             3
          112 |     6 |             6
          112 |     7 |             6
          112 |     8 |            13
          112 |     9 |             9
          112 |    10 |             9
          112 |    11 |             9
          112 |    12 |             8
          112 |    13 |             7
          112 |    14 |             9
          112 |    15 |             3
          112 |    16 |             2
          112 |    17 |             1
          112 |    18 |             2
          112 |    19 |             0
----------------------------------
----------------------------------
----------------------------------
----------------------------------
----------------------------------
----------------------------------
----------------------------------
----------------------------------
----------------------------------
----------------------------------
          122 |     1 |             8
          122 |     2 |             1
          122 |     3 |             8
          122 |     4 |             8
          122 |     5 |             6
          122 |     6 |             4
          122 |     7 |             7
          122 |     8 |            13
          122 |     9 |             8
          122 |    10 |            13
          122 |    11 |            12
          122 |    12 |             9
          122 |    13 |             8
          122 |    14 |             5
          122 |    15 |             4
          122 |    16 |             1
          122 |    17 |             2
          122 |    18 |             1
          122 |    19 |             0
----------------------------------
----------------------------------
----------------------------------
----------------------------------
----------------------------------
----------------------------------
----------------------------------
----------------------------------
----------------------------------
----------------------------------
----------------------------------
----------------------------------
----------------------------------
----------------------------------
----------------------------------
----------------------------------
----------------------------------
----------------------------------
----------------------------------
----------------------------------
----------------------------------
----------------------------------
----------------------------------
----------------------------------
----------------------------------
----------------------------------
----------------------------------
----------------------------------
----------------------------------
----------------------------------
----------------------------------
----------------------------------
----------------------------------
----------------------------------
----------------------------------
----------------------------------
----------------------------------
----------------------------------
----------------------------------
----------------------------------
----------------------------------
----------------------------------
----------------------------------
----------------------------------
----------------------------------
----------------------------------
----------------------------------
----------------------------------
----------------------------------
----------------------------------
----------------------------------
----------------------------------
----------------------------------
----------------------------------
----------------------------------
----------------------------------
----------------------------------
----------------------------------
----------------------------------
----------------------------------
----------------------------------
----------------------------------
----------------------------------
----------------------------------
----------------------------------
----------------------------------
----------------------------------
----------------------------------
----------------------------------
