MinCut number | SSize | Number of cuts
----------------------------------
----------------------------------
----------------------------------
----------------------------------
----------------------------------
----------------------------------
----------------------------------
----------------------------------
----------------------------------
----------------------------------
----------------------------------
----------------------------------
----------------------------------
----------------------------------
----------------------------------
----------------------------------
----------------------------------
           36 |     1 |             8
           36 |     2 |             4
           36 |     3 |             3
           36 |     4 |             0
           36 |     5 |             1
           36 |     6 |             1
           36 |     7 |             0
           36 |     8 |             0
           36 |     9 |             0
           36 |    10 |             0
           36 |    11 |             0
           36 |    12 |             1
           36 |    13 |             0
           36 |    14 |             1
           36 |    15 |             3
           36 |    16 |             3
           36 |    17 |             4
           36 |    18 |             4
           36 |    19 |             3
----------------------------------
----------------------------------
----------------------------------
----------------------------------
----------------------------------
           41 |     1 |            30
           41 |     2 |            10
           41 |     3 |             5
           41 |     4 |             2
           41 |     5 |             2
           41 |     6 |             1
           41 |     7 |             0
           41 |     8 |             3
           41 |     9 |             0
           41 |    10 |             2
           41 |    11 |             2
           41 |    12 |             1
           41 |    13 |             2
           41 |    14 |             3
           41 |    15 |             8
           41 |    16 |             6
           41 |    17 |             1
           41 |    18 |             3
           41 |    19 |             1
----------------------------------
----------------------------------
           43 |     1 |            10
           43 |     2 |             8
           43 |     3 |             3
           43 |     4 |             3
           43 |     5 |             1
           43 |     6 |             0
           43 |     7 |             0
           43 |     8 |             0
           43 |     9 |             2
           43 |    10 |             2
           43 |    11 |             2
           43 |    12 |             1
           43 |    13 |             0
           43 |    14 |             1
           43 |    15 |             2
           43 |    16 |             1
           43 |    17 |             4
           43 |    18 |             1
           43 |    19 |             2
----------------------------------
           44 |     1 |            59
           44 |     2 |            30
           44 |     3 |            13
           44 |     4 |             8
           44 |     5 |             4
           44 |     6 |             1
           44 |     7 |             1
           44 |     8 |             2
           44 |     9 |             1
           44 |    10 |             4
           44 |    11 |             3
           44 |    12 |             2
           44 |    13 |             5
           44 |    14 |             3
           44 |    15 |            11
           44 |    16 |             2
           44 |    17 |             8
           44 |    18 |             8
           44 |    19 |            11
----------------------------------
           45 |     1 |            67
           45 |     2 |            29
           45 |     3 |            10
           45 |     4 |             5
           45 |     5 |             7
           45 |     6 |             6
           45 |     7 |             6
           45 |     8 |             3
           45 |     9 |             2
           45 |    10 |             2
           45 |    11 |             4
           45 |    12 |             3
           45 |    13 |             3
           45 |    14 |             5
           45 |    15 |             5
           45 |    16 |             5
           45 |    17 |             5
           45 |    18 |            10
           45 |    19 |             3
----------------------------------
           46 |     1 |            16
           46 |     2 |             4
           46 |     3 |             2
           46 |     4 |             1
           46 |     5 |             1
           46 |     6 |             1
           46 |     7 |             2
           46 |     8 |             0
           46 |     9 |             1
           46 |    10 |             5
           46 |    11 |             2
           46 |    12 |             0
           46 |    13 |             1
           46 |    14 |             1
           46 |    15 |             1
           46 |    16 |             3
           46 |    17 |             2
           46 |    18 |             2
           46 |    19 |             1
----------------------------------
           47 |     1 |            76
           47 |     2 |            35
           47 |     3 |            15
           47 |     4 |             9
           47 |     5 |             8
           47 |     6 |             9
           47 |     7 |             6
           47 |     8 |             1
           47 |     9 |             5
           47 |    10 |             4
           47 |    11 |             4
           47 |    12 |             8
           47 |    13 |             5
           47 |    14 |             8
           47 |    15 |             4
           47 |    16 |             9
           47 |    17 |            10
           47 |    18 |             9
           47 |    19 |            10
----------------------------------
           48 |     1 |           118
           48 |     2 |            43
           48 |     3 |            17
           48 |     4 |             6
           48 |     5 |            10
           48 |     6 |             9
           48 |     7 |            13
           48 |     8 |             9
           48 |     9 |             9
           48 |    10 |            10
           48 |    11 |            14
           48 |    12 |             4
           48 |    13 |             3
           48 |    14 |             5
           48 |    15 |             6
           48 |    16 |             6
           48 |    17 |            16
           48 |    18 |            21
           48 |    19 |            17
----------------------------------
           49 |     1 |            69
           49 |     2 |            25
           49 |     3 |             9
           49 |     4 |            11
           49 |     5 |             9
           49 |     6 |             0
           49 |     7 |             2
           49 |     8 |             3
           49 |     9 |             2
           49 |    10 |             6
           49 |    11 |             5
           49 |    12 |             1
           49 |    13 |             1
           49 |    14 |             6
           49 |    15 |             3
           49 |    16 |             9
           49 |    17 |            12
           49 |    18 |            13
           49 |    19 |            10
----------------------------------
           50 |     1 |           142
           50 |     2 |            59
           50 |     3 |            28
           50 |     4 |            17
           50 |     5 |            12
           50 |     6 |            13
           50 |     7 |             9
           50 |     8 |            12
           50 |     9 |             9
           50 |    10 |             7
           50 |    11 |             3
           50 |    12 |            10
           50 |    13 |             6
           50 |    14 |             5
           50 |    15 |            11
           50 |    16 |            17
           50 |    17 |            18
           50 |    18 |            12
           50 |    19 |            10
----------------------------------
           51 |     1 |            66
           51 |     2 |            42
           51 |     3 |            20
           51 |     4 |            14
           51 |     5 |            19
           51 |     6 |             8
           51 |     7 |             6
           51 |     8 |             1
           51 |     9 |             7
           51 |    10 |             7
           51 |    11 |             9
           51 |    12 |             9
           51 |    13 |             5
           51 |    14 |             2
           51 |    15 |             5
           51 |    16 |             5
           51 |    17 |             9
           51 |    18 |             9
           51 |    19 |            12
----------------------------------
           52 |     1 |           173
           52 |     2 |            85
           52 |     3 |            37
           52 |     4 |            27
           52 |     5 |            31
           52 |     6 |            18
           52 |     7 |            12
           52 |     8 |            16
           52 |     9 |            15
           52 |    10 |            19
           52 |    11 |            14
           52 |    12 |            10
           52 |    13 |            18
           52 |    14 |            26
           52 |    15 |            16
           52 |    16 |            28
           52 |    17 |            26
           52 |    18 |            27
           52 |    19 |            26
----------------------------------
           53 |     1 |            88
           53 |     2 |            54
           53 |     3 |            28
           53 |     4 |            12
           53 |     5 |            10
           53 |     6 |             3
           53 |     7 |            10
           53 |     8 |             9
           53 |     9 |             3
           53 |    10 |             1
           53 |    11 |            10
           53 |    12 |             8
           53 |    13 |             7
           53 |    14 |             8
           53 |    15 |            13
           53 |    16 |            13
           53 |    17 |            15
           53 |    18 |            13
           53 |    19 |            13
----------------------------------
           54 |     1 |           327
           54 |     2 |           140
           54 |     3 |            98
           54 |     4 |            53
           54 |     5 |            29
           54 |     6 |            23
           54 |     7 |            15
           54 |     8 |            19
           54 |     9 |            30
           54 |    10 |            24
           54 |    11 |            12
           54 |    12 |            15
           54 |    13 |            26
           54 |    14 |            33
           54 |    15 |            35
           54 |    16 |            35
           54 |    17 |            48
           54 |    18 |            27
           54 |    19 |            37
----------------------------------
           55 |     1 |           168
           55 |     2 |            71
           55 |     3 |            40
           55 |     4 |            42
           55 |     5 |            41
           55 |     6 |            24
           55 |     7 |             9
           55 |     8 |            16
           55 |     9 |             8
           55 |    10 |            10
           55 |    11 |             8
           55 |    12 |            13
           55 |    13 |            15
           55 |    14 |            19
           55 |    15 |            19
           55 |    16 |            23
           55 |    17 |            30
           55 |    18 |            25
           55 |    19 |            24
----------------------------------
           56 |     1 |           200
           56 |     2 |            79
           56 |     3 |            55
           56 |     4 |            38
           56 |     5 |            28
           56 |     6 |            25
           56 |     7 |            23
           56 |     8 |            13
           56 |     9 |            15
           56 |    10 |            15
           56 |    11 |            20
           56 |    12 |            20
           56 |    13 |            15
           56 |    14 |            15
           56 |    15 |            18
           56 |    16 |            18
           56 |    17 |            14
           56 |    18 |            36
           56 |    19 |            25
----------------------------------
           57 |     1 |           332
           57 |     2 |           170
           57 |     3 |            84
           57 |     4 |            51
           57 |     5 |            41
           57 |     6 |            32
           57 |     7 |            27
           57 |     8 |            29
           57 |     9 |            21
           57 |    10 |            27
           57 |    11 |            31
           57 |    12 |            40
           57 |    13 |            24
           57 |    14 |            37
           57 |    15 |            30
           57 |    16 |            33
           57 |    17 |            42
           57 |    18 |            49
           57 |    19 |            40
----------------------------------
           58 |     1 |           269
           58 |     2 |           115
           58 |     3 |            79
           58 |     4 |            54
           58 |     5 |            44
           58 |     6 |            39
           58 |     7 |            27
           58 |     8 |            18
           58 |     9 |            22
           58 |    10 |            20
           58 |    11 |            25
           58 |    12 |            26
           58 |    13 |            25
           58 |    14 |            22
           58 |    15 |            33
           58 |    16 |            36
           58 |    17 |            25
           58 |    18 |            28
           58 |    19 |            21
----------------------------------
           59 |     1 |           320
           59 |     2 |           159
           59 |     3 |            99
           59 |     4 |            82
           59 |     5 |            47
           59 |     6 |            38
           59 |     7 |            29
           59 |     8 |            23
           59 |     9 |            30
           59 |    10 |            17
           59 |    11 |            27
           59 |    12 |            29
           59 |    13 |            26
           59 |    14 |            34
           59 |    15 |            21
           59 |    16 |            35
           59 |    17 |            37
           59 |    18 |            33
           59 |    19 |            35
----------------------------------
           60 |     1 |           371
           60 |     2 |           193
           60 |     3 |           113
           60 |     4 |            82
           60 |     5 |            58
           60 |     6 |            40
           60 |     7 |            50
           60 |     8 |            56
           60 |     9 |            29
           60 |    10 |            37
           60 |    11 |            32
           60 |    12 |            28
           60 |    13 |            31
           60 |    14 |            25
           60 |    15 |            51
           60 |    16 |            51
           60 |    17 |            51
           60 |    18 |            42
           60 |    19 |            40
----------------------------------
           61 |     1 |           349
           61 |     2 |           163
           61 |     3 |           105
           61 |     4 |            72
           61 |     5 |            48
           61 |     6 |            54
           61 |     7 |            28
           61 |     8 |            34
           61 |     9 |            34
           61 |    10 |            29
           61 |    11 |            34
           61 |    12 |            25
           61 |    13 |            25
           61 |    14 |            29
           61 |    15 |            39
           61 |    16 |            45
           61 |    17 |            32
           61 |    18 |            45
           61 |    19 |            30
----------------------------------
           62 |     1 |           381
           62 |     2 |           190
           62 |     3 |           135
           62 |     4 |            67
           62 |     5 |            44
           62 |     6 |            44
           62 |     7 |            55
           62 |     8 |            27
           62 |     9 |            36
           62 |    10 |            26
           62 |    11 |            28
           62 |    12 |            25
           62 |    13 |            21
           62 |    14 |            23
           62 |    15 |            26
           62 |    16 |            38
           62 |    17 |            40
           62 |    18 |            54
           62 |    19 |            42
----------------------------------
           63 |     1 |           377
           63 |     2 |           190
           63 |     3 |           102
           63 |     4 |            86
           63 |     5 |            51
           63 |     6 |            40
           63 |     7 |            23
           63 |     8 |            24
           63 |     9 |            26
           63 |    10 |            33
           63 |    11 |            31
           63 |    12 |            36
           63 |    13 |            32
           63 |    14 |            34
           63 |    15 |            40
           63 |    16 |            56
           63 |    17 |            57
           63 |    18 |            46
           63 |    19 |            39
----------------------------------
           64 |     1 |           399
           64 |     2 |           196
           64 |     3 |           105
           64 |     4 |            80
           64 |     5 |            63
           64 |     6 |            59
           64 |     7 |            52
           64 |     8 |            53
           64 |     9 |            28
           64 |    10 |            28
           64 |    11 |            37
           64 |    12 |            42
           64 |    13 |            50
           64 |    14 |            45
           64 |    15 |            44
           64 |    16 |            48
           64 |    17 |            52
           64 |    18 |            47
           64 |    19 |            44
----------------------------------
           65 |     1 |           331
           65 |     2 |           173
           65 |     3 |           100
           65 |     4 |            44
           65 |     5 |            49
           65 |     6 |            40
           65 |     7 |            26
           65 |     8 |            16
           65 |     9 |            26
           65 |    10 |             9
           65 |    11 |            16
           65 |    12 |            25
           65 |    13 |            25
           65 |    14 |            26
           65 |    15 |            47
           65 |    16 |            39
           65 |    17 |            43
           65 |    18 |            39
           65 |    19 |            31
----------------------------------
           66 |     1 |           412
           66 |     2 |           204
           66 |     3 |           121
           66 |     4 |            99
           66 |     5 |            63
           66 |     6 |            51
           66 |     7 |            43
           66 |     8 |            43
           66 |     9 |            26
           66 |    10 |            50
           66 |    11 |            41
           66 |    12 |            28
           66 |    13 |            32
           66 |    14 |            34
           66 |    15 |            40
           66 |    16 |            36
           66 |    17 |            48
           66 |    18 |            46
           66 |    19 |            35
----------------------------------
           67 |     1 |           409
           67 |     2 |           203
           67 |     3 |           115
           67 |     4 |            74
           67 |     5 |            90
           67 |     6 |            60
           67 |     7 |            50
           67 |     8 |            35
           67 |     9 |            49
           67 |    10 |            45
           67 |    11 |            28
           67 |    12 |            24
           67 |    13 |            32
           67 |    14 |            42
           67 |    15 |            46
           67 |    16 |            37
           67 |    17 |            46
           67 |    18 |            48
           67 |    19 |            41
----------------------------------
           68 |     1 |           427
           68 |     2 |           234
           68 |     3 |           141
           68 |     4 |           101
           68 |     5 |            76
           68 |     6 |            55
           68 |     7 |            58
           68 |     8 |            59
           68 |     9 |            47
           68 |    10 |            26
           68 |    11 |            29
           68 |    12 |            18
           68 |    13 |            34
           68 |    14 |            37
           68 |    15 |            41
           68 |    16 |            49
           68 |    17 |            42
           68 |    18 |            53
           68 |    19 |            37
----------------------------------
           69 |     1 |           604
           69 |     2 |           293
           69 |     3 |           209
           69 |     4 |           139
           69 |     5 |            85
           69 |     6 |            82
           69 |     7 |            64
           69 |     8 |            50
           69 |     9 |            47
           69 |    10 |            37
           69 |    11 |            52
           69 |    12 |            61
           69 |    13 |            52
           69 |    14 |            49
           69 |    15 |            61
           69 |    16 |            60
           69 |    17 |            70
           69 |    18 |            67
           69 |    19 |            57
----------------------------------
           70 |     1 |           679
           70 |     2 |           332
           70 |     3 |           215
           70 |     4 |           177
           70 |     5 |           140
           70 |     6 |            90
           70 |     7 |            74
           70 |     8 |            70
           70 |     9 |            68
           70 |    10 |            40
           70 |    11 |            55
           70 |    12 |            58
           70 |    13 |            63
           70 |    14 |            87
           70 |    15 |            73
           70 |    16 |            70
           70 |    17 |            78
           70 |    18 |            83
           70 |    19 |            68
----------------------------------
           71 |     1 |           528
           71 |     2 |           289
           71 |     3 |           159
           71 |     4 |           101
           71 |     5 |            90
           71 |     6 |            76
           71 |     7 |            57
           71 |     8 |            44
           71 |     9 |            42
           71 |    10 |            37
           71 |    11 |            49
           71 |    12 |            30
           71 |    13 |            50
           71 |    14 |            50
           71 |    15 |            50
           71 |    16 |            48
           71 |    17 |            49
           71 |    18 |            54
           71 |    19 |            43
----------------------------------
           72 |     1 |           644
           72 |     2 |           325
           72 |     3 |           277
           72 |     4 |           183
           72 |     5 |           114
           72 |     6 |            80
           72 |     7 |            65
           72 |     8 |            54
           72 |     9 |            54
           72 |    10 |            40
           72 |    11 |            52
           72 |    12 |            43
           72 |    13 |            44
           72 |    14 |            45
           72 |    15 |            67
           72 |    16 |            67
           72 |    17 |            66
           72 |    18 |            82
           72 |    19 |            74
----------------------------------
           73 |     1 |           457
           73 |     2 |           272
           73 |     3 |           156
           73 |     4 |           107
           73 |     5 |            76
           73 |     6 |            75
           73 |     7 |            77
           73 |     8 |            58
           73 |     9 |            51
           73 |    10 |            53
           73 |    11 |            55
           73 |    12 |            41
           73 |    13 |            38
           73 |    14 |            52
           73 |    15 |            50
           73 |    16 |            53
           73 |    17 |            58
           73 |    18 |            50
           73 |    19 |            46
----------------------------------
           74 |     1 |           504
           74 |     2 |           282
           74 |     3 |           176
           74 |     4 |           141
           74 |     5 |           113
           74 |     6 |            92
           74 |     7 |            54
           74 |     8 |            47
           74 |     9 |            49
           74 |    10 |            38
           74 |    11 |            60
           74 |    12 |            48
           74 |    13 |            58
           74 |    14 |            53
           74 |    15 |            41
           74 |    16 |            69
           74 |    17 |            75
           74 |    18 |            53
           74 |    19 |            45
----------------------------------
           75 |     1 |           537
           75 |     2 |           273
           75 |     3 |           217
           75 |     4 |           127
           75 |     5 |           101
           75 |     6 |            56
           75 |     7 |            61
           75 |     8 |            60
           75 |     9 |            48
           75 |    10 |            52
           75 |    11 |            49
           75 |    12 |            48
           75 |    13 |            40
           75 |    14 |            45
           75 |    15 |            50
           75 |    16 |            47
           75 |    17 |            53
           75 |    18 |            53
           75 |    19 |            33
----------------------------------
           76 |     1 |           431
           76 |     2 |           238
           76 |     3 |           145
           76 |     4 |           123
           76 |     5 |            85
           76 |     6 |            49
           76 |     7 |            51
           76 |     8 |            57
           76 |     9 |            40
           76 |    10 |            24
           76 |    11 |            31
           76 |    12 |            34
           76 |    13 |            26
           76 |    14 |            51
           76 |    15 |            46
           76 |    16 |            34
           76 |    17 |            49
           76 |    18 |            44
           76 |    19 |            38
----------------------------------
           77 |     1 |           643
           77 |     2 |           366
           77 |     3 |           244
           77 |     4 |           158
           77 |     5 |           150
           77 |     6 |           112
           77 |     7 |            94
           77 |     8 |            77
           77 |     9 |            85
           77 |    10 |            58
           77 |    11 |            56
           77 |    12 |            53
           77 |    13 |            65
           77 |    14 |            42
           77 |    15 |            63
           77 |    16 |            63
           77 |    17 |            75
           77 |    18 |            73
           77 |    19 |            64
----------------------------------
           78 |     1 |           494
           78 |     2 |           282
           78 |     3 |           148
           78 |     4 |           104
           78 |     5 |           125
           78 |     6 |            87
           78 |     7 |            68
           78 |     8 |            77
           78 |     9 |            63
           78 |    10 |            60
           78 |    11 |            35
           78 |    12 |            50
           78 |    13 |            50
           78 |    14 |            42
           78 |    15 |            57
           78 |    16 |            47
           78 |    17 |            58
           78 |    18 |            53
           78 |    19 |            50
----------------------------------
           79 |     1 |           600
           79 |     2 |           361
           79 |     3 |           217
           79 |     4 |           170
           79 |     5 |           132
           79 |     6 |            68
           79 |     7 |            77
           79 |     8 |            47
           79 |     9 |            54
           79 |    10 |            57
           79 |    11 |            46
           79 |    12 |            31
           79 |    13 |            40
           79 |    14 |            47
           79 |    15 |            48
           79 |    16 |            44
           79 |    17 |            54
           79 |    18 |            66
           79 |    19 |            53
----------------------------------
           80 |     1 |           597
           80 |     2 |           352
           80 |     3 |           217
           80 |     4 |           155
           80 |     5 |           135
           80 |     6 |           116
           80 |     7 |            89
           80 |     8 |            75
           80 |     9 |            56
           80 |    10 |            53
           80 |    11 |            48
           80 |    12 |            52
           80 |    13 |            48
           80 |    14 |            55
           80 |    15 |            55
           80 |    16 |            56
           80 |    17 |            51
           80 |    18 |            53
           80 |    19 |            57
----------------------------------
           81 |     1 |           462
           81 |     2 |           280
           81 |     3 |           206
           81 |     4 |           193
           81 |     5 |            91
           81 |     6 |            90
           81 |     7 |            59
           81 |     8 |            48
           81 |     9 |            35
           81 |    10 |            47
           81 |    11 |            36
           81 |    12 |            50
           81 |    13 |            32
           81 |    14 |            36
           81 |    15 |            31
           81 |    16 |            44
           81 |    17 |            36
           81 |    18 |            48
           81 |    19 |            39
----------------------------------
           82 |     1 |           273
           82 |     2 |           161
           82 |     3 |           125
           82 |     4 |            84
           82 |     5 |            70
           82 |     6 |            71
           82 |     7 |            61
           82 |     8 |            61
           82 |     9 |            46
           82 |    10 |            32
           82 |    11 |            24
           82 |    12 |            20
           82 |    13 |            33
           82 |    14 |            24
           82 |    15 |            25
           82 |    16 |            26
           82 |    17 |            35
           82 |    18 |            35
           82 |    19 |            24
----------------------------------
           83 |     1 |           490
           83 |     2 |           290
           83 |     3 |           200
           83 |     4 |           145
           83 |     5 |           101
           83 |     6 |            63
           83 |     7 |            66
           83 |     8 |            59
           83 |     9 |            55
           83 |    10 |            54
           83 |    11 |            48
           83 |    12 |            42
           83 |    13 |            43
           83 |    14 |            37
           83 |    15 |            33
           83 |    16 |            46
           83 |    17 |            51
           83 |    18 |            51
           83 |    19 |            35
----------------------------------
           84 |     1 |           624
           84 |     2 |           326
           84 |     3 |           210
           84 |     4 |           135
           84 |     5 |            98
           84 |     6 |            93
           84 |     7 |           102
           84 |     8 |            77
           84 |     9 |            50
           84 |    10 |            43
           84 |    11 |            62
           84 |    12 |            32
           84 |    13 |            52
           84 |    14 |            40
           84 |    15 |            41
           84 |    16 |            44
           84 |    17 |            47
           84 |    18 |            64
           84 |    19 |            44
----------------------------------
           85 |     1 |           332
           85 |     2 |           211
           85 |     3 |           106
           85 |     4 |            77
           85 |     5 |            59
           85 |     6 |            51
           85 |     7 |            36
           85 |     8 |            37
           85 |     9 |            19
           85 |    10 |            31
           85 |    11 |            19
           85 |    12 |            26
           85 |    13 |            21
           85 |    14 |            27
           85 |    15 |            25
           85 |    16 |            24
           85 |    17 |            30
           85 |    18 |            35
           85 |    19 |            24
----------------------------------
           86 |     1 |           314
           86 |     2 |           194
           86 |     3 |           148
           86 |     4 |           107
           86 |     5 |            70
           86 |     6 |            59
           86 |     7 |            45
           86 |     8 |            38
           86 |     9 |            35
           86 |    10 |            22
           86 |    11 |            27
           86 |    12 |            31
           86 |    13 |            35
           86 |    14 |            24
           86 |    15 |            22
           86 |    16 |            29
           86 |    17 |            32
           86 |    18 |            31
           86 |    19 |            27
----------------------------------
           87 |     1 |           288
           87 |     2 |           156
           87 |     3 |           137
           87 |     4 |            90
           87 |     5 |            72
           87 |     6 |            53
           87 |     7 |            37
           87 |     8 |            56
           87 |     9 |            38
           87 |    10 |            40
           87 |    11 |            29
           87 |    12 |            22
           87 |    13 |            35
           87 |    14 |            28
           87 |    15 |            31
           87 |    16 |            39
           87 |    17 |            26
           87 |    18 |            14
           87 |    19 |            27
----------------------------------
           88 |     1 |           226
           88 |     2 |           144
           88 |     3 |            99
           88 |     4 |            86
           88 |     5 |            76
           88 |     6 |            45
           88 |     7 |            37
           88 |     8 |            32
           88 |     9 |            25
           88 |    10 |            19
           88 |    11 |            22
           88 |    12 |            24
           88 |    13 |            25
           88 |    14 |            14
           88 |    15 |            11
           88 |    16 |            23
           88 |    17 |            25
           88 |    18 |            17
           88 |    19 |            18
----------------------------------
           89 |     1 |           338
           89 |     2 |           212
           89 |     3 |           139
           89 |     4 |            84
           89 |     5 |            82
           89 |     6 |            69
           89 |     7 |            47
           89 |     8 |            41
           89 |     9 |            36
           89 |    10 |            34
           89 |    11 |            23
           89 |    12 |            38
           89 |    13 |            25
           89 |    14 |            19
           89 |    15 |            31
           89 |    16 |            28
           89 |    17 |            25
           89 |    18 |            35
           89 |    19 |            29
----------------------------------
           90 |     1 |           411
           90 |     2 |           245
           90 |     3 |           188
           90 |     4 |           118
           90 |     5 |            97
           90 |     6 |            71
           90 |     7 |            73
           90 |     8 |            42
           90 |     9 |            35
           90 |    10 |            37
           90 |    11 |            36
           90 |    12 |            33
           90 |    13 |            39
           90 |    14 |            29
           90 |    15 |            36
           90 |    16 |            37
           90 |    17 |            31
           90 |    18 |            36
           90 |    19 |            26
----------------------------------
           91 |     1 |           371
           91 |     2 |           246
           91 |     3 |           175
           91 |     4 |           136
           91 |     5 |            72
           91 |     6 |            44
           91 |     7 |            40
           91 |     8 |            31
           91 |     9 |            38
           91 |    10 |            45
           91 |    11 |            39
           91 |    12 |            20
           91 |    13 |            27
           91 |    14 |            24
           91 |    15 |            34
           91 |    16 |            30
           91 |    17 |            32
           91 |    18 |            34
           91 |    19 |            18
----------------------------------
           92 |     1 |           226
           92 |     2 |           122
           92 |     3 |            69
           92 |     4 |            57
           92 |     5 |            60
           92 |     6 |            61
           92 |     7 |            37
           92 |     8 |            33
           92 |     9 |            31
           92 |    10 |            37
           92 |    11 |            30
           92 |    12 |            16
           92 |    13 |            16
           92 |    14 |            23
           92 |    15 |            12
           92 |    16 |            28
           92 |    17 |            21
           92 |    18 |            23
           92 |    19 |            18
----------------------------------
           93 |     1 |           309
           93 |     2 |           194
           93 |     3 |           140
           93 |     4 |            97
           93 |     5 |            76
           93 |     6 |            74
           93 |     7 |            52
           93 |     8 |            44
           93 |     9 |            26
           93 |    10 |            31
           93 |    11 |            27
           93 |    12 |            30
           93 |    13 |            20
           93 |    14 |            37
           93 |    15 |            28
           93 |    16 |            35
           93 |    17 |            30
           93 |    18 |            32
           93 |    19 |            20
----------------------------------
           94 |     1 |           419
           94 |     2 |           237
           94 |     3 |           130
           94 |     4 |           152
           94 |     5 |           100
           94 |     6 |            73
           94 |     7 |            73
           94 |     8 |            76
           94 |     9 |            42
           94 |    10 |            24
           94 |    11 |            31
           94 |    12 |            39
           94 |    13 |            48
           94 |    14 |            38
           94 |    15 |            42
           94 |    16 |            42
           94 |    17 |            48
           94 |    18 |            40
           94 |    19 |            38
----------------------------------
           95 |     1 |           214
           95 |     2 |           137
           95 |     3 |            56
           95 |     4 |            59
           95 |     5 |            39
           95 |     6 |            29
           95 |     7 |            28
           95 |     8 |            26
           95 |     9 |            38
           95 |    10 |            23
           95 |    11 |             8
           95 |    12 |             8
           95 |    13 |             8
           95 |    14 |             4
           95 |    15 |            19
           95 |    16 |            20
           95 |    17 |            18
           95 |    18 |            15
           95 |    19 |            11
----------------------------------
           96 |     1 |           145
           96 |     2 |            69
           96 |     3 |            55
           96 |     4 |            40
           96 |     5 |            41
           96 |     6 |            54
           96 |     7 |            21
           96 |     8 |            16
           96 |     9 |            11
           96 |    10 |            17
           96 |    11 |            10
           96 |    12 |             8
           96 |    13 |             8
           96 |    14 |            11
           96 |    15 |            15
           96 |    16 |            15
           96 |    17 |            11
           96 |    18 |            15
           96 |    19 |            14
----------------------------------
           97 |     1 |           163
           97 |     2 |            91
           97 |     3 |            81
           97 |     4 |            51
           97 |     5 |            37
           97 |     6 |            18
           97 |     7 |            15
           97 |     8 |             8
           97 |     9 |             4
           97 |    10 |             7
           97 |    11 |            15
           97 |    12 |            14
           97 |    13 |            14
           97 |    14 |             8
           97 |    15 |            16
           97 |    16 |            11
           97 |    17 |            10
           97 |    18 |            10
           97 |    19 |             9
----------------------------------
           98 |     1 |           199
           98 |     2 |           144
           98 |     3 |           120
           98 |     4 |            83
           98 |     5 |            64
           98 |     6 |            34
           98 |     7 |            25
           98 |     8 |            30
           98 |     9 |            24
           98 |    10 |            22
           98 |    11 |            13
           98 |    12 |            20
           98 |    13 |            11
           98 |    14 |             9
           98 |    15 |            16
           98 |    16 |            15
           98 |    17 |            20
           98 |    18 |            20
           98 |    19 |            13
----------------------------------
           99 |     1 |           192
           99 |     2 |           135
           99 |     3 |           100
           99 |     4 |            59
           99 |     5 |            53
           99 |     6 |            26
           99 |     7 |            20
           99 |     8 |            33
           99 |     9 |            29
           99 |    10 |            17
           99 |    11 |            12
           99 |    12 |            19
           99 |    13 |            10
           99 |    14 |            14
           99 |    15 |            13
           99 |    16 |            15
           99 |    17 |            16
           99 |    18 |            13
           99 |    19 |            16
----------------------------------
          100 |     1 |           116
          100 |     2 |            85
          100 |     3 |            45
          100 |     4 |            47
          100 |     5 |            43
          100 |     6 |            27
          100 |     7 |            45
          100 |     8 |            26
          100 |     9 |            33
          100 |    10 |            26
          100 |    11 |            13
          100 |    12 |            16
          100 |    13 |            11
          100 |    14 |            14
          100 |    15 |            10
          100 |    16 |            10
          100 |    17 |            10
          100 |    18 |            11
          100 |    19 |            12
----------------------------------
          101 |     1 |           149
          101 |     2 |            99
          101 |     3 |            65
          101 |     4 |            50
          101 |     5 |            45
          101 |     6 |            29
          101 |     7 |            21
          101 |     8 |            18
          101 |     9 |            13
          101 |    10 |            17
          101 |    11 |            10
          101 |    12 |            10
          101 |    13 |            11
          101 |    14 |            13
          101 |    15 |            12
          101 |    16 |             9
          101 |    17 |            13
          101 |    18 |            13
          101 |    19 |             9
----------------------------------
          102 |     1 |           127
          102 |     2 |            69
          102 |     3 |            55
          102 |     4 |            53
          102 |     5 |            40
          102 |     6 |            25
          102 |     7 |            20
          102 |     8 |             8
          102 |     9 |            19
          102 |    10 |            10
          102 |    11 |            12
          102 |    12 |             9
          102 |    13 |             8
          102 |    14 |            10
          102 |    15 |            11
          102 |    16 |            10
          102 |    17 |            13
          102 |    18 |             2
          102 |    19 |             9
----------------------------------
          103 |     1 |           103
          103 |     2 |            71
          103 |     3 |            49
          103 |     4 |            43
          103 |     5 |            30
          103 |     6 |            21
          103 |     7 |            26
          103 |     8 |            28
          103 |     9 |            23
          103 |    10 |            18
          103 |    11 |            28
          103 |    12 |             8
          103 |    13 |             5
          103 |    14 |             9
          103 |    15 |             9
          103 |    16 |            15
          103 |    17 |            14
          103 |    18 |            11
          103 |    19 |             4
----------------------------------
          104 |     1 |            95
          104 |     2 |            64
          104 |     3 |            36
          104 |     4 |            33
          104 |     5 |            30
          104 |     6 |            12
          104 |     7 |            27
          104 |     8 |            22
          104 |     9 |            15
          104 |    10 |             6
          104 |    11 |             5
          104 |    12 |            10
          104 |    13 |            10
          104 |    14 |             8
          104 |    15 |             9
          104 |    16 |             7
          104 |    17 |            11
          104 |    18 |             9
          104 |    19 |             7
----------------------------------
          105 |     1 |            74
          105 |     2 |            47
          105 |     3 |            26
          105 |     4 |            31
          105 |     5 |            24
          105 |     6 |            21
          105 |     7 |            15
          105 |     8 |            16
          105 |     9 |             6
          105 |    10 |             7
          105 |    11 |            11
          105 |    12 |             3
          105 |    13 |             9
          105 |    14 |             5
          105 |    15 |             5
          105 |    16 |             2
          105 |    17 |             3
          105 |    18 |             3
          105 |    19 |             7
----------------------------------
          106 |     1 |            48
          106 |     2 |            26
          106 |     3 |            20
          106 |     4 |            13
          106 |     5 |            15
          106 |     6 |            16
          106 |     7 |            10
          106 |     8 |             6
          106 |     9 |            12
          106 |    10 |             5
          106 |    11 |             7
          106 |    12 |             4
          106 |    13 |             5
          106 |    14 |             4
          106 |    15 |             7
          106 |    16 |             3
          106 |    17 |             3
          106 |    18 |             5
          106 |    19 |             3
----------------------------------
          107 |     1 |            58
          107 |     2 |            35
          107 |     3 |            21
          107 |     4 |            15
          107 |     5 |             9
          107 |     6 |            14
          107 |     7 |             7
          107 |     8 |            13
          107 |     9 |             6
          107 |    10 |             5
          107 |    11 |             2
          107 |    12 |             4
          107 |    13 |             6
          107 |    14 |             7
          107 |    15 |             2
          107 |    16 |             2
          107 |    17 |             2
          107 |    18 |             4
          107 |    19 |             2
----------------------------------
          108 |     1 |            51
          108 |     2 |            28
          108 |     3 |            34
          108 |     4 |            17
          108 |     5 |             5
          108 |     6 |             6
          108 |     7 |            11
          108 |     8 |             5
          108 |     9 |            10
          108 |    10 |             3
          108 |    11 |             7
          108 |    12 |             6
          108 |    13 |             4
          108 |    14 |             5
          108 |    15 |             3
          108 |    16 |             5
          108 |    17 |             3
          108 |    18 |             5
          108 |    19 |             8
----------------------------------
          109 |     1 |            28
          109 |     2 |            16
          109 |     3 |             7
          109 |     4 |             7
          109 |     5 |             3
          109 |     6 |            13
          109 |     7 |             2
          109 |     8 |             5
          109 |     9 |             4
          109 |    10 |             1
          109 |    11 |             1
          109 |    12 |             2
          109 |    13 |             5
          109 |    14 |             4
          109 |    15 |             2
          109 |    16 |             3
          109 |    17 |             3
          109 |    18 |             3
          109 |    19 |             0
----------------------------------
          110 |     1 |            30
          110 |     2 |            17
          110 |     3 |            12
          110 |     4 |            17
          110 |     5 |             3
          110 |     6 |             3
          110 |     7 |             2
          110 |     8 |             5
          110 |     9 |             3
          110 |    10 |             0
          110 |    11 |             0
          110 |    12 |             2
          110 |    13 |             1
          110 |    14 |             4
          110 |    15 |             6
          110 |    16 |             0
          110 |    17 |             2
          110 |    18 |             1
          110 |    19 |             2
----------------------------------
----------------------------------
----------------------------------
----------------------------------
----------------------------------
          115 |     1 |            21
          115 |     2 |            18
          115 |     3 |            14
          115 |     4 |            14
          115 |     5 |             5
          115 |     6 |            10
          115 |     7 |            10
          115 |     8 |             9
          115 |     9 |             3
          115 |    10 |             1
          115 |    11 |             2
          115 |    12 |             0
          115 |    13 |             0
          115 |    14 |             0
          115 |    15 |             0
          115 |    16 |             2
          115 |    17 |             0
          115 |    18 |             4
          115 |    19 |             2
----------------------------------
          116 |     1 |            32
          116 |     2 |             8
          116 |     3 |             8
          116 |     4 |             9
          116 |     5 |             4
          116 |     6 |             5
          116 |     7 |             4
          116 |     8 |             8
          116 |     9 |             3
          116 |    10 |             6
          116 |    11 |             5
          116 |    12 |             7
          116 |    13 |             5
          116 |    14 |             4
          116 |    15 |             0
          116 |    16 |             2
          116 |    17 |             2
          116 |    18 |             2
          116 |    19 |             2
----------------------------------
----------------------------------
          118 |     1 |            26
          118 |     2 |            18
          118 |     3 |            16
          118 |     4 |            12
          118 |     5 |            12
          118 |     6 |             6
          118 |     7 |             4
          118 |     8 |             0
          118 |     9 |             6
          118 |    10 |             3
          118 |    11 |             5
          118 |    12 |             0
          118 |    13 |             3
          118 |    14 |             3
          118 |    15 |             3
          118 |    16 |             0
          118 |    17 |             1
          118 |    18 |             0
          118 |    19 |             0
----------------------------------
----------------------------------
          120 |     1 |            19
          120 |     2 |            23
          120 |     3 |            15
          120 |     4 |             8
          120 |     5 |             8
          120 |     6 |             7
          120 |     7 |             3
          120 |     8 |             1
          120 |     9 |            11
          120 |    10 |             2
          120 |    11 |             2
          120 |    12 |             7
          120 |    13 |             3
          120 |    14 |             1
          120 |    15 |             4
          120 |    16 |             1
          120 |    17 |             1
          120 |    18 |             3
          120 |    19 |             1
----------------------------------
          121 |     1 |            21
          121 |     2 |            19
          121 |     3 |            17
          121 |     4 |            18
          121 |     5 |             6
          121 |     6 |            15
          121 |     7 |             5
          121 |     8 |             3
          121 |     9 |             2
          121 |    10 |             1
          121 |    11 |             1
          121 |    12 |             1
          121 |    13 |             1
          121 |    14 |             1
          121 |    15 |             1
          121 |    16 |             2
          121 |    17 |             3
          121 |    18 |             2
          121 |    19 |             2
----------------------------------
----------------------------------
----------------------------------
----------------------------------
----------------------------------
----------------------------------
----------------------------------
----------------------------------
----------------------------------
----------------------------------
----------------------------------
----------------------------------
----------------------------------
----------------------------------
----------------------------------
----------------------------------
----------------------------------
----------------------------------
----------------------------------
----------------------------------
----------------------------------
----------------------------------
----------------------------------
----------------------------------
----------------------------------
----------------------------------
----------------------------------
----------------------------------
----------------------------------
----------------------------------
----------------------------------
----------------------------------
----------------------------------
----------------------------------
----------------------------------
----------------------------------
----------------------------------
----------------------------------
----------------------------------
----------------------------------
----------------------------------
----------------------------------
----------------------------------
----------------------------------
----------------------------------
----------------------------------
----------------------------------
----------------------------------
----------------------------------
----------------------------------
----------------------------------
----------------------------------
----------------------------------
----------------------------------
----------------------------------
----------------------------------
----------------------------------
----------------------------------
----------------------------------
----------------------------------
----------------------------------
----------------------------------
----------------------------------
----------------------------------
----------------------------------
----------------------------------
----------------------------------
----------------------------------
----------------------------------
----------------------------------
