MinCut number | RSize | Number of cuts
----------------------------------
----------------------------------
----------------------------------
----------------------------------
----------------------------------
----------------------------------
----------------------------------
----------------------------------
----------------------------------
----------------------------------
----------------------------------
----------------------------------
----------------------------------
----------------------------------
----------------------------------
----------------------------------
----------------------------------
----------------------------------
----------------------------------
           38 |     0 |            13
           38 |     1 |             5
           38 |     2 |             6
           38 |     3 |             5
           38 |     4 |             1
           38 |     5 |             2
           38 |     6 |             2
           38 |     7 |             2
           38 |     8 |             2
           38 |     9 |             0
           38 |    10 |             0
           38 |    11 |             0
           38 |    12 |             0
           38 |    13 |             0
           38 |    14 |             0
           38 |    15 |             0
           38 |    16 |             0
           38 |    17 |             0
           38 |    18 |             0
           38 |    19 |             0
           38 |    20 |             0
----------------------------------
----------------------------------
----------------------------------
           41 |     0 |             7
           41 |     1 |             3
           41 |     2 |             5
           41 |     3 |             4
           41 |     4 |             8
           41 |     5 |             8
           41 |     6 |             1
           41 |     7 |             0
           41 |     8 |             1
           41 |     9 |             0
           41 |    10 |             0
           41 |    11 |             1
           41 |    12 |             0
           41 |    13 |             0
           41 |    14 |             0
           41 |    15 |             2
           41 |    16 |             0
           41 |    17 |             1
           41 |    18 |             0
           41 |    19 |             0
           41 |    20 |             0
----------------------------------
           42 |     0 |            25
           42 |     1 |            11
           42 |     2 |             3
           42 |     3 |             3
           42 |     4 |             0
           42 |     5 |             0
           42 |     6 |             1
           42 |     7 |             2
           42 |     8 |             8
           42 |     9 |             2
           42 |    10 |             1
           42 |    11 |             2
           42 |    12 |             1
           42 |    13 |             0
           42 |    14 |             2
           42 |    15 |             6
           42 |    16 |             5
           42 |    17 |             7
           42 |    18 |             5
           42 |    19 |             0
           42 |    20 |             0
----------------------------------
           43 |     0 |            12
           43 |     1 |             7
           43 |     2 |             3
           43 |     3 |             3
           43 |     4 |             1
           43 |     5 |             2
           43 |     6 |             2
           43 |     7 |             3
           43 |     8 |             1
           43 |     9 |             1
           43 |    10 |             1
           43 |    11 |             0
           43 |    12 |             0
           43 |    13 |             1
           43 |    14 |             1
           43 |    15 |             0
           43 |    16 |             3
           43 |    17 |             0
           43 |    18 |             2
           43 |    19 |             0
           43 |    20 |             0
----------------------------------
           44 |     0 |             8
           44 |     1 |             7
           44 |     2 |             4
           44 |     3 |             3
           44 |     4 |             4
           44 |     5 |             2
           44 |     6 |             1
           44 |     7 |             2
           44 |     8 |             3
           44 |     9 |             3
           44 |    10 |             1
           44 |    11 |             3
           44 |    12 |             0
           44 |    13 |             0
           44 |    14 |             0
           44 |    15 |             1
           44 |    16 |             1
           44 |    17 |             1
           44 |    18 |             0
           44 |    19 |             0
           44 |    20 |             0
----------------------------------
           45 |     0 |            22
           45 |     1 |            12
           45 |     2 |             5
           45 |     3 |             5
           45 |     4 |             4
           45 |     5 |             3
           45 |     6 |             1
           45 |     7 |             1
           45 |     8 |             1
           45 |     9 |             2
           45 |    10 |             3
           45 |    11 |             0
           45 |    12 |             2
           45 |    13 |             3
           45 |    14 |             3
           45 |    15 |             5
           45 |    16 |             4
           45 |    17 |            11
           45 |    18 |             3
           45 |    19 |             0
           45 |    20 |             0
----------------------------------
           46 |     0 |            45
           46 |     1 |            36
           46 |     2 |            11
           46 |     3 |            17
           46 |     4 |            13
           46 |     5 |             9
           46 |     6 |             3
           46 |     7 |             3
           46 |     8 |             2
           46 |     9 |             1
           46 |    10 |             4
           46 |    11 |             4
           46 |    12 |             2
           46 |    13 |             2
           46 |    14 |             3
           46 |    15 |             4
           46 |    16 |             8
           46 |    17 |             6
           46 |    18 |            11
           46 |    19 |             0
           46 |    20 |             0
----------------------------------
           47 |     0 |            34
           47 |     1 |            24
           47 |     2 |            11
           47 |     3 |             8
           47 |     4 |             9
           47 |     5 |             7
           47 |     6 |             3
           47 |     7 |             0
           47 |     8 |             1
           47 |     9 |             1
           47 |    10 |             2
           47 |    11 |             1
           47 |    12 |             4
           47 |    13 |             2
           47 |    14 |             9
           47 |    15 |             8
           47 |    16 |             7
           47 |    17 |             6
           47 |    18 |             4
           47 |    19 |             0
           47 |    20 |             0
----------------------------------
           48 |     0 |            70
           48 |     1 |            41
           48 |     2 |            31
           48 |     3 |            27
           48 |     4 |            18
           48 |     5 |             8
           48 |     6 |             6
           48 |     7 |             7
           48 |     8 |             6
           48 |     9 |             6
           48 |    10 |             9
           48 |    11 |             9
           48 |    12 |             5
           48 |    13 |             4
           48 |    14 |             5
           48 |    15 |             9
           48 |    16 |            11
           48 |    17 |             7
           48 |    18 |             9
           48 |    19 |             0
           48 |    20 |             0
----------------------------------
           49 |     0 |            70
           49 |     1 |            47
           49 |     2 |            34
           49 |     3 |            26
           49 |     4 |            14
           49 |     5 |            16
           49 |     6 |            10
           49 |     7 |             9
           49 |     8 |             8
           49 |     9 |             9
           49 |    10 |             9
           49 |    11 |             4
           49 |    12 |             7
           49 |    13 |            13
           49 |    14 |            12
           49 |    15 |            19
           49 |    16 |            15
           49 |    17 |            13
           49 |    18 |             8
           49 |    19 |             0
           49 |    20 |             0
----------------------------------
           50 |     0 |            65
           50 |     1 |            47
           50 |     2 |            26
           50 |     3 |            25
           50 |     4 |            20
           50 |     5 |            15
           50 |     6 |             9
           50 |     7 |             6
           50 |     8 |            11
           50 |     9 |             3
           50 |    10 |             1
           50 |    11 |             3
           50 |    12 |             5
           50 |    13 |             5
           50 |    14 |            12
           50 |    15 |            17
           50 |    16 |            11
           50 |    17 |             8
           50 |    18 |            11
           50 |    19 |             0
           50 |    20 |             0
----------------------------------
           51 |     0 |            85
           51 |     1 |            44
           51 |     2 |            40
           51 |     3 |            26
           51 |     4 |            24
           51 |     5 |            23
           51 |     6 |            17
           51 |     7 |            16
           51 |     8 |            10
           51 |     9 |             5
           51 |    10 |             8
           51 |    11 |            12
           51 |    12 |            11
           51 |    13 |             6
           51 |    14 |            13
           51 |    15 |            15
           51 |    16 |            16
           51 |    17 |            20
           51 |    18 |            17
           51 |    19 |             0
           51 |    20 |             0
----------------------------------
           52 |     0 |            58
           52 |     1 |            39
           52 |     2 |            29
           52 |     3 |            21
           52 |     4 |            23
           52 |     5 |            11
           52 |     6 |            12
           52 |     7 |             9
           52 |     8 |             8
           52 |     9 |            11
           52 |    10 |            12
           52 |    11 |             5
           52 |    12 |            13
           52 |    13 |            11
           52 |    14 |             9
           52 |    15 |             9
           52 |    16 |             9
           52 |    17 |            16
           52 |    18 |             7
           52 |    19 |             0
           52 |    20 |             0
----------------------------------
           53 |     0 |            79
           53 |     1 |            43
           53 |     2 |            26
           53 |     3 |            28
           53 |     4 |            24
           53 |     5 |            15
           53 |     6 |            14
           53 |     7 |             7
           53 |     8 |             6
           53 |     9 |             9
           53 |    10 |             7
           53 |    11 |             9
           53 |    12 |             9
           53 |    13 |            17
           53 |    14 |            13
           53 |    15 |            22
           53 |    16 |            20
           53 |    17 |            16
           53 |    18 |             7
           53 |    19 |             0
           53 |    20 |             0
----------------------------------
           54 |     0 |           122
           54 |     1 |            83
           54 |     2 |            57
           54 |     3 |            45
           54 |     4 |            31
           54 |     5 |            25
           54 |     6 |            21
           54 |     7 |            22
           54 |     8 |            17
           54 |     9 |            17
           54 |    10 |            17
           54 |    11 |            21
           54 |    12 |            21
           54 |    13 |            20
           54 |    14 |            23
           54 |    15 |            22
           54 |    16 |            26
           54 |    17 |            29
           54 |    18 |            29
           54 |    19 |             0
           54 |    20 |             0
----------------------------------
           55 |     0 |            89
           55 |     1 |            57
           55 |     2 |            44
           55 |     3 |            36
           55 |     4 |            23
           55 |     5 |            17
           55 |     6 |            20
           55 |     7 |            13
           55 |     8 |            14
           55 |     9 |            16
           55 |    10 |            16
           55 |    11 |            14
           55 |    12 |            16
           55 |    13 |            18
           55 |    14 |            13
           55 |    15 |            22
           55 |    16 |            25
           55 |    17 |            22
           55 |    18 |            20
           55 |    19 |             0
           55 |    20 |             0
----------------------------------
           56 |     0 |           138
           56 |     1 |            99
           56 |     2 |            62
           56 |     3 |            49
           56 |     4 |            34
           56 |     5 |            39
           56 |     6 |            23
           56 |     7 |            19
           56 |     8 |            16
           56 |     9 |            22
           56 |    10 |            23
           56 |    11 |            21
           56 |    12 |            19
           56 |    13 |            16
           56 |    14 |            20
           56 |    15 |            26
           56 |    16 |            34
           56 |    17 |            40
           56 |    18 |            28
           56 |    19 |             0
           56 |    20 |             0
----------------------------------
           57 |     0 |           161
           57 |     1 |           103
           57 |     2 |            86
           57 |     3 |            50
           57 |     4 |            58
           57 |     5 |            43
           57 |     6 |            28
           57 |     7 |            26
           57 |     8 |            17
           57 |     9 |            19
           57 |    10 |            20
           57 |    11 |            34
           57 |    12 |            24
           57 |    13 |            29
           57 |    14 |            40
           57 |    15 |            47
           57 |    16 |            42
           57 |    17 |            44
           57 |    18 |            41
           57 |    19 |             0
           57 |    20 |             0
----------------------------------
           58 |     0 |           204
           58 |     1 |           125
           58 |     2 |            99
           58 |     3 |            69
           58 |     4 |            55
           58 |     5 |            53
           58 |     6 |            39
           58 |     7 |            34
           58 |     8 |            32
           58 |     9 |            23
           58 |    10 |            22
           58 |    11 |            21
           58 |    12 |            16
           58 |    13 |            21
           58 |    14 |            34
           58 |    15 |            42
           58 |    16 |            46
           58 |    17 |            58
           58 |    18 |            51
           58 |    19 |             0
           58 |    20 |             0
----------------------------------
           59 |     0 |           152
           59 |     1 |           100
           59 |     2 |            78
           59 |     3 |            43
           59 |     4 |            39
           59 |     5 |            42
           59 |     6 |            37
           59 |     7 |            23
           59 |     8 |            30
           59 |     9 |            19
           59 |    10 |            13
           59 |    11 |            13
           59 |    12 |            15
           59 |    13 |            15
           59 |    14 |            17
           59 |    15 |            31
           59 |    16 |            51
           59 |    17 |            60
           59 |    18 |            48
           59 |    19 |             0
           59 |    20 |             0
----------------------------------
           60 |     0 |           191
           60 |     1 |           135
           60 |     2 |            91
           60 |     3 |            59
           60 |     4 |            45
           60 |     5 |            43
           60 |     6 |            29
           60 |     7 |            36
           60 |     8 |            31
           60 |     9 |            31
           60 |    10 |            33
           60 |    11 |            26
           60 |    12 |            19
           60 |    13 |            26
           60 |    14 |            42
           60 |    15 |            47
           60 |    16 |            47
           60 |    17 |            40
           60 |    18 |            49
           60 |    19 |             0
           60 |    20 |             0
----------------------------------
           61 |     0 |           247
           61 |     1 |           174
           61 |     2 |           107
           61 |     3 |            84
           61 |     4 |            74
           61 |     5 |            70
           61 |     6 |            59
           61 |     7 |            52
           61 |     8 |            36
           61 |     9 |            48
           61 |    10 |            38
           61 |    11 |            42
           61 |    12 |            35
           61 |    13 |            46
           61 |    14 |            54
           61 |    15 |            69
           61 |    16 |            76
           61 |    17 |            84
           61 |    18 |            69
           61 |    19 |             0
           61 |    20 |             0
----------------------------------
           62 |     0 |           142
           62 |     1 |           101
           62 |     2 |            74
           62 |     3 |            47
           62 |     4 |            44
           62 |     5 |            39
           62 |     6 |            34
           62 |     7 |            37
           62 |     8 |            28
           62 |     9 |            28
           62 |    10 |            17
           62 |    11 |            21
           62 |    12 |            35
           62 |    13 |            44
           62 |    14 |            40
           62 |    15 |            47
           62 |    16 |            53
           62 |    17 |            53
           62 |    18 |            46
           62 |    19 |             0
           62 |    20 |             0
----------------------------------
           63 |     0 |           147
           63 |     1 |           106
           63 |     2 |            84
           63 |     3 |            59
           63 |     4 |            48
           63 |     5 |            38
           63 |     6 |            35
           63 |     7 |            31
           63 |     8 |            32
           63 |     9 |            42
           63 |    10 |            36
           63 |    11 |            38
           63 |    12 |            36
           63 |    13 |            32
           63 |    14 |            37
           63 |    15 |            46
           63 |    16 |            60
           63 |    17 |            63
           63 |    18 |            38
           63 |    19 |             0
           63 |    20 |             0
----------------------------------
           64 |     0 |           117
           64 |     1 |            81
           64 |     2 |            51
           64 |     3 |            53
           64 |     4 |            40
           64 |     5 |            33
           64 |     6 |            31
           64 |     7 |            24
           64 |     8 |            20
           64 |     9 |            30
           64 |    10 |            27
           64 |    11 |            21
           64 |    12 |            30
           64 |    13 |            27
           64 |    14 |            39
           64 |    15 |            41
           64 |    16 |            33
           64 |    17 |            34
           64 |    18 |            36
           64 |    19 |             0
           64 |    20 |             0
----------------------------------
           65 |     0 |           161
           65 |     1 |           113
           65 |     2 |            87
           65 |     3 |            85
           65 |     4 |            59
           65 |     5 |            48
           65 |     6 |            51
           65 |     7 |            47
           65 |     8 |            59
           65 |     9 |            50
           65 |    10 |            53
           65 |    11 |            47
           65 |    12 |            37
           65 |    13 |            34
           65 |    14 |            45
           65 |    15 |            38
           65 |    16 |            47
           65 |    17 |            58
           65 |    18 |            51
           65 |    19 |             0
           65 |    20 |             0
----------------------------------
           66 |     0 |           210
           66 |     1 |           129
           66 |     2 |           124
           66 |     3 |            88
           66 |     4 |            58
           66 |     5 |            53
           66 |     6 |            55
           66 |     7 |            62
           66 |     8 |            49
           66 |     9 |            50
           66 |    10 |            47
           66 |    11 |            49
           66 |    12 |            49
           66 |    13 |            53
           66 |    14 |            59
           66 |    15 |            76
           66 |    16 |            62
           66 |    17 |            65
           66 |    18 |            48
           66 |    19 |             0
           66 |    20 |             0
----------------------------------
           67 |     0 |           188
           67 |     1 |           128
           67 |     2 |            74
           67 |     3 |            63
           67 |     4 |            64
           67 |     5 |            67
           67 |     6 |            45
           67 |     7 |            47
           67 |     8 |            51
           67 |     9 |            42
           67 |    10 |            44
           67 |    11 |            51
           67 |    12 |            41
           67 |    13 |            54
           67 |    14 |            50
           67 |    15 |            58
           67 |    16 |            76
           67 |    17 |            79
           67 |    18 |            51
           67 |    19 |             0
           67 |    20 |             0
----------------------------------
           68 |     0 |           256
           68 |     1 |           190
           68 |     2 |           131
           68 |     3 |            98
           68 |     4 |            93
           68 |     5 |            86
           68 |     6 |            84
           68 |     7 |            82
           68 |     8 |            66
           68 |     9 |            55
           68 |    10 |            44
           68 |    11 |            55
           68 |    12 |            81
           68 |    13 |            76
           68 |    14 |            75
           68 |    15 |            95
           68 |    16 |           104
           68 |    17 |            92
           68 |    18 |            73
           68 |    19 |             0
           68 |    20 |             0
----------------------------------
           69 |     0 |           163
           69 |     1 |           116
           69 |     2 |            82
           69 |     3 |            70
           69 |     4 |            44
           69 |     5 |            49
           69 |     6 |            54
           69 |     7 |            52
           69 |     8 |            47
           69 |     9 |            52
           69 |    10 |            60
           69 |    11 |            47
           69 |    12 |            60
           69 |    13 |            48
           69 |    14 |            71
           69 |    15 |            68
           69 |    16 |            64
           69 |    17 |            59
           69 |    18 |            36
           69 |    19 |             0
           69 |    20 |             0
----------------------------------
           70 |     0 |           258
           70 |     1 |           191
           70 |     2 |           129
           70 |     3 |           103
           70 |     4 |            78
           70 |     5 |            71
           70 |     6 |            76
           70 |     7 |            73
           70 |     8 |            66
           70 |     9 |            57
           70 |    10 |            60
           70 |    11 |            54
           70 |    12 |            81
           70 |    13 |            80
           70 |    14 |            80
           70 |    15 |            75
           70 |    16 |            73
           70 |    17 |            72
           70 |    18 |            73
           70 |    19 |             0
           70 |    20 |             0
----------------------------------
           71 |     0 |           226
           71 |     1 |           152
           71 |     2 |           135
           71 |     3 |           102
           71 |     4 |            80
           71 |     5 |            60
           71 |     6 |            74
           71 |     7 |            76
           71 |     8 |            79
           71 |     9 |            64
           71 |    10 |            69
           71 |    11 |            74
           71 |    12 |            81
           71 |    13 |            78
           71 |    14 |            92
           71 |    15 |            96
           71 |    16 |            86
           71 |    17 |            85
           71 |    18 |            66
           71 |    19 |             0
           71 |    20 |             0
----------------------------------
           72 |     0 |           189
           72 |     1 |           130
           72 |     2 |           103
           72 |     3 |            86
           72 |     4 |            82
           72 |     5 |            65
           72 |     6 |            63
           72 |     7 |            61
           72 |     8 |            55
           72 |     9 |            47
           72 |    10 |            60
           72 |    11 |            58
           72 |    12 |            63
           72 |    13 |            72
           72 |    14 |            71
           72 |    15 |            86
           72 |    16 |            84
           72 |    17 |            78
           72 |    18 |            59
           72 |    19 |             0
           72 |    20 |             0
----------------------------------
           73 |     0 |           384
           73 |     1 |           289
           73 |     2 |           190
           73 |     3 |           157
           73 |     4 |           154
           73 |     5 |           155
           73 |     6 |           117
           73 |     7 |           113
           73 |     8 |           112
           73 |     9 |           117
           73 |    10 |           118
           73 |    11 |           122
           73 |    12 |           118
           73 |    13 |           117
           73 |    14 |           134
           73 |    15 |           134
           73 |    16 |           177
           73 |    17 |           171
           73 |    18 |           114
           73 |    19 |             0
           73 |    20 |             0
----------------------------------
           74 |     0 |           248
           74 |     1 |           157
           74 |     2 |           120
           74 |     3 |           113
           74 |     4 |           106
           74 |     5 |           114
           74 |     6 |            93
           74 |     7 |            84
           74 |     8 |            53
           74 |     9 |            58
           74 |    10 |            61
           74 |    11 |            88
           74 |    12 |            71
           74 |    13 |            74
           74 |    14 |            76
           74 |    15 |            91
           74 |    16 |            89
           74 |    17 |            98
           74 |    18 |            56
           74 |    19 |             0
           74 |    20 |             0
----------------------------------
           75 |     0 |           273
           75 |     1 |           182
           75 |     2 |           161
           75 |     3 |           143
           75 |     4 |           105
           75 |     5 |           106
           75 |     6 |           102
           75 |     7 |           102
           75 |     8 |            95
           75 |     9 |           101
           75 |    10 |            96
           75 |    11 |           104
           75 |    12 |            89
           75 |    13 |            99
           75 |    14 |           115
           75 |    15 |           100
           75 |    16 |           124
           75 |    17 |            86
           75 |    18 |            67
           75 |    19 |             0
           75 |    20 |             0
----------------------------------
           76 |     0 |           213
           76 |     1 |           152
           76 |     2 |           125
           76 |     3 |           116
           76 |     4 |            89
           76 |     5 |            92
           76 |     6 |            72
           76 |     7 |            83
           76 |     8 |            77
           76 |     9 |            61
           76 |    10 |            75
           76 |    11 |            69
           76 |    12 |            80
           76 |    13 |            79
           76 |    14 |            85
           76 |    15 |           112
           76 |    16 |           110
           76 |    17 |            84
           76 |    18 |            50
           76 |    19 |             0
           76 |    20 |             0
----------------------------------
           77 |     0 |           236
           77 |     1 |           161
           77 |     2 |           142
           77 |     3 |           112
           77 |     4 |           111
           77 |     5 |            82
           77 |     6 |            90
           77 |     7 |            91
           77 |     8 |            85
           77 |     9 |            89
           77 |    10 |            91
           77 |    11 |           110
           77 |    12 |            84
           77 |    13 |            96
           77 |    14 |           102
           77 |    15 |           107
           77 |    16 |           122
           77 |    17 |           100
           77 |    18 |            68
           77 |    19 |             0
           77 |    20 |             0
----------------------------------
           78 |     0 |           166
           78 |     1 |           111
           78 |     2 |           102
           78 |     3 |            80
           78 |     4 |            64
           78 |     5 |            69
           78 |     6 |            73
           78 |     7 |            62
           78 |     8 |            68
           78 |     9 |            61
           78 |    10 |            62
           78 |    11 |            63
           78 |    12 |            52
           78 |    13 |            56
           78 |    14 |            74
           78 |    15 |            67
           78 |    16 |            68
           78 |    17 |            62
           78 |    18 |            44
           78 |    19 |             0
           78 |    20 |             0
----------------------------------
           79 |     0 |           223
           79 |     1 |           137
           79 |     2 |           128
           79 |     3 |            79
           79 |     4 |            67
           79 |     5 |            66
           79 |     6 |            55
           79 |     7 |            72
           79 |     8 |            60
           79 |     9 |            63
           79 |    10 |            60
           79 |    11 |            81
           79 |    12 |            82
           79 |    13 |            91
           79 |    14 |            99
           79 |    15 |            98
           79 |    16 |            79
           79 |    17 |            69
           79 |    18 |            50
           79 |    19 |             0
           79 |    20 |             0
----------------------------------
           80 |     0 |           210
           80 |     1 |           136
           80 |     2 |           113
           80 |     3 |           117
           80 |     4 |            97
           80 |     5 |            85
           80 |     6 |            82
           80 |     7 |            90
           80 |     8 |            67
           80 |     9 |            69
           80 |    10 |            77
           80 |    11 |           100
           80 |    12 |           107
           80 |    13 |           100
           80 |    14 |           102
           80 |    15 |           100
           80 |    16 |            98
           80 |    17 |            95
           80 |    18 |            75
           80 |    19 |             0
           80 |    20 |             0
----------------------------------
           81 |     0 |           307
           81 |     1 |           231
           81 |     2 |           193
           81 |     3 |           162
           81 |     4 |           137
           81 |     5 |           129
           81 |     6 |           103
           81 |     7 |           105
           81 |     8 |           105
           81 |     9 |           109
           81 |    10 |           119
           81 |    11 |           127
           81 |    12 |           161
           81 |    13 |           167
           81 |    14 |           152
           81 |    15 |           168
           81 |    16 |           141
           81 |    17 |           117
           81 |    18 |           102
           81 |    19 |             0
           81 |    20 |             0
----------------------------------
           82 |     0 |           221
           82 |     1 |           153
           82 |     2 |           135
           82 |     3 |           113
           82 |     4 |           111
           82 |     5 |            92
           82 |     6 |            85
           82 |     7 |            87
           82 |     8 |            80
           82 |     9 |            78
           82 |    10 |            95
           82 |    11 |            90
           82 |    12 |           107
           82 |    13 |            93
           82 |    14 |            95
           82 |    15 |           104
           82 |    16 |           125
           82 |    17 |           114
           82 |    18 |            72
           82 |    19 |             0
           82 |    20 |             0
----------------------------------
           83 |     0 |           178
           83 |     1 |           117
           83 |     2 |           106
           83 |     3 |            79
           83 |     4 |            79
           83 |     5 |            92
           83 |     6 |            94
           83 |     7 |            84
           83 |     8 |            91
           83 |     9 |            88
           83 |    10 |            85
           83 |    11 |           104
           83 |    12 |            86
           83 |    13 |            79
           83 |    14 |            74
           83 |    15 |            86
           83 |    16 |            90
           83 |    17 |            77
           83 |    18 |            54
           83 |    19 |             0
           83 |    20 |             0
----------------------------------
           84 |     0 |           178
           84 |     1 |           139
           84 |     2 |           109
           84 |     3 |            85
           84 |     4 |            77
           84 |     5 |            74
           84 |     6 |            79
           84 |     7 |            82
           84 |     8 |            80
           84 |     9 |            69
           84 |    10 |            83
           84 |    11 |            82
           84 |    12 |            89
           84 |    13 |            88
           84 |    14 |            86
           84 |    15 |           106
           84 |    16 |           112
           84 |    17 |            92
           84 |    18 |            54
           84 |    19 |             0
           84 |    20 |             0
----------------------------------
           85 |     0 |           220
           85 |     1 |           158
           85 |     2 |           117
           85 |     3 |            95
           85 |     4 |            75
           85 |     5 |            84
           85 |     6 |            74
           85 |     7 |            65
           85 |     8 |            77
           85 |     9 |            91
           85 |    10 |            95
           85 |    11 |            94
           85 |    12 |           124
           85 |    13 |           119
           85 |    14 |           116
           85 |    15 |           131
           85 |    16 |           114
           85 |    17 |           104
           85 |    18 |            87
           85 |    19 |             0
           85 |    20 |             0
----------------------------------
           86 |     0 |           198
           86 |     1 |           126
           86 |     2 |            99
           86 |     3 |            75
           86 |     4 |            61
           86 |     5 |            69
           86 |     6 |            67
           86 |     7 |            69
           86 |     8 |            81
           86 |     9 |            74
           86 |    10 |           100
           86 |    11 |            80
           86 |    12 |            92
           86 |    13 |            93
           86 |    14 |            99
           86 |    15 |           114
           86 |    16 |           116
           86 |    17 |           119
           86 |    18 |            74
           86 |    19 |             0
           86 |    20 |             0
----------------------------------
           87 |     0 |           209
           87 |     1 |           161
           87 |     2 |           137
           87 |     3 |           119
           87 |     4 |            93
           87 |     5 |            87
           87 |     6 |            87
           87 |     7 |            87
           87 |     8 |            96
           87 |     9 |            92
           87 |    10 |            84
           87 |    11 |            82
           87 |    12 |           104
           87 |    13 |            98
           87 |    14 |           109
           87 |    15 |           126
           87 |    16 |           127
           87 |    17 |           113
           87 |    18 |            77
           87 |    19 |             0
           87 |    20 |             0
----------------------------------
           88 |     0 |           152
           88 |     1 |            94
           88 |     2 |            83
           88 |     3 |            91
           88 |     4 |            74
           88 |     5 |            77
           88 |     6 |            85
           88 |     7 |            88
           88 |     8 |            87
           88 |     9 |            78
           88 |    10 |            84
           88 |    11 |            77
           88 |    12 |            78
           88 |    13 |           114
           88 |    14 |            95
           88 |    15 |           102
           88 |    16 |            95
           88 |    17 |            75
           88 |    18 |            43
           88 |    19 |             0
           88 |    20 |             0
----------------------------------
           89 |     0 |           220
           89 |     1 |           160
           89 |     2 |           126
           89 |     3 |           136
           89 |     4 |           109
           89 |     5 |           125
           89 |     6 |           139
           89 |     7 |           133
           89 |     8 |           120
           89 |     9 |           123
           89 |    10 |           108
           89 |    11 |           118
           89 |    12 |           130
           89 |    13 |           139
           89 |    14 |           133
           89 |    15 |           119
           89 |    16 |           107
           89 |    17 |            94
           89 |    18 |            64
           89 |    19 |             0
           89 |    20 |             0
----------------------------------
           90 |     0 |           117
           90 |     1 |           104
           90 |     2 |            80
           90 |     3 |            77
           90 |     4 |            71
           90 |     5 |            69
           90 |     6 |            63
           90 |     7 |            74
           90 |     8 |            54
           90 |     9 |            68
           90 |    10 |            62
           90 |    11 |            73
           90 |    12 |            78
           90 |    13 |            87
           90 |    14 |            94
           90 |    15 |            97
           90 |    16 |            69
           90 |    17 |            58
           90 |    18 |            45
           90 |    19 |             0
           90 |    20 |             0
----------------------------------
           91 |     0 |            90
           91 |     1 |            92
           91 |     2 |            64
           91 |     3 |            47
           91 |     4 |            52
           91 |     5 |            44
           91 |     6 |            46
           91 |     7 |            45
           91 |     8 |            53
           91 |     9 |            46
           91 |    10 |            47
           91 |    11 |            51
           91 |    12 |            55
           91 |    13 |            49
           91 |    14 |            39
           91 |    15 |            53
           91 |    16 |            50
           91 |    17 |            46
           91 |    18 |            32
           91 |    19 |             0
           91 |    20 |             0
----------------------------------
           92 |     0 |           139
           92 |     1 |           117
           92 |     2 |            91
           92 |     3 |            66
           92 |     4 |            65
           92 |     5 |            83
           92 |     6 |            82
           92 |     7 |            61
           92 |     8 |            76
           92 |     9 |            96
           92 |    10 |            93
           92 |    11 |            89
           92 |    12 |           101
           92 |    13 |           107
           92 |    14 |           110
           92 |    15 |            99
           92 |    16 |            84
           92 |    17 |            60
           92 |    18 |            37
           92 |    19 |             0
           92 |    20 |             0
----------------------------------
           93 |     0 |            37
           93 |     1 |            28
           93 |     2 |            24
           93 |     3 |            27
           93 |     4 |            25
           93 |     5 |            14
           93 |     6 |            20
           93 |     7 |            24
           93 |     8 |            30
           93 |     9 |            28
           93 |    10 |            25
           93 |    11 |            21
           93 |    12 |            16
           93 |    13 |            26
           93 |    14 |            24
           93 |    15 |            17
           93 |    16 |            29
           93 |    17 |            33
           93 |    18 |            17
           93 |    19 |             0
           93 |    20 |             0
----------------------------------
           94 |     0 |            90
           94 |     1 |            67
           94 |     2 |            61
           94 |     3 |            48
           94 |     4 |            38
           94 |     5 |            33
           94 |     6 |            55
           94 |     7 |            56
           94 |     8 |            61
           94 |     9 |            60
           94 |    10 |            63
           94 |    11 |            58
           94 |    12 |            51
           94 |    13 |            52
           94 |    14 |            48
           94 |    15 |            55
           94 |    16 |            53
           94 |    17 |            52
           94 |    18 |            33
           94 |    19 |             0
           94 |    20 |             0
----------------------------------
           95 |     0 |            87
           95 |     1 |            67
           95 |     2 |            62
           95 |     3 |            47
           95 |     4 |            46
           95 |     5 |            39
           95 |     6 |            34
           95 |     7 |            42
           95 |     8 |            37
           95 |     9 |            44
           95 |    10 |            45
           95 |    11 |            49
           95 |    12 |            58
           95 |    13 |            57
           95 |    14 |            62
           95 |    15 |            74
           95 |    16 |            71
           95 |    17 |            80
           95 |    18 |            44
           95 |    19 |             0
           95 |    20 |             0
----------------------------------
           96 |     0 |            76
           96 |     1 |            52
           96 |     2 |            34
           96 |     3 |            32
           96 |     4 |            35
           96 |     5 |            34
           96 |     6 |            32
           96 |     7 |            29
           96 |     8 |            35
           96 |     9 |            43
           96 |    10 |            40
           96 |    11 |            41
           96 |    12 |            44
           96 |    13 |            44
           96 |    14 |            45
           96 |    15 |            42
           96 |    16 |            53
           96 |    17 |            34
           96 |    18 |            23
           96 |    19 |             0
           96 |    20 |             0
----------------------------------
           97 |     0 |            85
           97 |     1 |            81
           97 |     2 |            68
           97 |     3 |            49
           97 |     4 |            55
           97 |     5 |            48
           97 |     6 |            55
           97 |     7 |            72
           97 |     8 |            47
           97 |     9 |            65
           97 |    10 |            66
           97 |    11 |            67
           97 |    12 |            75
           97 |    13 |            74
           97 |    14 |            86
           97 |    15 |            86
           97 |    16 |            78
           97 |    17 |            71
           97 |    18 |            33
           97 |    19 |             0
           97 |    20 |             0
----------------------------------
           98 |     0 |            51
           98 |     1 |            38
           98 |     2 |            40
           98 |     3 |            33
           98 |     4 |            23
           98 |     5 |            22
           98 |     6 |            28
           98 |     7 |            33
           98 |     8 |            36
           98 |     9 |            30
           98 |    10 |            43
           98 |    11 |            48
           98 |    12 |            36
           98 |    13 |            38
           98 |    14 |            34
           98 |    15 |            21
           98 |    16 |            16
           98 |    17 |            11
           98 |    18 |             7
           98 |    19 |             0
           98 |    20 |             0
----------------------------------
           99 |     0 |            53
           99 |     1 |            47
           99 |     2 |            32
           99 |     3 |            35
           99 |     4 |            24
           99 |     5 |            28
           99 |     6 |            23
           99 |     7 |            39
           99 |     8 |            31
           99 |     9 |            39
           99 |    10 |            38
           99 |    11 |            36
           99 |    12 |            32
           99 |    13 |            40
           99 |    14 |            43
           99 |    15 |            45
           99 |    16 |            49
           99 |    17 |            37
           99 |    18 |            22
           99 |    19 |             0
           99 |    20 |             0
----------------------------------
          100 |     0 |            50
          100 |     1 |            39
          100 |     2 |            39
          100 |     3 |            33
          100 |     4 |            31
          100 |     5 |            33
          100 |     6 |            27
          100 |     7 |            38
          100 |     8 |            30
          100 |     9 |            30
          100 |    10 |            25
          100 |    11 |            31
          100 |    12 |            41
          100 |    13 |            43
          100 |    14 |            39
          100 |    15 |            43
          100 |    16 |            41
          100 |    17 |            44
          100 |    18 |            43
          100 |    19 |             0
          100 |    20 |             0
----------------------------------
          101 |     0 |            88
          101 |     1 |            73
          101 |     2 |            59
          101 |     3 |            50
          101 |     4 |            48
          101 |     5 |            48
          101 |     6 |            50
          101 |     7 |            41
          101 |     8 |            45
          101 |     9 |            31
          101 |    10 |            39
          101 |    11 |            63
          101 |    12 |            79
          101 |    13 |            81
          101 |    14 |            87
          101 |    15 |            97
          101 |    16 |            96
          101 |    17 |            83
          101 |    18 |            54
          101 |    19 |             0
          101 |    20 |             0
----------------------------------
          102 |     0 |            13
          102 |     1 |             2
          102 |     2 |             1
          102 |     3 |             2
          102 |     4 |             2
          102 |     5 |             3
          102 |     6 |             3
          102 |     7 |             2
          102 |     8 |             4
          102 |     9 |             5
          102 |    10 |             7
          102 |    11 |             6
          102 |    12 |            10
          102 |    13 |             7
          102 |    14 |             8
          102 |    15 |             9
          102 |    16 |             6
          102 |    17 |             8
          102 |    18 |             4
          102 |    19 |             0
          102 |    20 |             0
----------------------------------
          103 |     0 |            39
          103 |     1 |            29
          103 |     2 |            24
          103 |     3 |            20
          103 |     4 |            27
          103 |     5 |            29
          103 |     6 |            32
          103 |     7 |            33
          103 |     8 |            35
          103 |     9 |            30
          103 |    10 |            43
          103 |    11 |            39
          103 |    12 |            37
          103 |    13 |            40
          103 |    14 |            32
          103 |    15 |            35
          103 |    16 |            33
          103 |    17 |            37
          103 |    18 |            24
          103 |    19 |             0
          103 |    20 |             0
----------------------------------
          104 |     0 |            52
          104 |     1 |            35
          104 |     2 |            25
          104 |     3 |            29
          104 |     4 |            37
          104 |     5 |            38
          104 |     6 |            36
          104 |     7 |            40
          104 |     8 |            39
          104 |     9 |            46
          104 |    10 |            52
          104 |    11 |            48
          104 |    12 |            40
          104 |    13 |            50
          104 |    14 |            48
          104 |    15 |            34
          104 |    16 |            32
          104 |    17 |            28
          104 |    18 |            19
          104 |    19 |             0
          104 |    20 |             0
----------------------------------
          105 |     0 |            44
          105 |     1 |            32
          105 |     2 |            24
          105 |     3 |            31
          105 |     4 |            22
          105 |     5 |            33
          105 |     6 |            27
          105 |     7 |            25
          105 |     8 |            30
          105 |     9 |            35
          105 |    10 |            28
          105 |    11 |            32
          105 |    12 |            33
          105 |    13 |            36
          105 |    14 |            47
          105 |    15 |            45
          105 |    16 |            51
          105 |    17 |            37
          105 |    18 |            18
          105 |    19 |             0
          105 |    20 |             0
----------------------------------
          106 |     0 |            14
          106 |     1 |            11
          106 |     2 |            10
          106 |     3 |            11
          106 |     4 |            12
          106 |     5 |             9
          106 |     6 |            10
          106 |     7 |            15
          106 |     8 |            13
          106 |     9 |            10
          106 |    10 |             8
          106 |    11 |             7
          106 |    12 |            11
          106 |    13 |            14
          106 |    14 |            10
          106 |    15 |            14
          106 |    16 |            14
          106 |    17 |            11
          106 |    18 |             8
          106 |    19 |             0
          106 |    20 |             0
----------------------------------
          107 |     0 |            15
          107 |     1 |             8
          107 |     2 |            10
          107 |     3 |             9
          107 |     4 |            11
          107 |     5 |             9
          107 |     6 |            15
          107 |     7 |            17
          107 |     8 |            17
          107 |     9 |            17
          107 |    10 |            12
          107 |    11 |            12
          107 |    12 |             8
          107 |    13 |             8
          107 |    14 |             8
          107 |    15 |            10
          107 |    16 |            10
          107 |    17 |             9
          107 |    18 |             9
          107 |    19 |             0
          107 |    20 |             0
----------------------------------
          108 |     0 |             5
          108 |     1 |             4
          108 |     2 |             3
          108 |     3 |             1
          108 |     4 |             2
          108 |     5 |             6
          108 |     6 |            11
          108 |     7 |            10
          108 |     8 |            10
          108 |     9 |             8
          108 |    10 |             7
          108 |    11 |             8
          108 |    12 |             4
          108 |    13 |             4
          108 |    14 |             7
          108 |    15 |             5
          108 |    16 |             5
          108 |    17 |             6
          108 |    18 |             2
          108 |    19 |             0
          108 |    20 |             0
----------------------------------
          109 |     0 |            28
          109 |     1 |            22
          109 |     2 |            22
          109 |     3 |            21
          109 |     4 |            18
          109 |     5 |            17
          109 |     6 |            11
          109 |     7 |            10
          109 |     8 |            19
          109 |     9 |            21
          109 |    10 |            21
          109 |    11 |            20
          109 |    12 |            33
          109 |    13 |            33
          109 |    14 |            36
          109 |    15 |            40
          109 |    16 |            33
          109 |    17 |            19
          109 |    18 |            12
          109 |    19 |             0
          109 |    20 |             0
----------------------------------
----------------------------------
          111 |     0 |            11
          111 |     1 |             5
          111 |     2 |             7
          111 |     3 |             9
          111 |     4 |            10
          111 |     5 |             3
          111 |     6 |             1
          111 |     7 |             1
          111 |     8 |             3
          111 |     9 |             5
          111 |    10 |             4
          111 |    11 |             4
          111 |    12 |             5
          111 |    13 |             7
          111 |    14 |             6
          111 |    15 |             6
          111 |    16 |             8
          111 |    17 |            10
          111 |    18 |             6
          111 |    19 |             0
          111 |    20 |             0
----------------------------------
          112 |     0 |            21
          112 |     1 |            14
          112 |     2 |            17
          112 |     3 |            10
          112 |     4 |            13
          112 |     5 |            18
          112 |     6 |            18
          112 |     7 |            22
          112 |     8 |            21
          112 |     9 |            35
          112 |    10 |            28
          112 |    11 |            28
          112 |    12 |            28
          112 |    13 |            39
          112 |    14 |            31
          112 |    15 |            31
          112 |    16 |            34
          112 |    17 |            27
          112 |    18 |            13
          112 |    19 |             0
          112 |    20 |             0
----------------------------------
          113 |     0 |            31
          113 |     1 |            26
          113 |     2 |            23
          113 |     3 |            33
          113 |     4 |            26
          113 |     5 |            24
          113 |     6 |            30
          113 |     7 |            20
          113 |     8 |            27
          113 |     9 |            26
          113 |    10 |            23
          113 |    11 |            42
          113 |    12 |            35
          113 |    13 |            44
          113 |    14 |            41
          113 |    15 |            34
          113 |    16 |            30
          113 |    17 |            28
          113 |    18 |            22
          113 |    19 |             0
          113 |    20 |             0
----------------------------------
          114 |     0 |            30
          114 |     1 |            24
          114 |     2 |            24
          114 |     3 |            11
          114 |     4 |            16
          114 |     5 |            18
          114 |     6 |            15
          114 |     7 |            16
          114 |     8 |            23
          114 |     9 |            23
          114 |    10 |            27
          114 |    11 |            35
          114 |    12 |            31
          114 |    13 |            18
          114 |    14 |            35
          114 |    15 |            31
          114 |    16 |            30
          114 |    17 |            28
          114 |    18 |            21
          114 |    19 |             0
          114 |    20 |             0
----------------------------------
          115 |     0 |             3
          115 |     1 |             5
          115 |     2 |             5
          115 |     3 |             5
          115 |     4 |             6
          115 |     5 |             7
          115 |     6 |             7
          115 |     7 |             5
          115 |     8 |             5
          115 |     9 |             3
          115 |    10 |             4
          115 |    11 |             5
          115 |    12 |             7
          115 |    13 |            11
          115 |    14 |             7
          115 |    15 |             9
          115 |    16 |            11
          115 |    17 |             6
          115 |    18 |             4
          115 |    19 |             0
          115 |    20 |             0
----------------------------------
          116 |     0 |             7
          116 |     1 |             4
          116 |     2 |             2
          116 |     3 |             5
          116 |     4 |             4
          116 |     5 |            12
          116 |     6 |             5
          116 |     7 |             4
          116 |     8 |             3
          116 |     9 |             6
          116 |    10 |             5
          116 |    11 |             5
          116 |    12 |             7
          116 |    13 |            11
          116 |    14 |             8
          116 |    15 |            13
          116 |    16 |            11
          116 |    17 |             2
          116 |    18 |             2
          116 |    19 |             0
          116 |    20 |             0
----------------------------------
          117 |     0 |             7
          117 |     1 |             9
          117 |     2 |             6
          117 |     3 |             4
          117 |     4 |             7
          117 |     5 |             2
          117 |     6 |             1
          117 |     7 |             0
          117 |     8 |             6
          117 |     9 |             4
          117 |    10 |             5
          117 |    11 |             8
          117 |    12 |            13
          117 |    13 |             8
          117 |    14 |            10
          117 |    15 |             8
          117 |    16 |             8
          117 |    17 |             5
          117 |    18 |             6
          117 |    19 |             0
          117 |    20 |             0
----------------------------------
          118 |     0 |            10
          118 |     1 |             6
          118 |     2 |             2
          118 |     3 |             3
          118 |     4 |             9
          118 |     5 |             6
          118 |     6 |             4
          118 |     7 |             9
          118 |     8 |             9
          118 |     9 |             8
          118 |    10 |             6
          118 |    11 |            12
          118 |    12 |            13
          118 |    13 |             5
          118 |    14 |             7
          118 |    15 |             3
          118 |    16 |             3
          118 |    17 |             2
          118 |    18 |             1
          118 |    19 |             0
          118 |    20 |             0
----------------------------------
          119 |     0 |            18
          119 |     1 |             9
          119 |     2 |             8
          119 |     3 |             6
          119 |     4 |             8
          119 |     5 |            10
          119 |     6 |            12
          119 |     7 |            10
          119 |     8 |            10
          119 |     9 |            17
          119 |    10 |            24
          119 |    11 |            20
          119 |    12 |            15
          119 |    13 |            15
          119 |    14 |            17
          119 |    15 |            12
          119 |    16 |            11
          119 |    17 |            13
          119 |    18 |             3
          119 |    19 |             0
          119 |    20 |             0
----------------------------------
----------------------------------
----------------------------------
          122 |     0 |             9
          122 |     1 |             6
          122 |     2 |             4
          122 |     3 |             2
          122 |     4 |             0
          122 |     5 |             3
          122 |     6 |             3
          122 |     7 |             5
          122 |     8 |             7
          122 |     9 |             7
          122 |    10 |             9
          122 |    11 |            10
          122 |    12 |            10
          122 |    13 |             8
          122 |    14 |            13
          122 |    15 |            11
          122 |    16 |             6
          122 |    17 |             5
          122 |    18 |             4
          122 |    19 |             0
          122 |    20 |             0
----------------------------------
----------------------------------
----------------------------------
----------------------------------
          126 |     0 |             9
          126 |     1 |             6
          126 |     2 |             5
          126 |     3 |             3
          126 |     4 |             4
          126 |     5 |             6
          126 |     6 |             4
          126 |     7 |             6
          126 |     8 |             1
          126 |     9 |             4
          126 |    10 |             3
          126 |    11 |             3
          126 |    12 |             3
          126 |    13 |            10
          126 |    14 |            15
          126 |    15 |            14
          126 |    16 |            16
          126 |    17 |            12
          126 |    18 |             2
          126 |    19 |             0
          126 |    20 |             0
----------------------------------
          127 |     0 |             6
          127 |     1 |             5
          127 |     2 |             2
          127 |     3 |             4
          127 |     4 |             1
          127 |     5 |             2
          127 |     6 |             3
          127 |     7 |             7
          127 |     8 |             7
          127 |     9 |            10
          127 |    10 |             9
          127 |    11 |            11
          127 |    12 |             9
          127 |    13 |            12
          127 |    14 |            10
          127 |    15 |             9
          127 |    16 |             9
          127 |    17 |             7
          127 |    18 |             4
          127 |    19 |             0
          127 |    20 |             0
----------------------------------
----------------------------------
          129 |     0 |             4
          129 |     1 |             6
          129 |     2 |             5
          129 |     3 |             4
          129 |     4 |             8
          129 |     5 |            10
          129 |     6 |             8
          129 |     7 |             6
          129 |     8 |             7
          129 |     9 |             5
          129 |    10 |             5
          129 |    11 |             6
          129 |    12 |             9
          129 |    13 |             6
          129 |    14 |             8
          129 |    15 |             9
          129 |    16 |             8
          129 |    17 |             7
          129 |    18 |             8
          129 |    19 |             0
          129 |    20 |             0
----------------------------------
----------------------------------
----------------------------------
----------------------------------
----------------------------------
----------------------------------
----------------------------------
----------------------------------
----------------------------------
----------------------------------
----------------------------------
----------------------------------
----------------------------------
----------------------------------
----------------------------------
----------------------------------
----------------------------------
----------------------------------
----------------------------------
----------------------------------
----------------------------------
----------------------------------
----------------------------------
----------------------------------
----------------------------------
----------------------------------
----------------------------------
----------------------------------
----------------------------------
----------------------------------
----------------------------------
----------------------------------
----------------------------------
----------------------------------
----------------------------------
----------------------------------
----------------------------------
----------------------------------
----------------------------------
----------------------------------
----------------------------------
----------------------------------
----------------------------------
----------------------------------
----------------------------------
----------------------------------
----------------------------------
----------------------------------
----------------------------------
----------------------------------
----------------------------------
----------------------------------
----------------------------------
----------------------------------
----------------------------------
----------------------------------
----------------------------------
----------------------------------
----------------------------------
----------------------------------
----------------------------------
----------------------------------
