MinCut number | RSize | Number of cuts
----------------------------------
----------------------------------
----------------------------------
----------------------------------
----------------------------------
----------------------------------
----------------------------------
----------------------------------
----------------------------------
----------------------------------
----------------------------------
----------------------------------
----------------------------------
----------------------------------
----------------------------------
----------------------------------
----------------------------------
----------------------------------
----------------------------------
----------------------------------
----------------------------------
----------------------------------
----------------------------------
----------------------------------
----------------------------------
----------------------------------
----------------------------------
----------------------------------
           47 |     1 |            17
           47 |     2 |             7
           47 |     3 |             7
           47 |     4 |             4
           47 |     5 |             5
           47 |     6 |             3
           47 |     7 |             2
           47 |     8 |             1
           47 |     9 |             0
           47 |    10 |             2
           47 |    11 |             2
           47 |    12 |             1
           47 |    13 |             2
           47 |    14 |             4
           47 |    15 |             2
           47 |    16 |             5
           47 |    17 |             4
           47 |    18 |             2
           47 |    19 |             0
----------------------------------
----------------------------------
           49 |     1 |            16
           49 |     2 |             9
           49 |     3 |             7
           49 |     4 |             6
           49 |     5 |             6
           49 |     6 |             7
           49 |     7 |             4
           49 |     8 |             3
           49 |     9 |             0
           49 |    10 |             2
           49 |    11 |             3
           49 |    12 |             1
           49 |    13 |             3
           49 |    14 |             3
           49 |    15 |             2
           49 |    16 |             1
           49 |    17 |             2
           49 |    18 |             1
           49 |    19 |             0
----------------------------------
           50 |     1 |            14
           50 |     2 |             9
           50 |     3 |             9
           50 |     4 |             6
           50 |     5 |             4
           50 |     6 |             5
           50 |     7 |             2
           50 |     8 |             1
           50 |     9 |             2
           50 |    10 |             1
           50 |    11 |             1
           50 |    12 |             2
           50 |    13 |             3
           50 |    14 |             3
           50 |    15 |             3
           50 |    16 |             4
           50 |    17 |             2
           50 |    18 |             1
           50 |    19 |             0
----------------------------------
           51 |     1 |            51
           51 |     2 |            36
           51 |     3 |            36
           51 |     4 |            21
           51 |     5 |            16
           51 |     6 |            12
           51 |     7 |            11
           51 |     8 |            14
           51 |     9 |             7
           51 |    10 |             9
           51 |    11 |             7
           51 |    12 |             6
           51 |    13 |            11
           51 |    14 |             8
           51 |    15 |             4
           51 |    16 |             6
           51 |    17 |             7
           51 |    18 |             4
           51 |    19 |             0
----------------------------------
           52 |     1 |            51
           52 |     2 |            34
           52 |     3 |            24
           52 |     4 |            23
           52 |     5 |            18
           52 |     6 |            17
           52 |     7 |            15
           52 |     8 |            11
           52 |     9 |             8
           52 |    10 |             4
           52 |    11 |            11
           52 |    12 |             8
           52 |    13 |            12
           52 |    14 |            13
           52 |    15 |             9
           52 |    16 |             9
           52 |    17 |             6
           52 |    18 |             2
           52 |    19 |             0
----------------------------------
           53 |     1 |            57
           53 |     2 |            49
           53 |     3 |            45
           53 |     4 |            25
           53 |     5 |            24
           53 |     6 |            17
           53 |     7 |            17
           53 |     8 |            11
           53 |     9 |            11
           53 |    10 |            15
           53 |    11 |            13
           53 |    12 |            11
           53 |    13 |             8
           53 |    14 |             5
           53 |    15 |             2
           53 |    16 |            11
           53 |    17 |             6
           53 |    18 |             3
           53 |    19 |             0
----------------------------------
           54 |     1 |            68
           54 |     2 |            42
           54 |     3 |            28
           54 |     4 |            16
           54 |     5 |            18
           54 |     6 |            13
           54 |     7 |            12
           54 |     8 |            11
           54 |     9 |             9
           54 |    10 |             9
           54 |    11 |             6
           54 |    12 |             4
           54 |    13 |             7
           54 |    14 |             4
           54 |    15 |            14
           54 |    16 |             6
           54 |    17 |             7
           54 |    18 |             5
           54 |    19 |             0
----------------------------------
           55 |     1 |            70
           55 |     2 |            53
           55 |     3 |            38
           55 |     4 |            35
           55 |     5 |            25
           55 |     6 |            21
           55 |     7 |            24
           55 |     8 |            16
           55 |     9 |            11
           55 |    10 |             8
           55 |    11 |             8
           55 |    12 |            10
           55 |    13 |             7
           55 |    14 |            10
           55 |    15 |             8
           55 |    16 |            13
           55 |    17 |            11
           55 |    18 |             5
           55 |    19 |             0
----------------------------------
           56 |     1 |           134
           56 |     2 |            94
           56 |     3 |            80
           56 |     4 |            58
           56 |     5 |            42
           56 |     6 |            35
           56 |     7 |            25
           56 |     8 |            26
           56 |     9 |            33
           56 |    10 |            33
           56 |    11 |            26
           56 |    12 |            26
           56 |    13 |            21
           56 |    14 |            30
           56 |    15 |            22
           56 |    16 |            22
           56 |    17 |            21
           56 |    18 |            16
           56 |    19 |             0
----------------------------------
           57 |     1 |           129
           57 |     2 |            91
           57 |     3 |            65
           57 |     4 |            52
           57 |     5 |            51
           57 |     6 |            42
           57 |     7 |            31
           57 |     8 |            28
           57 |     9 |            35
           57 |    10 |            24
           57 |    11 |            33
           57 |    12 |            31
           57 |    13 |            34
           57 |    14 |            28
           57 |    15 |            33
           57 |    16 |            20
           57 |    17 |            21
           57 |    18 |            10
           57 |    19 |             0
----------------------------------
           58 |     1 |           237
           58 |     2 |           164
           58 |     3 |           126
           58 |     4 |           103
           58 |     5 |            81
           58 |     6 |            66
           58 |     7 |            73
           58 |     8 |            61
           58 |     9 |            56
           58 |    10 |            43
           58 |    11 |            52
           58 |    12 |            57
           58 |    13 |            40
           58 |    14 |            30
           58 |    15 |            52
           58 |    16 |            26
           58 |    17 |            31
           58 |    18 |            19
           58 |    19 |             0
----------------------------------
           59 |     1 |           221
           59 |     2 |           155
           59 |     3 |           107
           59 |     4 |           101
           59 |     5 |            62
           59 |     6 |            63
           59 |     7 |            57
           59 |     8 |            60
           59 |     9 |            54
           59 |    10 |            45
           59 |    11 |            33
           59 |    12 |            49
           59 |    13 |            44
           59 |    14 |            52
           59 |    15 |            48
           59 |    16 |            40
           59 |    17 |            29
           59 |    18 |            22
           59 |    19 |             0
----------------------------------
           60 |     1 |           247
           60 |     2 |           179
           60 |     3 |           125
           60 |     4 |            96
           60 |     5 |            94
           60 |     6 |            59
           60 |     7 |            69
           60 |     8 |            62
           60 |     9 |            62
           60 |    10 |            54
           60 |    11 |            58
           60 |    12 |            52
           60 |    13 |            47
           60 |    14 |            62
           60 |    15 |            46
           60 |    16 |            42
           60 |    17 |            46
           60 |    18 |            21
           60 |    19 |             0
----------------------------------
           61 |     1 |           271
           61 |     2 |           202
           61 |     3 |           170
           61 |     4 |           122
           61 |     5 |           106
           61 |     6 |           101
           61 |     7 |            93
           61 |     8 |            76
           61 |     9 |            71
           61 |    10 |            88
           61 |    11 |            64
           61 |    12 |            74
           61 |    13 |            55
           61 |    14 |            57
           61 |    15 |            52
           61 |    16 |            50
           61 |    17 |            37
           61 |    18 |            24
           61 |    19 |             0
----------------------------------
           62 |     1 |           329
           62 |     2 |           214
           62 |     3 |           177
           62 |     4 |           164
           62 |     5 |           143
           62 |     6 |           102
           62 |     7 |            85
           62 |     8 |            80
           62 |     9 |            87
           62 |    10 |            91
           62 |    11 |            86
           62 |    12 |            66
           62 |    13 |            65
           62 |    14 |            68
           62 |    15 |            72
           62 |    16 |            53
           62 |    17 |            49
           62 |    18 |            31
           62 |    19 |             0
----------------------------------
           63 |     1 |           373
           63 |     2 |           271
           63 |     3 |           192
           63 |     4 |           156
           63 |     5 |           138
           63 |     6 |           132
           63 |     7 |           116
           63 |     8 |           114
           63 |     9 |            93
           63 |    10 |            97
           63 |    11 |            85
           63 |    12 |            68
           63 |    13 |            64
           63 |    14 |            65
           63 |    15 |            63
           63 |    16 |            62
           63 |    17 |            46
           63 |    18 |            37
           63 |    19 |             0
----------------------------------
           64 |     1 |           293
           64 |     2 |           228
           64 |     3 |           183
           64 |     4 |           151
           64 |     5 |           132
           64 |     6 |           135
           64 |     7 |           111
           64 |     8 |            91
           64 |     9 |            99
           64 |    10 |            91
           64 |    11 |            82
           64 |    12 |            67
           64 |    13 |            67
           64 |    14 |            53
           64 |    15 |            57
           64 |    16 |            51
           64 |    17 |            41
           64 |    18 |            23
           64 |    19 |             0
----------------------------------
           65 |     1 |           436
           65 |     2 |           319
           65 |     3 |           248
           65 |     4 |           202
           65 |     5 |           203
           65 |     6 |           181
           65 |     7 |           158
           65 |     8 |           136
           65 |     9 |           110
           65 |    10 |           121
           65 |    11 |           115
           65 |    12 |           122
           65 |    13 |           117
           65 |    14 |           100
           65 |    15 |            66
           65 |    16 |            72
           65 |    17 |            52
           65 |    18 |            44
           65 |    19 |             0
----------------------------------
           66 |     1 |           357
           66 |     2 |           263
           66 |     3 |           228
           66 |     4 |           188
           66 |     5 |           166
           66 |     6 |           158
           66 |     7 |           137
           66 |     8 |           109
           66 |     9 |            98
           66 |    10 |            87
           66 |    11 |           102
           66 |    12 |            79
           66 |    13 |            86
           66 |    14 |            76
           66 |    15 |            67
           66 |    16 |            58
           66 |    17 |            48
           66 |    18 |            32
           66 |    19 |             0
----------------------------------
           67 |     1 |           276
           67 |     2 |           193
           67 |     3 |           168
           67 |     4 |           147
           67 |     5 |           117
           67 |     6 |           113
           67 |     7 |            98
           67 |     8 |            90
           67 |     9 |            80
           67 |    10 |            82
           67 |    11 |            80
           67 |    12 |            74
           67 |    13 |            60
           67 |    14 |            62
           67 |    15 |            50
           67 |    16 |            43
           67 |    17 |            41
           67 |    18 |            26
           67 |    19 |             0
----------------------------------
           68 |     1 |           408
           68 |     2 |           316
           68 |     3 |           242
           68 |     4 |           203
           68 |     5 |           183
           68 |     6 |           173
           68 |     7 |           144
           68 |     8 |           141
           68 |     9 |           126
           68 |    10 |           124
           68 |    11 |           113
           68 |    12 |           104
           68 |    13 |           102
           68 |    14 |            89
           68 |    15 |            85
           68 |    16 |            76
           68 |    17 |            72
           68 |    18 |            39
           68 |    19 |             0
----------------------------------
           69 |     1 |           417
           69 |     2 |           345
           69 |     3 |           254
           69 |     4 |           216
           69 |     5 |           223
           69 |     6 |           199
           69 |     7 |           159
           69 |     8 |           163
           69 |     9 |           142
           69 |    10 |           137
           69 |    11 |           136
           69 |    12 |           128
           69 |    13 |           112
           69 |    14 |            98
           69 |    15 |           102
           69 |    16 |            75
           69 |    17 |            63
           69 |    18 |            35
           69 |    19 |             0
----------------------------------
           70 |     1 |           351
           70 |     2 |           271
           70 |     3 |           221
           70 |     4 |           194
           70 |     5 |           163
           70 |     6 |           162
           70 |     7 |           137
           70 |     8 |           120
           70 |     9 |           117
           70 |    10 |            97
           70 |    11 |            77
           70 |    12 |           101
           70 |    13 |            91
           70 |    14 |            96
           70 |    15 |            78
           70 |    16 |            72
           70 |    17 |            59
           70 |    18 |            31
           70 |    19 |             0
----------------------------------
           71 |     1 |           297
           71 |     2 |           216
           71 |     3 |           191
           71 |     4 |           174
           71 |     5 |           165
           71 |     6 |           165
           71 |     7 |           144
           71 |     8 |           153
           71 |     9 |           132
           71 |    10 |           113
           71 |    11 |           116
           71 |    12 |           100
           71 |    13 |            95
           71 |    14 |            76
           71 |    15 |            56
           71 |    16 |            62
           71 |    17 |            44
           71 |    18 |            31
           71 |    19 |             0
----------------------------------
           72 |     1 |           305
           72 |     2 |           251
           72 |     3 |           189
           72 |     4 |           162
           72 |     5 |           168
           72 |     6 |           148
           72 |     7 |           141
           72 |     8 |           129
           72 |     9 |           125
           72 |    10 |           109
           72 |    11 |           101
           72 |    12 |            86
           72 |    13 |            82
           72 |    14 |            79
           72 |    15 |            65
           72 |    16 |            60
           72 |    17 |            37
           72 |    18 |            24
           72 |    19 |             0
----------------------------------
           73 |     1 |           261
           73 |     2 |           224
           73 |     3 |           185
           73 |     4 |           180
           73 |     5 |           171
           73 |     6 |           152
           73 |     7 |           135
           73 |     8 |           130
           73 |     9 |           124
           73 |    10 |           116
           73 |    11 |           101
           73 |    12 |           103
           73 |    13 |            89
           73 |    14 |            99
           73 |    15 |            86
           73 |    16 |            65
           73 |    17 |            51
           73 |    18 |            30
           73 |    19 |             0
----------------------------------
           74 |     1 |           278
           74 |     2 |           188
           74 |     3 |           178
           74 |     4 |           183
           74 |     5 |           157
           74 |     6 |           147
           74 |     7 |           135
           74 |     8 |           136
           74 |     9 |           122
           74 |    10 |           116
           74 |    11 |           111
           74 |    12 |           119
           74 |    13 |           106
           74 |    14 |            90
           74 |    15 |            81
           74 |    16 |            67
           74 |    17 |            46
           74 |    18 |            30
           74 |    19 |             0
----------------------------------
           75 |     1 |           222
           75 |     2 |           211
           75 |     3 |           174
           75 |     4 |           159
           75 |     5 |           129
           75 |     6 |           114
           75 |     7 |           106
           75 |     8 |           102
           75 |     9 |            94
           75 |    10 |           106
           75 |    11 |            95
           75 |    12 |            90
           75 |    13 |            76
           75 |    14 |            79
           75 |    15 |            51
           75 |    16 |            48
           75 |    17 |            43
           75 |    18 |            26
           75 |    19 |             0
----------------------------------
           76 |     1 |           207
           76 |     2 |           161
           76 |     3 |           151
           76 |     4 |           138
           76 |     5 |           109
           76 |     6 |           110
           76 |     7 |            97
           76 |     8 |           108
           76 |     9 |           104
           76 |    10 |            87
           76 |    11 |            88
           76 |    12 |            80
           76 |    13 |            69
           76 |    14 |            59
           76 |    15 |            63
           76 |    16 |            55
           76 |    17 |            42
           76 |    18 |            22
           76 |    19 |             0
----------------------------------
           77 |     1 |           189
           77 |     2 |           155
           77 |     3 |           129
           77 |     4 |           117
           77 |     5 |           104
           77 |     6 |           110
           77 |     7 |           115
           77 |     8 |            95
           77 |     9 |            90
           77 |    10 |            77
           77 |    11 |            65
           77 |    12 |            63
           77 |    13 |            63
           77 |    14 |            55
           77 |    15 |            51
           77 |    16 |            40
           77 |    17 |            36
           77 |    18 |            20
           77 |    19 |             0
----------------------------------
           78 |     1 |           233
           78 |     2 |           224
           78 |     3 |           182
           78 |     4 |           166
           78 |     5 |           171
           78 |     6 |           146
           78 |     7 |           138
           78 |     8 |           134
           78 |     9 |           124
           78 |    10 |           108
           78 |    11 |           101
           78 |    12 |           101
           78 |    13 |            85
           78 |    14 |            85
           78 |    15 |            62
           78 |    16 |            50
           78 |    17 |            48
           78 |    18 |            25
           78 |    19 |             0
----------------------------------
           79 |     1 |           200
           79 |     2 |           168
           79 |     3 |           148
           79 |     4 |           154
           79 |     5 |           130
           79 |     6 |           126
           79 |     7 |           123
           79 |     8 |           114
           79 |     9 |           106
           79 |    10 |            98
           79 |    11 |            95
           79 |    12 |            74
           79 |    13 |            77
           79 |    14 |            68
           79 |    15 |            63
           79 |    16 |            48
           79 |    17 |            40
           79 |    18 |            23
           79 |    19 |             0
----------------------------------
           80 |     1 |           121
           80 |     2 |           126
           80 |     3 |           121
           80 |     4 |           106
           80 |     5 |            96
           80 |     6 |            79
           80 |     7 |            72
           80 |     8 |            72
           80 |     9 |            68
           80 |    10 |            60
           80 |    11 |            57
           80 |    12 |            56
           80 |    13 |            49
           80 |    14 |            45
           80 |    15 |            38
           80 |    16 |            39
           80 |    17 |            32
           80 |    18 |            16
           80 |    19 |             0
----------------------------------
           81 |     1 |            97
           81 |     2 |            82
           81 |     3 |            78
           81 |     4 |            91
           81 |     5 |            75
           81 |     6 |            65
           81 |     7 |            64
           81 |     8 |            50
           81 |     9 |            40
           81 |    10 |            44
           81 |    11 |            39
           81 |    12 |            38
           81 |    13 |            37
           81 |    14 |            37
           81 |    15 |            24
           81 |    16 |            23
           81 |    17 |            19
           81 |    18 |             8
           81 |    19 |             0
----------------------------------
           82 |     1 |            87
           82 |     2 |            91
           82 |     3 |            79
           82 |     4 |            66
           82 |     5 |            91
           82 |     6 |            64
           82 |     7 |            73
           82 |     8 |            51
           82 |     9 |            50
           82 |    10 |            45
           82 |    11 |            45
           82 |    12 |            38
           82 |    13 |            40
           82 |    14 |            32
           82 |    15 |            32
           82 |    16 |            26
           82 |    17 |            17
           82 |    18 |            11
           82 |    19 |             0
----------------------------------
           83 |     1 |           108
           83 |     2 |            92
           83 |     3 |            98
           83 |     4 |            81
           83 |     5 |            69
           83 |     6 |            75
           83 |     7 |            64
           83 |     8 |            72
           83 |     9 |            66
           83 |    10 |            68
           83 |    11 |            55
           83 |    12 |            54
           83 |    13 |            48
           83 |    14 |            42
           83 |    15 |            34
           83 |    16 |            29
           83 |    17 |            27
           83 |    18 |            15
           83 |    19 |             0
----------------------------------
           84 |     1 |            96
           84 |     2 |            66
           84 |     3 |            52
           84 |     4 |            67
           84 |     5 |            68
           84 |     6 |            62
           84 |     7 |            65
           84 |     8 |            48
           84 |     9 |            46
           84 |    10 |            60
           84 |    11 |            49
           84 |    12 |            48
           84 |    13 |            42
           84 |    14 |            35
           84 |    15 |            34
           84 |    16 |            18
           84 |    17 |            18
           84 |    18 |             7
           84 |    19 |             0
----------------------------------
           85 |     1 |            38
           85 |     2 |            25
           85 |     3 |            20
           85 |     4 |            17
           85 |     5 |            18
           85 |     6 |            21
           85 |     7 |            20
           85 |     8 |            18
           85 |     9 |            17
           85 |    10 |            15
           85 |    11 |            16
           85 |    12 |            14
           85 |    13 |            14
           85 |    14 |            10
           85 |    15 |            10
           85 |    16 |            10
           85 |    17 |             7
           85 |    18 |             5
           85 |    19 |             0
----------------------------------
           86 |     1 |            45
           86 |     2 |            50
           86 |     3 |            50
           86 |     4 |            43
           86 |     5 |            31
           86 |     6 |            34
           86 |     7 |            32
           86 |     8 |            33
           86 |     9 |            29
           86 |    10 |            29
           86 |    11 |            29
           86 |    12 |            31
           86 |    13 |            30
           86 |    14 |            23
           86 |    15 |            17
           86 |    16 |            19
           86 |    17 |             8
           86 |    18 |             5
           86 |    19 |             0
----------------------------------
           87 |     1 |            29
           87 |     2 |            15
           87 |     3 |            20
           87 |     4 |            24
           87 |     5 |            26
           87 |     6 |            26
           87 |     7 |            21
           87 |     8 |            23
           87 |     9 |            21
           87 |    10 |            22
           87 |    11 |            15
           87 |    12 |            16
           87 |    13 |            14
           87 |    14 |             9
           87 |    15 |            13
           87 |    16 |             8
           87 |    17 |             5
           87 |    18 |             3
           87 |    19 |             0
----------------------------------
           88 |     1 |            54
           88 |     2 |            57
           88 |     3 |            49
           88 |     4 |            35
           88 |     5 |            38
           88 |     6 |            32
           88 |     7 |            31
           88 |     8 |            33
           88 |     9 |            31
           88 |    10 |            27
           88 |    11 |            32
           88 |    12 |            26
           88 |    13 |            21
           88 |    14 |            23
           88 |    15 |            21
           88 |    16 |            18
           88 |    17 |            11
           88 |    18 |             5
           88 |    19 |             0
----------------------------------
           89 |     1 |            37
           89 |     2 |            27
           89 |     3 |            33
           89 |     4 |            30
           89 |     5 |            24
           89 |     6 |            25
           89 |     7 |            22
           89 |     8 |            22
           89 |     9 |            22
           89 |    10 |            26
           89 |    11 |            21
           89 |    12 |            20
           89 |    13 |            23
           89 |    14 |            15
           89 |    15 |            19
           89 |    16 |            12
           89 |    17 |             8
           89 |    18 |             4
           89 |    19 |             0
----------------------------------
           90 |     1 |            18
           90 |     2 |            10
           90 |     3 |            12
           90 |     4 |            10
           90 |     5 |             7
           90 |     6 |            13
           90 |     7 |            12
           90 |     8 |            13
           90 |     9 |            11
           90 |    10 |             9
           90 |    11 |            11
           90 |    12 |             8
           90 |    13 |             7
           90 |    14 |             4
           90 |    15 |             5
           90 |    16 |             3
           90 |    17 |             2
           90 |    18 |             1
           90 |    19 |             0
----------------------------------
           91 |     1 |             9
           91 |     2 |             7
           91 |     3 |             5
           91 |     4 |             3
           91 |     5 |             5
           91 |     6 |             8
           91 |     7 |            10
           91 |     8 |             6
           91 |     9 |             4
           91 |    10 |             6
           91 |    11 |             6
           91 |    12 |             3
           91 |    13 |             4
           91 |    14 |             2
           91 |    15 |             1
           91 |    16 |             1
           91 |    17 |             0
           91 |    18 |             1
           91 |    19 |             0
----------------------------------
           92 |     1 |            32
           92 |     2 |            18
           92 |     3 |            19
           92 |     4 |            16
           92 |     5 |            22
           92 |     6 |            22
           92 |     7 |            26
           92 |     8 |            22
           92 |     9 |            20
           92 |    10 |            18
           92 |    11 |            17
           92 |    12 |            16
           92 |    13 |            18
           92 |    14 |            13
           92 |    15 |            12
           92 |    16 |            12
           92 |    17 |             5
           92 |    18 |             5
           92 |    19 |             0
----------------------------------
           93 |     1 |            23
           93 |     2 |            28
           93 |     3 |            28
           93 |     4 |            28
           93 |     5 |            25
           93 |     6 |            32
           93 |     7 |            27
           93 |     8 |            21
           93 |     9 |            20
           93 |    10 |            20
           93 |    11 |            19
           93 |    12 |            16
           93 |    13 |            15
           93 |    14 |            10
           93 |    15 |            14
           93 |    16 |             7
           93 |    17 |             7
           93 |    18 |             3
           93 |    19 |             0
----------------------------------
           94 |     1 |            25
           94 |     2 |            18
           94 |     3 |            23
           94 |     4 |            16
           94 |     5 |            18
           94 |     6 |            18
           94 |     7 |            17
           94 |     8 |            11
           94 |     9 |            18
           94 |    10 |            16
           94 |    11 |            13
           94 |    12 |            14
           94 |    13 |            12
           94 |    14 |            13
           94 |    15 |             8
           94 |    16 |             6
           94 |    17 |             4
           94 |    18 |             2
           94 |    19 |             0
----------------------------------
           95 |     1 |            14
           95 |     2 |            13
           95 |     3 |            14
           95 |     4 |            13
           95 |     5 |            11
           95 |     6 |             8
           95 |     7 |             7
           95 |     8 |            10
           95 |     9 |            16
           95 |    10 |            13
           95 |    11 |            10
           95 |    12 |             9
           95 |    13 |            10
           95 |    14 |             7
           95 |    15 |             6
           95 |    16 |             5
           95 |    17 |             4
           95 |    18 |             2
           95 |    19 |             0
----------------------------------
           96 |     1 |            10
           96 |     2 |             7
           96 |     3 |             7
           96 |     4 |             7
           96 |     5 |             7
           96 |     6 |             5
           96 |     7 |             2
           96 |     8 |             4
           96 |     9 |             2
           96 |    10 |             4
           96 |    11 |             6
           96 |    12 |             5
           96 |    13 |             4
           96 |    14 |             2
           96 |    15 |             2
           96 |    16 |             4
           96 |    17 |             1
           96 |    18 |             1
           96 |    19 |             0
----------------------------------
           97 |     1 |             8
           97 |     2 |             7
           97 |     3 |             5
           97 |     4 |             5
           97 |     5 |            10
           97 |     6 |             7
           97 |     7 |             6
           97 |     8 |             4
           97 |     9 |             7
           97 |    10 |             6
           97 |    11 |             4
           97 |    12 |             4
           97 |    13 |             4
           97 |    14 |             2
           97 |    15 |             3
           97 |    16 |             3
           97 |    17 |             2
           97 |    18 |             1
           97 |    19 |             0
----------------------------------
----------------------------------
----------------------------------
          100 |     1 |             5
          100 |     2 |            11
          100 |     3 |            10
          100 |     4 |             3
          100 |     5 |             8
          100 |     6 |             6
          100 |     7 |             8
          100 |     8 |             7
          100 |     9 |             4
          100 |    10 |             6
          100 |    11 |             6
          100 |    12 |             7
          100 |    13 |             4
          100 |    14 |             3
          100 |    15 |             3
          100 |    16 |             3
          100 |    17 |             1
          100 |    18 |             1
          100 |    19 |             0
----------------------------------
----------------------------------
          102 |     1 |            10
          102 |     2 |             6
          102 |     3 |             5
          102 |     4 |            14
          102 |     5 |            10
          102 |     6 |             8
          102 |     7 |             6
          102 |     8 |             6
          102 |     9 |             4
          102 |    10 |             6
          102 |    11 |             4
          102 |    12 |             2
          102 |    13 |             3
          102 |    14 |             4
          102 |    15 |             3
          102 |    16 |             1
          102 |    17 |             2
          102 |    18 |             1
          102 |    19 |             0
----------------------------------
----------------------------------
----------------------------------
----------------------------------
----------------------------------
          107 |     1 |             6
          107 |     2 |            12
          107 |     3 |             8
          107 |     4 |             7
          107 |     5 |             8
          107 |     6 |             7
          107 |     7 |             9
          107 |     8 |             5
          107 |     9 |             8
          107 |    10 |             6
          107 |    11 |             5
          107 |    12 |             5
          107 |    13 |             4
          107 |    14 |             3
          107 |    15 |             4
          107 |    16 |             2
          107 |    17 |             2
          107 |    18 |             2
          107 |    19 |             0
----------------------------------
----------------------------------
----------------------------------
----------------------------------
----------------------------------
----------------------------------
----------------------------------
----------------------------------
----------------------------------
----------------------------------
----------------------------------
----------------------------------
----------------------------------
----------------------------------
----------------------------------
----------------------------------
----------------------------------
----------------------------------
----------------------------------
----------------------------------
----------------------------------
----------------------------------
----------------------------------
----------------------------------
----------------------------------
----------------------------------
----------------------------------
----------------------------------
----------------------------------
----------------------------------
----------------------------------
----------------------------------
----------------------------------
----------------------------------
----------------------------------
----------------------------------
----------------------------------
----------------------------------
----------------------------------
----------------------------------
----------------------------------
----------------------------------
----------------------------------
----------------------------------
----------------------------------
----------------------------------
----------------------------------
----------------------------------
----------------------------------
----------------------------------
----------------------------------
----------------------------------
----------------------------------
----------------------------------
----------------------------------
----------------------------------
----------------------------------
----------------------------------
----------------------------------
----------------------------------
----------------------------------
----------------------------------
----------------------------------
----------------------------------
----------------------------------
----------------------------------
----------------------------------
----------------------------------
----------------------------------
----------------------------------
----------------------------------
----------------------------------
----------------------------------
----------------------------------
----------------------------------
----------------------------------
----------------------------------
----------------------------------
----------------------------------
----------------------------------
----------------------------------
----------------------------------
----------------------------------
----------------------------------
