MinCut number | SSize | Number of cuts
----------------------------------
----------------------------------
----------------------------------
----------------------------------
----------------------------------
----------------------------------
----------------------------------
----------------------------------
----------------------------------
----------------------------------
----------------------------------
----------------------------------
----------------------------------
----------------------------------
----------------------------------
----------------------------------
----------------------------------
----------------------------------
----------------------------------
----------------------------------
----------------------------------
           40 |     1 |            10
           40 |     2 |             7
           40 |     3 |             3
           40 |     4 |             2
           40 |     5 |             2
           40 |     6 |             0
           40 |     7 |             0
           40 |     8 |             0
           40 |     9 |             0
           40 |    10 |             1
           40 |    11 |             1
           40 |    12 |             2
           40 |    13 |             2
           40 |    14 |             2
           40 |    15 |             1
           40 |    16 |             1
           40 |    17 |             1
           40 |    18 |             3
           40 |    19 |             2
----------------------------------
----------------------------------
           42 |     1 |            19
           42 |     2 |            13
           42 |     3 |             4
           42 |     4 |             5
           42 |     5 |             2
           42 |     6 |             2
           42 |     7 |             1
           42 |     8 |             0
           42 |     9 |             1
           42 |    10 |             0
           42 |    11 |             2
           42 |    12 |             3
           42 |    13 |             7
           42 |    14 |             1
           42 |    15 |             5
           42 |    16 |             7
           42 |    17 |             5
           42 |    18 |             3
           42 |    19 |             4
----------------------------------
----------------------------------
           44 |     1 |            10
           44 |     2 |             2
           44 |     3 |             3
           44 |     4 |             6
           44 |     5 |             3
           44 |     6 |             0
           44 |     7 |             0
           44 |     8 |             1
           44 |     9 |             0
           44 |    10 |             0
           44 |    11 |             1
           44 |    12 |             0
           44 |    13 |             1
           44 |    14 |             2
           44 |    15 |             1
           44 |    16 |             5
           44 |    17 |             3
           44 |    18 |             3
           44 |    19 |             3
----------------------------------
           45 |     1 |            73
           45 |     2 |            30
           45 |     3 |            11
           45 |     4 |             4
           45 |     5 |             3
           45 |     6 |             2
           45 |     7 |             6
           45 |     8 |            11
           45 |     9 |             2
           45 |    10 |             3
           45 |    11 |             6
           45 |    12 |             5
           45 |    13 |             4
           45 |    14 |             4
           45 |    15 |             5
           45 |    16 |            13
           45 |    17 |            14
           45 |    18 |            14
           45 |    19 |            15
----------------------------------
           46 |     1 |            24
           46 |     2 |             6
           46 |     3 |             6
           46 |     4 |             4
           46 |     5 |             3
           46 |     6 |             5
           46 |     7 |             2
           46 |     8 |             4
           46 |     9 |             3
           46 |    10 |             4
           46 |    11 |             5
           46 |    12 |             0
           46 |    13 |             2
           46 |    14 |             1
           46 |    15 |             3
           46 |    16 |             4
           46 |    17 |             2
           46 |    18 |             5
           46 |    19 |             9
----------------------------------
           47 |     1 |            88
           47 |     2 |            45
           47 |     3 |            17
           47 |     4 |             8
           47 |     5 |             5
           47 |     6 |             5
           47 |     7 |             7
           47 |     8 |            10
           47 |     9 |             6
           47 |    10 |             2
           47 |    11 |             3
           47 |    12 |             3
           47 |    13 |             5
           47 |    14 |             8
           47 |    15 |            17
           47 |    16 |            17
           47 |    17 |            16
           47 |    18 |            11
           47 |    19 |             9
----------------------------------
           48 |     1 |            96
           48 |     2 |            36
           48 |     3 |            17
           48 |     4 |             3
           48 |     5 |            10
           48 |     6 |             7
           48 |     7 |             6
           48 |     8 |             4
           48 |     9 |             6
           48 |    10 |             9
           48 |    11 |             2
           48 |    12 |             1
           48 |    13 |             9
           48 |    14 |            15
           48 |    15 |             9
           48 |    16 |            12
           48 |    17 |            20
           48 |    18 |            11
           48 |    19 |            15
----------------------------------
           49 |     1 |           124
           49 |     2 |            48
           49 |     3 |            20
           49 |     4 |             9
           49 |     5 |             9
           49 |     6 |             5
           49 |     7 |             2
           49 |     8 |             4
           49 |     9 |             5
           49 |    10 |             4
           49 |    11 |            13
           49 |    12 |            11
           49 |    13 |            11
           49 |    14 |             5
           49 |    15 |             7
           49 |    16 |            15
           49 |    17 |            17
           49 |    18 |            10
           49 |    19 |            24
----------------------------------
           50 |     1 |           134
           50 |     2 |            47
           50 |     3 |            31
           50 |     4 |            18
           50 |     5 |            24
           50 |     6 |            17
           50 |     7 |            10
           50 |     8 |            13
           50 |     9 |             5
           50 |    10 |            15
           50 |    11 |             9
           50 |    12 |            11
           50 |    13 |            10
           50 |    14 |            11
           50 |    15 |            16
           50 |    16 |            11
           50 |    17 |            23
           50 |    18 |            27
           50 |    19 |            18
----------------------------------
           51 |     1 |           156
           51 |     2 |            63
           51 |     3 |            36
           51 |     4 |             9
           51 |     5 |             5
           51 |     6 |             2
           51 |     7 |             7
           51 |     8 |             7
           51 |     9 |             6
           51 |    10 |             5
           51 |    11 |             8
           51 |    12 |            15
           51 |    13 |            14
           51 |    14 |            15
           51 |    15 |            19
           51 |    16 |            25
           51 |    17 |            23
           51 |    18 |            18
           51 |    19 |            26
----------------------------------
           52 |     1 |           105
           52 |     2 |            50
           52 |     3 |            22
           52 |     4 |            17
           52 |     5 |             8
           52 |     6 |             4
           52 |     7 |             2
           52 |     8 |             3
           52 |     9 |             5
           52 |    10 |             1
           52 |    11 |             4
           52 |    12 |             6
           52 |    13 |             7
           52 |    14 |            10
           52 |    15 |             7
           52 |    16 |             8
           52 |    17 |            16
           52 |    18 |            19
           52 |    19 |            18
----------------------------------
           53 |     1 |           114
           53 |     2 |            52
           53 |     3 |            29
           53 |     4 |            13
           53 |     5 |             6
           53 |     6 |             2
           53 |     7 |             7
           53 |     8 |             7
           53 |     9 |             7
           53 |    10 |             4
           53 |    11 |             6
           53 |    12 |             5
           53 |    13 |            14
           53 |    14 |            10
           53 |    15 |            21
           53 |    16 |            19
           53 |    17 |            21
           53 |    18 |            20
           53 |    19 |            14
----------------------------------
           54 |     1 |           156
           54 |     2 |            66
           54 |     3 |            30
           54 |     4 |            18
           54 |     5 |            18
           54 |     6 |            14
           54 |     7 |            19
           54 |     8 |             8
           54 |     9 |             5
           54 |    10 |             9
           54 |    11 |             8
           54 |    12 |            15
           54 |    13 |            13
           54 |    14 |            16
           54 |    15 |             8
           54 |    16 |            14
           54 |    17 |            22
           54 |    18 |            26
           54 |    19 |            21
----------------------------------
           55 |     1 |           144
           55 |     2 |            53
           55 |     3 |            24
           55 |     4 |             8
           55 |     5 |            26
           55 |     6 |            16
           55 |     7 |             5
           55 |     8 |             8
           55 |     9 |            15
           55 |    10 |             6
           55 |    11 |            10
           55 |    12 |            11
           55 |    13 |            17
           55 |    14 |            16
           55 |    15 |            15
           55 |    16 |            11
           55 |    17 |            16
           55 |    18 |            19
           55 |    19 |            20
----------------------------------
           56 |     1 |           258
           56 |     2 |           106
           56 |     3 |            61
           56 |     4 |            35
           56 |     5 |            15
           56 |     6 |            17
           56 |     7 |            16
           56 |     8 |            19
           56 |     9 |            22
           56 |    10 |            12
           56 |    11 |            27
           56 |    12 |            26
           56 |    13 |            15
           56 |    14 |            25
           56 |    15 |            31
           56 |    16 |            29
           56 |    17 |            39
           56 |    18 |            49
           56 |    19 |            38
----------------------------------
           57 |     1 |           278
           57 |     2 |           125
           57 |     3 |            73
           57 |     4 |            42
           57 |     5 |            27
           57 |     6 |            12
           57 |     7 |            17
           57 |     8 |            18
           57 |     9 |            24
           57 |    10 |            12
           57 |    11 |            15
           57 |    12 |            11
           57 |    13 |            19
           57 |    14 |            18
           57 |    15 |            26
           57 |    16 |            28
           57 |    17 |            28
           57 |    18 |            40
           57 |    19 |            42
----------------------------------
           58 |     1 |           312
           58 |     2 |           135
           58 |     3 |            88
           58 |     4 |            57
           58 |     5 |            36
           58 |     6 |            28
           58 |     7 |            13
           58 |     8 |            16
           58 |     9 |             9
           58 |    10 |            17
           58 |    11 |            22
           58 |    12 |            17
           58 |    13 |            17
           58 |    14 |            32
           58 |    15 |            17
           58 |    16 |            42
           58 |    17 |            28
           58 |    18 |            61
           58 |    19 |            39
----------------------------------
           59 |     1 |           303
           59 |     2 |           133
           59 |     3 |            80
           59 |     4 |            37
           59 |     5 |            40
           59 |     6 |            29
           59 |     7 |            24
           59 |     8 |            29
           59 |     9 |            16
           59 |    10 |            23
           59 |    11 |            15
           59 |    12 |            23
           59 |    13 |            32
           59 |    14 |            22
           59 |    15 |            28
           59 |    16 |            35
           59 |    17 |            42
           59 |    18 |            44
           59 |    19 |            48
----------------------------------
           60 |     1 |           395
           60 |     2 |           166
           60 |     3 |            77
           60 |     4 |            75
           60 |     5 |            44
           60 |     6 |            34
           60 |     7 |            35
           60 |     8 |            26
           60 |     9 |            29
           60 |    10 |            23
           60 |    11 |            21
           60 |    12 |            34
           60 |    13 |            26
           60 |    14 |            31
           60 |    15 |            43
           60 |    16 |            50
           60 |    17 |            48
           60 |    18 |            60
           60 |    19 |            43
----------------------------------
           61 |     1 |           379
           61 |     2 |           188
           61 |     3 |            92
           61 |     4 |            77
           61 |     5 |            58
           61 |     6 |            41
           61 |     7 |            35
           61 |     8 |            33
           61 |     9 |            31
           61 |    10 |            31
           61 |    11 |            29
           61 |    12 |            44
           61 |    13 |            24
           61 |    14 |            27
           61 |    15 |            32
           61 |    16 |            44
           61 |    17 |            45
           61 |    18 |            65
           61 |    19 |            67
----------------------------------
           62 |     1 |           226
           62 |     2 |            98
           62 |     3 |            63
           62 |     4 |            33
           62 |     5 |            32
           62 |     6 |            19
           62 |     7 |            26
           62 |     8 |            28
           62 |     9 |             8
           62 |    10 |            14
           62 |    11 |            15
           62 |    12 |            16
           62 |    13 |            18
           62 |    14 |            17
           62 |    15 |            28
           62 |    16 |            27
           62 |    17 |            19
           62 |    18 |            27
           62 |    19 |            30
----------------------------------
           63 |     1 |           406
           63 |     2 |           182
           63 |     3 |           106
           63 |     4 |            84
           63 |     5 |            51
           63 |     6 |            43
           63 |     7 |            33
           63 |     8 |            26
           63 |     9 |            24
           63 |    10 |            16
           63 |    11 |            22
           63 |    12 |            23
           63 |    13 |            33
           63 |    14 |            41
           63 |    15 |            36
           63 |    16 |            41
           63 |    17 |            50
           63 |    18 |            56
           63 |    19 |            50
----------------------------------
           64 |     1 |           502
           64 |     2 |           238
           64 |     3 |           107
           64 |     4 |            97
           64 |     5 |            57
           64 |     6 |            40
           64 |     7 |            28
           64 |     8 |            41
           64 |     9 |            30
           64 |    10 |            17
           64 |    11 |            36
           64 |    12 |            27
           64 |    13 |            25
           64 |    14 |            40
           64 |    15 |            52
           64 |    16 |            47
           64 |    17 |            66
           64 |    18 |            75
           64 |    19 |            75
----------------------------------
           65 |     1 |           413
           65 |     2 |           179
           65 |     3 |            91
           65 |     4 |            63
           65 |     5 |            56
           65 |     6 |            51
           65 |     7 |            50
           65 |     8 |            34
           65 |     9 |            24
           65 |    10 |            22
           65 |    11 |            25
           65 |    12 |            34
           65 |    13 |            37
           65 |    14 |            43
           65 |    15 |            43
           65 |    16 |            39
           65 |    17 |            61
           65 |    18 |            52
           65 |    19 |            48
----------------------------------
           66 |     1 |           326
           66 |     2 |           132
           66 |     3 |            85
           66 |     4 |            62
           66 |     5 |            39
           66 |     6 |            25
           66 |     7 |            31
           66 |     8 |            27
           66 |     9 |            18
           66 |    10 |            19
           66 |    11 |            24
           66 |    12 |            23
           66 |    13 |            22
           66 |    14 |            28
           66 |    15 |            31
           66 |    16 |            41
           66 |    17 |            39
           66 |    18 |            45
           66 |    19 |            39
----------------------------------
           67 |     1 |           439
           67 |     2 |           220
           67 |     3 |           125
           67 |     4 |            71
           67 |     5 |            81
           67 |     6 |            49
           67 |     7 |            35
           67 |     8 |            27
           67 |     9 |            39
           67 |    10 |            44
           67 |    11 |            32
           67 |    12 |            29
           67 |    13 |            50
           67 |    14 |            32
           67 |    15 |            51
           67 |    16 |            45
           67 |    17 |            57
           67 |    18 |            54
           67 |    19 |            61
----------------------------------
           68 |     1 |           434
           68 |     2 |           224
           68 |     3 |           127
           68 |     4 |            92
           68 |     5 |            59
           68 |     6 |            37
           68 |     7 |            64
           68 |     8 |            33
           68 |     9 |            45
           68 |    10 |            40
           68 |    11 |            31
           68 |    12 |            36
           68 |    13 |            28
           68 |    14 |            36
           68 |    15 |            40
           68 |    16 |            42
           68 |    17 |            61
           68 |    18 |            61
           68 |    19 |            74
----------------------------------
           69 |     1 |           439
           69 |     2 |           236
           69 |     3 |            99
           69 |     4 |            73
           69 |     5 |            42
           69 |     6 |            35
           69 |     7 |            28
           69 |     8 |            22
           69 |     9 |            19
           69 |    10 |            36
           69 |    11 |            31
           69 |    12 |            24
           69 |    13 |            29
           69 |    14 |            26
           69 |    15 |            28
           69 |    16 |            46
           69 |    17 |            49
           69 |    18 |            53
           69 |    19 |            65
----------------------------------
           70 |     1 |           520
           70 |     2 |           263
           70 |     3 |           154
           70 |     4 |            85
           70 |     5 |            69
           70 |     6 |            80
           70 |     7 |            66
           70 |     8 |            60
           70 |     9 |            36
           70 |    10 |            35
           70 |    11 |            36
           70 |    12 |            50
           70 |    13 |            37
           70 |    14 |            45
           70 |    15 |            51
           70 |    16 |            49
           70 |    17 |            53
           70 |    18 |            67
           70 |    19 |            64
----------------------------------
           71 |     1 |           368
           71 |     2 |           214
           71 |     3 |           124
           71 |     4 |            66
           71 |     5 |            44
           71 |     6 |            60
           71 |     7 |            28
           71 |     8 |            31
           71 |     9 |            21
           71 |    10 |            22
           71 |    11 |            17
           71 |    12 |            23
           71 |    13 |            29
           71 |    14 |            34
           71 |    15 |            32
           71 |    16 |            44
           71 |    17 |            38
           71 |    18 |            38
           71 |    19 |            45
----------------------------------
           72 |     1 |           538
           72 |     2 |           246
           72 |     3 |           166
           72 |     4 |            99
           72 |     5 |            69
           72 |     6 |            71
           72 |     7 |            26
           72 |     8 |            24
           72 |     9 |            45
           72 |    10 |            42
           72 |    11 |            29
           72 |    12 |            32
           72 |    13 |            20
           72 |    14 |            46
           72 |    15 |            47
           72 |    16 |            53
           72 |    17 |            48
           72 |    18 |            67
           72 |    19 |            60
----------------------------------
           73 |     1 |           397
           73 |     2 |           184
           73 |     3 |           152
           73 |     4 |            76
           73 |     5 |            78
           73 |     6 |            42
           73 |     7 |            42
           73 |     8 |            36
           73 |     9 |            20
           73 |    10 |            24
           73 |    11 |            36
           73 |    12 |            31
           73 |    13 |            39
           73 |    14 |            26
           73 |    15 |            27
           73 |    16 |            46
           73 |    17 |            46
           73 |    18 |            41
           73 |    19 |            44
----------------------------------
           74 |     1 |           397
           74 |     2 |           230
           74 |     3 |           157
           74 |     4 |            89
           74 |     5 |            71
           74 |     6 |            55
           74 |     7 |            40
           74 |     8 |            42
           74 |     9 |            32
           74 |    10 |            31
           74 |    11 |            27
           74 |    12 |            21
           74 |    13 |            24
           74 |    14 |            28
           74 |    15 |            24
           74 |    16 |            45
           74 |    17 |            40
           74 |    18 |            63
           74 |    19 |            64
----------------------------------
           75 |     1 |           444
           75 |     2 |           228
           75 |     3 |           161
           75 |     4 |           112
           75 |     5 |            79
           75 |     6 |            58
           75 |     7 |            54
           75 |     8 |            37
           75 |     9 |            46
           75 |    10 |            32
           75 |    11 |            35
           75 |    12 |            30
           75 |    13 |            28
           75 |    14 |            32
           75 |    15 |            42
           75 |    16 |            46
           75 |    17 |            63
           75 |    18 |            69
           75 |    19 |            54
----------------------------------
           76 |     1 |           561
           76 |     2 |           308
           76 |     3 |           278
           76 |     4 |           135
           76 |     5 |            80
           76 |     6 |            41
           76 |     7 |            48
           76 |     8 |            63
           76 |     9 |            55
           76 |    10 |            36
           76 |    11 |            41
           76 |    12 |            43
           76 |    13 |            42
           76 |    14 |            41
           76 |    15 |            43
           76 |    16 |            49
           76 |    17 |            64
           76 |    18 |            66
           76 |    19 |            58
----------------------------------
           77 |     1 |           447
           77 |     2 |           256
           77 |     3 |           148
           77 |     4 |           118
           77 |     5 |            86
           77 |     6 |            64
           77 |     7 |            51
           77 |     8 |            56
           77 |     9 |            30
           77 |    10 |            28
           77 |    11 |            27
           77 |    12 |            21
           77 |    13 |            38
           77 |    14 |            36
           77 |    15 |            45
           77 |    16 |            35
           77 |    17 |            38
           77 |    18 |            47
           77 |    19 |            46
----------------------------------
           78 |     1 |           556
           78 |     2 |           265
           78 |     3 |           171
           78 |     4 |           104
           78 |     5 |            91
           78 |     6 |            97
           78 |     7 |            61
           78 |     8 |            56
           78 |     9 |            27
           78 |    10 |            43
           78 |    11 |            31
           78 |    12 |            36
           78 |    13 |            28
           78 |    14 |            27
           78 |    15 |            43
           78 |    16 |            54
           78 |    17 |            52
           78 |    18 |            59
           78 |    19 |            71
----------------------------------
           79 |     1 |           504
           79 |     2 |           292
           79 |     3 |           187
           79 |     4 |           141
           79 |     5 |           101
           79 |     6 |            63
           79 |     7 |            40
           79 |     8 |            37
           79 |     9 |            35
           79 |    10 |            30
           79 |    11 |            40
           79 |    12 |            31
           79 |    13 |            42
           79 |    14 |            34
           79 |    15 |            41
           79 |    16 |            33
           79 |    17 |            47
           79 |    18 |            60
           79 |    19 |            59
----------------------------------
           80 |     1 |           436
           80 |     2 |           266
           80 |     3 |           167
           80 |     4 |           104
           80 |     5 |            82
           80 |     6 |            72
           80 |     7 |            38
           80 |     8 |            45
           80 |     9 |            25
           80 |    10 |            28
           80 |    11 |            29
           80 |    12 |            37
           80 |    13 |            34
           80 |    14 |            37
           80 |    15 |            40
           80 |    16 |            32
           80 |    17 |            30
           80 |    18 |            51
           80 |    19 |            47
----------------------------------
           81 |     1 |           500
           81 |     2 |           281
           81 |     3 |           145
           81 |     4 |           163
           81 |     5 |           108
           81 |     6 |            60
           81 |     7 |            52
           81 |     8 |            44
           81 |     9 |            50
           81 |    10 |            45
           81 |    11 |            51
           81 |    12 |            47
           81 |    13 |            33
           81 |    14 |            52
           81 |    15 |            33
           81 |    16 |            41
           81 |    17 |            47
           81 |    18 |            54
           81 |    19 |            57
----------------------------------
           82 |     1 |           339
           82 |     2 |           231
           82 |     3 |           122
           82 |     4 |            93
           82 |     5 |            63
           82 |     6 |            43
           82 |     7 |            35
           82 |     8 |            35
           82 |     9 |            38
           82 |    10 |            36
           82 |    11 |            25
           82 |    12 |            27
           82 |    13 |            13
           82 |    14 |            28
           82 |    15 |            30
           82 |    16 |            28
           82 |    17 |            43
           82 |    18 |            42
           82 |    19 |            41
----------------------------------
           83 |     1 |           536
           83 |     2 |           285
           83 |     3 |           178
           83 |     4 |           151
           83 |     5 |            98
           83 |     6 |            85
           83 |     7 |            64
           83 |     8 |            69
           83 |     9 |            55
           83 |    10 |            40
           83 |    11 |            44
           83 |    12 |            41
           83 |    13 |            44
           83 |    14 |            34
           83 |    15 |            60
           83 |    16 |            57
           83 |    17 |            54
           83 |    18 |            56
           83 |    19 |            41
----------------------------------
           84 |     1 |           471
           84 |     2 |           259
           84 |     3 |           152
           84 |     4 |            95
           84 |     5 |            97
           84 |     6 |            65
           84 |     7 |            59
           84 |     8 |            57
           84 |     9 |            43
           84 |    10 |            32
           84 |    11 |            33
           84 |    12 |            36
           84 |    13 |            41
           84 |    14 |            31
           84 |    15 |            30
           84 |    16 |            33
           84 |    17 |            49
           84 |    18 |            47
           84 |    19 |            50
----------------------------------
           85 |     1 |           430
           85 |     2 |           238
           85 |     3 |           176
           85 |     4 |            89
           85 |     5 |           102
           85 |     6 |            52
           85 |     7 |            75
           85 |     8 |            38
           85 |     9 |            38
           85 |    10 |            25
           85 |    11 |            29
           85 |    12 |            17
           85 |    13 |            50
           85 |    14 |            35
           85 |    15 |            33
           85 |    16 |            38
           85 |    17 |            50
           85 |    18 |            53
           85 |    19 |            47
----------------------------------
           86 |     1 |           407
           86 |     2 |           256
           86 |     3 |           163
           86 |     4 |           109
           86 |     5 |            79
           86 |     6 |            65
           86 |     7 |            45
           86 |     8 |            52
           86 |     9 |            38
           86 |    10 |            44
           86 |    11 |            39
           86 |    12 |            39
           86 |    13 |            53
           86 |    14 |            51
           86 |    15 |            32
           86 |    16 |            34
           86 |    17 |            39
           86 |    18 |            53
           86 |    19 |            36
----------------------------------
           87 |     1 |           472
           87 |     2 |           296
           87 |     3 |           193
           87 |     4 |           128
           87 |     5 |            88
           87 |     6 |            84
           87 |     7 |            35
           87 |     8 |            43
           87 |     9 |            45
           87 |    10 |            39
           87 |    11 |            28
           87 |    12 |            18
           87 |    13 |            36
           87 |    14 |            20
           87 |    15 |            33
           87 |    16 |            39
           87 |    17 |            51
           87 |    18 |            47
           87 |    19 |            45
----------------------------------
           88 |     1 |           434
           88 |     2 |           269
           88 |     3 |           211
           88 |     4 |           145
           88 |     5 |            78
           88 |     6 |            61
           88 |     7 |            49
           88 |     8 |            47
           88 |     9 |            52
           88 |    10 |            39
           88 |    11 |            19
           88 |    12 |            39
           88 |    13 |            39
           88 |    14 |            47
           88 |    15 |            32
           88 |    16 |            46
           88 |    17 |            55
           88 |    18 |            55
           88 |    19 |            43
----------------------------------
           89 |     1 |           677
           89 |     2 |           349
           89 |     3 |           219
           89 |     4 |           158
           89 |     5 |           139
           89 |     6 |            98
           89 |     7 |            88
           89 |     8 |            59
           89 |     9 |            57
           89 |    10 |            49
           89 |    11 |            36
           89 |    12 |            39
           89 |    13 |            40
           89 |    14 |            24
           89 |    15 |            54
           89 |    16 |            56
           89 |    17 |            43
           89 |    18 |            66
           89 |    19 |            63
----------------------------------
           90 |     1 |           603
           90 |     2 |           329
           90 |     3 |           218
           90 |     4 |           147
           90 |     5 |            97
           90 |     6 |            72
           90 |     7 |            67
           90 |     8 |            38
           90 |     9 |            33
           90 |    10 |            37
           90 |    11 |            27
           90 |    12 |            30
           90 |    13 |            38
           90 |    14 |            36
           90 |    15 |            21
           90 |    16 |            29
           90 |    17 |            47
           90 |    18 |            55
           90 |    19 |            56
----------------------------------
           91 |     1 |            98
           91 |     2 |            56
           91 |     3 |            38
           91 |     4 |            35
           91 |     5 |            24
           91 |     6 |            16
           91 |     7 |            12
           91 |     8 |             5
           91 |     9 |             7
           91 |    10 |             7
           91 |    11 |             2
           91 |    12 |             8
           91 |    13 |             5
           91 |    14 |             4
           91 |    15 |            12
           91 |    16 |             8
           91 |    17 |             8
           91 |    18 |            11
           91 |    19 |             8
----------------------------------
           92 |     1 |           408
           92 |     2 |           198
           92 |     3 |           145
           92 |     4 |            98
           92 |     5 |            72
           92 |     6 |            55
           92 |     7 |            47
           92 |     8 |            30
           92 |     9 |            40
           92 |    10 |            34
           92 |    11 |            26
           92 |    12 |            23
           92 |    13 |            27
           92 |    14 |            27
           92 |    15 |            30
           92 |    16 |            26
           92 |    17 |            26
           92 |    18 |            31
           92 |    19 |            37
----------------------------------
           93 |     1 |           514
           93 |     2 |           253
           93 |     3 |           180
           93 |     4 |           107
           93 |     5 |           103
           93 |     6 |            99
           93 |     7 |            61
           93 |     8 |            51
           93 |     9 |            43
           93 |    10 |            24
           93 |    11 |            26
           93 |    12 |            28
           93 |    13 |            34
           93 |    14 |            27
           93 |    15 |            31
           93 |    16 |            42
           93 |    17 |            43
           93 |    18 |            52
           93 |    19 |            49
----------------------------------
           94 |     1 |           461
           94 |     2 |           268
           94 |     3 |           158
           94 |     4 |           104
           94 |     5 |            97
           94 |     6 |            77
           94 |     7 |            48
           94 |     8 |            42
           94 |     9 |            35
           94 |    10 |            29
           94 |    11 |            28
           94 |    12 |            20
           94 |    13 |            25
           94 |    14 |            25
           94 |    15 |            23
           94 |    16 |            41
           94 |    17 |            40
           94 |    18 |            41
           94 |    19 |            36
----------------------------------
           95 |     1 |           439
           95 |     2 |           255
           95 |     3 |           210
           95 |     4 |           122
           95 |     5 |            89
           95 |     6 |            78
           95 |     7 |            69
           95 |     8 |            50
           95 |     9 |            36
           95 |    10 |            30
           95 |    11 |            36
           95 |    12 |            34
           95 |    13 |            26
           95 |    14 |            35
           95 |    15 |            18
           95 |    16 |            33
           95 |    17 |            52
           95 |    18 |            49
           95 |    19 |            49
----------------------------------
           96 |     1 |           227
           96 |     2 |           142
           96 |     3 |            92
           96 |     4 |            48
           96 |     5 |            20
           96 |     6 |            30
           96 |     7 |            24
           96 |     8 |            22
           96 |     9 |            26
           96 |    10 |            11
           96 |    11 |            20
           96 |    12 |            21
           96 |    13 |            15
           96 |    14 |            14
           96 |    15 |            11
           96 |    16 |             7
           96 |    17 |            12
           96 |    18 |            14
           96 |    19 |            12
----------------------------------
           97 |     1 |           170
           97 |     2 |            87
           97 |     3 |            62
           97 |     4 |            61
           97 |     5 |            34
           97 |     6 |            55
           97 |     7 |            31
           97 |     8 |            13
           97 |     9 |            13
           97 |    10 |            12
           97 |    11 |            17
           97 |    12 |            13
           97 |    13 |            21
           97 |    14 |            11
           97 |    15 |            16
           97 |    16 |            20
           97 |    17 |            14
           97 |    18 |            16
           97 |    19 |            13
----------------------------------
           98 |     1 |           369
           98 |     2 |           242
           98 |     3 |           132
           98 |     4 |           115
           98 |     5 |            69
           98 |     6 |            76
           98 |     7 |            46
           98 |     8 |            56
           98 |     9 |            36
           98 |    10 |            43
           98 |    11 |            41
           98 |    12 |            21
           98 |    13 |            32
           98 |    14 |            27
           98 |    15 |            40
           98 |    16 |            26
           98 |    17 |            27
           98 |    18 |            36
           98 |    19 |            36
----------------------------------
           99 |     1 |           291
           99 |     2 |           154
           99 |     3 |           100
           99 |     4 |            62
           99 |     5 |            51
           99 |     6 |            29
           99 |     7 |            27
           99 |     8 |            23
           99 |     9 |            23
           99 |    10 |            17
           99 |    11 |            12
           99 |    12 |            21
           99 |    13 |            26
           99 |    14 |            22
           99 |    15 |            32
           99 |    16 |            21
           99 |    17 |            27
           99 |    18 |            27
           99 |    19 |            25
----------------------------------
          100 |     1 |           274
          100 |     2 |           170
          100 |     3 |           125
          100 |     4 |            81
          100 |     5 |            50
          100 |     6 |            37
          100 |     7 |            32
          100 |     8 |            24
          100 |     9 |            22
          100 |    10 |            14
          100 |    11 |            17
          100 |    12 |            21
          100 |    13 |            21
          100 |    14 |            16
          100 |    15 |            11
          100 |    16 |            16
          100 |    17 |            13
          100 |    18 |            28
          100 |    19 |            28
----------------------------------
          101 |     1 |           211
          101 |     2 |            89
          101 |     3 |            95
          101 |     4 |            73
          101 |     5 |            53
          101 |     6 |            35
          101 |     7 |            31
          101 |     8 |            15
          101 |     9 |            36
          101 |    10 |            23
          101 |    11 |            21
          101 |    12 |            14
          101 |    13 |            17
          101 |    14 |            20
          101 |    15 |            16
          101 |    16 |            18
          101 |    17 |            15
          101 |    18 |            13
          101 |    19 |            13
----------------------------------
          102 |     1 |            86
          102 |     2 |            56
          102 |     3 |            37
          102 |     4 |            32
          102 |     5 |             9
          102 |     6 |            14
          102 |     7 |             0
          102 |     8 |             9
          102 |     9 |             5
          102 |    10 |             4
          102 |    11 |             1
          102 |    12 |             3
          102 |    13 |             2
          102 |    14 |             9
          102 |    15 |            10
          102 |    16 |             9
          102 |    17 |             6
          102 |    18 |             7
          102 |    19 |             7
----------------------------------
          103 |     1 |           221
          103 |     2 |           132
          103 |     3 |            78
          103 |     4 |            78
          103 |     5 |            34
          103 |     6 |            31
          103 |     7 |            43
          103 |     8 |            22
          103 |     9 |            14
          103 |    10 |            16
          103 |    11 |            16
          103 |    12 |            24
          103 |    13 |            15
          103 |    14 |            13
          103 |    15 |            18
          103 |    16 |            17
          103 |    17 |            14
          103 |    18 |            19
          103 |    19 |            19
----------------------------------
          104 |     1 |           191
          104 |     2 |           136
          104 |     3 |            81
          104 |     4 |            44
          104 |     5 |            41
          104 |     6 |            47
          104 |     7 |            38
          104 |     8 |            17
          104 |     9 |            17
          104 |    10 |             6
          104 |    11 |             8
          104 |    12 |            16
          104 |    13 |             8
          104 |    14 |             8
          104 |    15 |            16
          104 |    16 |            14
          104 |    17 |            11
          104 |    18 |            16
          104 |    19 |            13
----------------------------------
          105 |     1 |           152
          105 |     2 |            88
          105 |     3 |            67
          105 |     4 |            42
          105 |     5 |            29
          105 |     6 |            14
          105 |     7 |            14
          105 |     8 |             9
          105 |     9 |            18
          105 |    10 |            10
          105 |    11 |            18
          105 |    12 |             5
          105 |    13 |             3
          105 |    14 |             8
          105 |    15 |            11
          105 |    16 |             9
          105 |    17 |             9
          105 |    18 |             7
          105 |    19 |            12
----------------------------------
          106 |     1 |           190
          106 |     2 |            99
          106 |     3 |            63
          106 |     4 |            49
          106 |     5 |            33
          106 |     6 |            42
          106 |     7 |            29
          106 |     8 |            23
          106 |     9 |            19
          106 |    10 |             2
          106 |    11 |             9
          106 |    12 |             9
          106 |    13 |            11
          106 |    14 |             2
          106 |    15 |             6
          106 |    16 |            10
          106 |    17 |            13
          106 |    18 |            15
          106 |    19 |            12
----------------------------------
          107 |     1 |           139
          107 |     2 |            83
          107 |     3 |            52
          107 |     4 |            16
          107 |     5 |            14
          107 |     6 |            16
          107 |     7 |            14
          107 |     8 |            13
          107 |     9 |             9
          107 |    10 |             4
          107 |    11 |             8
          107 |    12 |             1
          107 |    13 |             6
          107 |    14 |             7
          107 |    15 |            10
          107 |    16 |             9
          107 |    17 |             8
          107 |    18 |            11
          107 |    19 |             8
----------------------------------
          108 |     1 |           235
          108 |     2 |           128
          108 |     3 |            63
          108 |     4 |            58
          108 |     5 |            59
          108 |     6 |            42
          108 |     7 |            31
          108 |     8 |            14
          108 |     9 |            24
          108 |    10 |            14
          108 |    11 |             8
          108 |    12 |             9
          108 |    13 |             6
          108 |    14 |             9
          108 |    15 |            12
          108 |    16 |             7
          108 |    17 |            14
          108 |    18 |            12
          108 |    19 |            11
----------------------------------
          109 |     1 |           174
          109 |     2 |            91
          109 |     3 |            52
          109 |     4 |            59
          109 |     5 |            38
          109 |     6 |            46
          109 |     7 |            25
          109 |     8 |            29
          109 |     9 |            17
          109 |    10 |            16
          109 |    11 |             5
          109 |    12 |            20
          109 |    13 |            20
          109 |    14 |            16
          109 |    15 |             7
          109 |    16 |             8
          109 |    17 |             7
          109 |    18 |            13
          109 |    19 |            11
----------------------------------
          110 |     1 |           128
          110 |     2 |            94
          110 |     3 |            74
          110 |     4 |            58
          110 |     5 |            29
          110 |     6 |            31
          110 |     7 |            13
          110 |     8 |            18
          110 |     9 |            12
          110 |    10 |            14
          110 |    11 |             4
          110 |    12 |            18
          110 |    13 |             4
          110 |    14 |            11
          110 |    15 |             9
          110 |    16 |             8
          110 |    17 |             7
          110 |    18 |             6
          110 |    19 |            12
----------------------------------
          111 |     1 |           106
          111 |     2 |            39
          111 |     3 |            49
          111 |     4 |            27
          111 |     5 |            21
          111 |     6 |            11
          111 |     7 |             9
          111 |     8 |             9
          111 |     9 |             0
          111 |    10 |             1
          111 |    11 |             8
          111 |    12 |             2
          111 |    13 |             4
          111 |    14 |             5
          111 |    15 |             8
          111 |    16 |             6
          111 |    17 |             4
          111 |    18 |            15
          111 |    19 |             9
----------------------------------
          112 |     1 |            51
          112 |     2 |            36
          112 |     3 |            28
          112 |     4 |            27
          112 |     5 |            19
          112 |     6 |            10
          112 |     7 |             5
          112 |     8 |             8
          112 |     9 |             9
          112 |    10 |             6
          112 |    11 |             4
          112 |    12 |             0
          112 |    13 |             1
          112 |    14 |             2
          112 |    15 |             1
          112 |    16 |             3
          112 |    17 |             5
          112 |    18 |             4
          112 |    19 |             5
----------------------------------
          113 |     1 |            99
          113 |     2 |            65
          113 |     3 |            27
          113 |     4 |            13
          113 |     5 |            32
          113 |     6 |            14
          113 |     7 |            11
          113 |     8 |             3
          113 |     9 |            12
          113 |    10 |             3
          113 |    11 |             5
          113 |    12 |             1
          113 |    13 |             2
          113 |    14 |             6
          113 |    15 |             9
          113 |    16 |             9
          113 |    17 |             6
          113 |    18 |             8
          113 |    19 |            14
----------------------------------
          114 |     1 |            49
          114 |     2 |            37
          114 |     3 |            16
          114 |     4 |            21
          114 |     5 |            18
          114 |     6 |             7
          114 |     7 |            11
          114 |     8 |             8
          114 |     9 |             3
          114 |    10 |             6
          114 |    11 |            12
          114 |    12 |             2
          114 |    13 |             8
          114 |    14 |             2
          114 |    15 |             7
          114 |    16 |             5
          114 |    17 |             5
          114 |    18 |             7
          114 |    19 |             4
----------------------------------
          115 |     1 |            33
          115 |     2 |            22
          115 |     3 |            20
          115 |     4 |             5
          115 |     5 |            12
          115 |     6 |             3
          115 |     7 |             5
          115 |     8 |             0
          115 |     9 |             1
          115 |    10 |             0
          115 |    11 |             0
          115 |    12 |             0
          115 |    13 |             4
          115 |    14 |             2
          115 |    15 |             2
          115 |    16 |             4
          115 |    17 |             0
          115 |    18 |             1
          115 |    19 |             1
----------------------------------
----------------------------------
----------------------------------
          118 |     1 |            24
          118 |     2 |            12
          118 |     3 |            18
          118 |     4 |            19
          118 |     5 |            11
          118 |     6 |             3
          118 |     7 |             4
          118 |     8 |             1
          118 |     9 |             4
          118 |    10 |             3
          118 |    11 |             2
          118 |    12 |             3
          118 |    13 |             0
          118 |    14 |             5
          118 |    15 |             1
          118 |    16 |             0
          118 |    17 |             1
          118 |    18 |             3
          118 |    19 |             4
----------------------------------
          119 |     1 |            93
          119 |     2 |            59
          119 |     3 |            40
          119 |     4 |            34
          119 |     5 |            16
          119 |     6 |            26
          119 |     7 |            11
          119 |     8 |            16
          119 |     9 |             6
          119 |    10 |             8
          119 |    11 |             7
          119 |    12 |             2
          119 |    13 |             7
          119 |    14 |             2
          119 |    15 |             5
          119 |    16 |             3
          119 |    17 |             2
          119 |    18 |            11
          119 |    19 |             9
----------------------------------
----------------------------------
----------------------------------
----------------------------------
----------------------------------
----------------------------------
----------------------------------
----------------------------------
----------------------------------
          128 |     1 |            17
          128 |     2 |            19
          128 |     3 |            11
          128 |     4 |            16
          128 |     5 |             6
          128 |     6 |            12
          128 |     7 |             6
          128 |     8 |             5
          128 |     9 |             3
          128 |    10 |             8
          128 |    11 |             9
          128 |    12 |             1
          128 |    13 |             7
          128 |    14 |             0
          128 |    15 |             0
          128 |    16 |             2
          128 |    17 |             1
          128 |    18 |             2
          128 |    19 |             3
----------------------------------
          129 |     1 |            25
          129 |     2 |            18
          129 |     3 |            29
          129 |     4 |            21
          129 |     5 |             8
          129 |     6 |             0
          129 |     7 |             4
          129 |     8 |             4
          129 |     9 |             2
          129 |    10 |             3
          129 |    11 |             3
          129 |    12 |             1
          129 |    13 |             1
          129 |    14 |             0
          129 |    15 |             0
          129 |    16 |             2
          129 |    17 |             1
          129 |    18 |             3
          129 |    19 |             4
----------------------------------
----------------------------------
          131 |     1 |            36
          131 |     2 |            19
          131 |     3 |            20
          131 |     4 |            12
          131 |     5 |             9
          131 |     6 |             7
          131 |     7 |             4
          131 |     8 |             2
          131 |     9 |             4
          131 |    10 |             2
          131 |    11 |             5
          131 |    12 |             0
          131 |    13 |             0
          131 |    14 |             2
          131 |    15 |             2
          131 |    16 |             3
          131 |    17 |             0
          131 |    18 |             1
          131 |    19 |             3
----------------------------------
----------------------------------
----------------------------------
----------------------------------
          135 |     1 |            48
          135 |     2 |            36
          135 |     3 |            24
          135 |     4 |             2
          135 |     5 |             2
          135 |     6 |             0
          135 |     7 |             2
          135 |     8 |             6
          135 |     9 |             1
          135 |    10 |             3
          135 |    11 |             0
          135 |    12 |             0
          135 |    13 |             2
          135 |    14 |             1
          135 |    15 |             0
          135 |    16 |             0
          135 |    17 |             5
          135 |    18 |             2
          135 |    19 |             1
----------------------------------
----------------------------------
----------------------------------
----------------------------------
----------------------------------
----------------------------------
----------------------------------
----------------------------------
----------------------------------
----------------------------------
----------------------------------
----------------------------------
----------------------------------
----------------------------------
----------------------------------
----------------------------------
----------------------------------
----------------------------------
----------------------------------
----------------------------------
----------------------------------
----------------------------------
----------------------------------
----------------------------------
----------------------------------
----------------------------------
----------------------------------
----------------------------------
----------------------------------
----------------------------------
----------------------------------
----------------------------------
----------------------------------
----------------------------------
----------------------------------
----------------------------------
----------------------------------
----------------------------------
----------------------------------
----------------------------------
----------------------------------
----------------------------------
----------------------------------
----------------------------------
----------------------------------
----------------------------------
----------------------------------
----------------------------------
----------------------------------
----------------------------------
----------------------------------
----------------------------------
----------------------------------
----------------------------------
----------------------------------
----------------------------------
