MinCut number | SSize | Number of cuts
----------------------------------
----------------------------------
----------------------------------
----------------------------------
----------------------------------
----------------------------------
----------------------------------
----------------------------------
----------------------------------
----------------------------------
----------------------------------
----------------------------------
----------------------------------
----------------------------------
----------------------------------
----------------------------------
----------------------------------
----------------------------------
----------------------------------
           38 |     1 |            12
           38 |     2 |             3
           38 |     3 |             1
           38 |     4 |             1
           38 |     5 |             1
           38 |     6 |             0
           38 |     7 |             0
           38 |     8 |             2
           38 |     9 |             0
           38 |    10 |             0
           38 |    11 |             0
           38 |    12 |             2
           38 |    13 |             3
           38 |    14 |             2
           38 |    15 |             1
           38 |    16 |             2
           38 |    17 |             4
           38 |    18 |             2
           38 |    19 |             2
----------------------------------
----------------------------------
----------------------------------
           41 |     1 |            10
           41 |     2 |             1
           41 |     3 |             1
           41 |     4 |             1
           41 |     5 |             1
           41 |     6 |             0
           41 |     7 |             0
           41 |     8 |             1
           41 |     9 |             1
           41 |    10 |             0
           41 |    11 |             4
           41 |    12 |             1
           41 |    13 |             2
           41 |    14 |             3
           41 |    15 |             2
           41 |    16 |             3
           41 |    17 |             4
           41 |    18 |             2
           41 |    19 |             4
----------------------------------
           42 |     1 |            32
           42 |     2 |            15
           42 |     3 |             5
           42 |     4 |             4
           42 |     5 |             2
           42 |     6 |             1
           42 |     7 |             1
           42 |     8 |             1
           42 |     9 |             2
           42 |    10 |             1
           42 |    11 |             4
           42 |    12 |             3
           42 |    13 |             1
           42 |    14 |             3
           42 |    15 |             1
           42 |    16 |             1
           42 |    17 |             4
           42 |    18 |             0
           42 |    19 |             3
----------------------------------
           43 |     1 |            14
           43 |     2 |             6
           43 |     3 |             2
           43 |     4 |             2
           43 |     5 |             0
           43 |     6 |             1
           43 |     7 |             0
           43 |     8 |             3
           43 |     9 |             0
           43 |    10 |             1
           43 |    11 |             0
           43 |    12 |             0
           43 |    13 |             1
           43 |    14 |             1
           43 |    15 |             2
           43 |    16 |             3
           43 |    17 |             2
           43 |    18 |             3
           43 |    19 |             2
----------------------------------
           44 |     1 |            11
           44 |     2 |             6
           44 |     3 |             4
           44 |     4 |             2
           44 |     5 |             3
           44 |     6 |             1
           44 |     7 |             0
           44 |     8 |             0
           44 |     9 |             0
           44 |    10 |             4
           44 |    11 |             1
           44 |    12 |             1
           44 |    13 |             1
           44 |    14 |             1
           44 |    15 |             1
           44 |    16 |             1
           44 |    17 |             1
           44 |    18 |             3
           44 |    19 |             3
----------------------------------
           45 |     1 |            29
           45 |     2 |             9
           45 |     3 |             6
           45 |     4 |             1
           45 |     5 |             0
           45 |     6 |             5
           45 |     7 |             3
           45 |     8 |             3
           45 |     9 |             1
           45 |    10 |             0
           45 |    11 |             2
           45 |    12 |             2
           45 |    13 |             1
           45 |    14 |             5
           45 |    15 |             3
           45 |    16 |             3
           45 |    17 |             6
           45 |    18 |             4
           45 |    19 |             7
----------------------------------
           46 |     1 |            59
           46 |     2 |            21
           46 |     3 |             7
           46 |     4 |             4
           46 |     5 |             0
           46 |     6 |             3
           46 |     7 |             5
           46 |     8 |             2
           46 |     9 |             0
           46 |    10 |             3
           46 |    11 |             4
           46 |    12 |             6
           46 |    13 |             6
           46 |    14 |            10
           46 |    15 |             3
           46 |    16 |            11
           46 |    17 |            14
           46 |    18 |            14
           46 |    19 |            12
----------------------------------
           47 |     1 |            48
           47 |     2 |            20
           47 |     3 |            10
           47 |     4 |             5
           47 |     5 |             2
           47 |     6 |             4
           47 |     7 |             2
           47 |     8 |             1
           47 |     9 |             1
           47 |    10 |             1
           47 |    11 |             2
           47 |    12 |             0
           47 |    13 |             7
           47 |    14 |             4
           47 |    15 |             2
           47 |    16 |             6
           47 |    17 |             6
           47 |    18 |            10
           47 |    19 |            10
----------------------------------
           48 |     1 |            93
           48 |     2 |            34
           48 |     3 |            15
           48 |     4 |            10
           48 |     5 |             7
           48 |     6 |             7
           48 |     7 |             5
           48 |     8 |             7
           48 |     9 |             4
           48 |    10 |             9
           48 |    11 |             7
           48 |    12 |            11
           48 |    13 |             5
           48 |    14 |             7
           48 |    15 |             4
           48 |    16 |            13
           48 |    17 |            21
           48 |    18 |            15
           48 |    19 |            14
----------------------------------
           49 |     1 |           104
           49 |     2 |            35
           49 |     3 |            25
           49 |     4 |            23
           49 |     5 |            13
           49 |     6 |            14
           49 |     7 |            17
           49 |     8 |             2
           49 |     9 |             5
           49 |    10 |            11
           49 |    11 |             7
           49 |    12 |             5
           49 |    13 |             3
           49 |    14 |             6
           49 |    15 |            12
           49 |    16 |            12
           49 |    17 |            14
           49 |    18 |            22
           49 |    19 |            13
----------------------------------
           50 |     1 |            99
           50 |     2 |            25
           50 |     3 |            30
           50 |     4 |            14
           50 |     5 |             3
           50 |     6 |             6
           50 |     7 |             9
           50 |     8 |             5
           50 |     9 |             1
           50 |    10 |             5
           50 |    11 |             9
           50 |    12 |            11
           50 |    13 |            10
           50 |    14 |            13
           50 |    15 |             6
           50 |    16 |             6
           50 |    17 |            17
           50 |    18 |            20
           50 |    19 |            11
----------------------------------
           51 |     1 |           108
           51 |     2 |            57
           51 |     3 |            32
           51 |     4 |            11
           51 |     5 |            11
           51 |     6 |            13
           51 |     7 |            10
           51 |     8 |             9
           51 |     9 |             9
           51 |    10 |             6
           51 |    11 |            13
           51 |    12 |            15
           51 |    13 |            10
           51 |    14 |            11
           51 |    15 |            12
           51 |    16 |            17
           51 |    17 |            22
           51 |    18 |            17
           51 |    19 |            25
----------------------------------
           52 |     1 |            98
           52 |     2 |            42
           52 |     3 |            24
           52 |     4 |            11
           52 |     5 |            19
           52 |     6 |             1
           52 |     7 |             8
           52 |     8 |             9
           52 |     9 |             3
           52 |    10 |             8
           52 |    11 |             8
           52 |    12 |             8
           52 |    13 |             4
           52 |    14 |            10
           52 |    15 |             5
           52 |    16 |            14
           52 |    17 |            15
           52 |    18 |            12
           52 |    19 |            13
----------------------------------
           53 |     1 |           112
           53 |     2 |            52
           53 |     3 |            20
           53 |     4 |            15
           53 |     5 |            18
           53 |     6 |            16
           53 |     7 |             8
           53 |     8 |            11
           53 |     9 |            12
           53 |    10 |             4
           53 |    11 |             3
           53 |    12 |             8
           53 |    13 |             4
           53 |    14 |             6
           53 |    15 |            19
           53 |    16 |            17
           53 |    17 |            17
           53 |    18 |            16
           53 |    19 |            13
----------------------------------
           54 |     1 |           198
           54 |     2 |            97
           54 |     3 |            42
           54 |     4 |            23
           54 |     5 |            22
           54 |     6 |            21
           54 |     7 |            13
           54 |     8 |            13
           54 |     9 |            20
           54 |    10 |             7
           54 |    11 |            12
           54 |    12 |             9
           54 |    13 |            19
           54 |    14 |            15
           54 |    15 |            25
           54 |    16 |            27
           54 |    17 |            30
           54 |    18 |            25
           54 |    19 |            30
----------------------------------
           55 |     1 |           164
           55 |     2 |            58
           55 |     3 |            35
           55 |     4 |            17
           55 |     5 |            11
           55 |     6 |            19
           55 |     7 |            12
           55 |     8 |             7
           55 |     9 |            13
           55 |    10 |             6
           55 |    11 |            11
           55 |    12 |            16
           55 |    13 |            19
           55 |    14 |             7
           55 |    15 |            14
           55 |    16 |            16
           55 |    17 |            18
           55 |    18 |            26
           55 |    19 |            26
----------------------------------
           56 |     1 |           211
           56 |     2 |           105
           56 |     3 |            51
           56 |     4 |            37
           56 |     5 |            30
           56 |     6 |            19
           56 |     7 |            15
           56 |     8 |            18
           56 |     9 |             4
           56 |    10 |            10
           56 |    11 |            21
           56 |    12 |            15
           56 |    13 |            20
           56 |    14 |            18
           56 |    15 |            27
           56 |    16 |            31
           56 |    17 |            30
           56 |    18 |            35
           56 |    19 |            31
----------------------------------
           57 |     1 |           268
           57 |     2 |           126
           57 |     3 |            80
           57 |     4 |            57
           57 |     5 |            21
           57 |     6 |            21
           57 |     7 |            32
           57 |     8 |            22
           57 |     9 |             8
           57 |    10 |            22
           57 |    11 |            17
           57 |    12 |            21
           57 |    13 |            22
           57 |    14 |            23
           57 |    15 |            32
           57 |    16 |            29
           57 |    17 |            46
           57 |    18 |            29
           57 |    19 |            36
----------------------------------
           58 |     1 |           369
           58 |     2 |           142
           58 |     3 |            78
           58 |     4 |            44
           58 |     5 |            17
           58 |     6 |            22
           58 |     7 |            10
           58 |     8 |            18
           58 |     9 |            12
           58 |    10 |            29
           58 |    11 |            31
           58 |    12 |            17
           58 |    13 |            40
           58 |    14 |            24
           58 |    15 |            30
           58 |    16 |            42
           58 |    17 |            36
           58 |    18 |            46
           58 |    19 |            37
----------------------------------
           59 |     1 |           286
           59 |     2 |           127
           59 |     3 |            68
           59 |     4 |            30
           59 |     5 |            15
           59 |     6 |            16
           59 |     7 |             8
           59 |     8 |            20
           59 |     9 |            16
           59 |    10 |            13
           59 |    11 |            21
           59 |    12 |            18
           59 |    13 |            13
           59 |    14 |            25
           59 |    15 |            30
           59 |    16 |            22
           59 |    17 |            27
           59 |    18 |            35
           59 |    19 |            36
----------------------------------
           60 |     1 |           342
           60 |     2 |           150
           60 |     3 |            81
           60 |     4 |            44
           60 |     5 |            34
           60 |     6 |            21
           60 |     7 |            22
           60 |     8 |            32
           60 |     9 |            20
           60 |    10 |            18
           60 |    11 |            17
           60 |    12 |            20
           60 |    13 |            15
           60 |    14 |            29
           60 |    15 |            37
           60 |    16 |            33
           60 |    17 |            17
           60 |    18 |            43
           60 |    19 |            45
----------------------------------
           61 |     1 |           456
           61 |     2 |           214
           61 |     3 |           113
           61 |     4 |            77
           61 |     5 |            47
           61 |     6 |            43
           61 |     7 |            36
           61 |     8 |            14
           61 |     9 |            18
           61 |    10 |            33
           61 |    11 |            26
           61 |    12 |            31
           61 |    13 |            49
           61 |    14 |            43
           61 |    15 |            33
           61 |    16 |            43
           61 |    17 |            56
           61 |    18 |            67
           61 |    19 |            65
----------------------------------
           62 |     1 |           298
           62 |     2 |           144
           62 |     3 |            69
           62 |     4 |            37
           62 |     5 |            36
           62 |     6 |            24
           62 |     7 |            20
           62 |     8 |            19
           62 |     9 |            14
           62 |    10 |            24
           62 |    11 |            20
           62 |    12 |            20
           62 |    13 |            19
           62 |    14 |            24
           62 |    15 |            28
           62 |    16 |            27
           62 |    17 |            33
           62 |    18 |            37
           62 |    19 |            37
----------------------------------
           63 |     1 |           311
           63 |     2 |           173
           63 |     3 |            76
           63 |     4 |            37
           63 |     5 |            28
           63 |     6 |            16
           63 |     7 |            35
           63 |     8 |            19
           63 |     9 |            25
           63 |    10 |            35
           63 |    11 |            26
           63 |    12 |            16
           63 |    13 |            19
           63 |    14 |            26
           63 |    15 |            20
           63 |    16 |            34
           63 |    17 |            42
           63 |    18 |            34
           63 |    19 |            36
----------------------------------
           64 |     1 |           242
           64 |     2 |           113
           64 |     3 |            60
           64 |     4 |            56
           64 |     5 |            27
           64 |     6 |            24
           64 |     7 |            12
           64 |     8 |            10
           64 |     9 |            18
           64 |    10 |            15
           64 |    11 |            17
           64 |    12 |            17
           64 |    13 |            14
           64 |    14 |            28
           64 |    15 |            21
           64 |    16 |            19
           64 |    17 |            24
           64 |    18 |            31
           64 |    19 |            20
----------------------------------
           65 |     1 |           369
           65 |     2 |           159
           65 |     3 |            85
           65 |     4 |            45
           65 |     5 |            49
           65 |     6 |            29
           65 |     7 |            39
           65 |     8 |            29
           65 |     9 |            32
           65 |    10 |            44
           65 |    11 |            31
           65 |    12 |            19
           65 |    13 |            22
           65 |    14 |            24
           65 |    15 |            23
           65 |    16 |            46
           65 |    17 |            43
           65 |    18 |            38
           65 |    19 |            44
----------------------------------
           66 |     1 |           406
           66 |     2 |           198
           66 |     3 |           129
           66 |     4 |            77
           66 |     5 |            65
           66 |     6 |            42
           66 |     7 |            37
           66 |     8 |            31
           66 |     9 |            27
           66 |    10 |            22
           66 |    11 |            37
           66 |    12 |            32
           66 |    13 |            27
           66 |    14 |            36
           66 |    15 |            28
           66 |    16 |            55
           66 |    17 |            55
           66 |    18 |            42
           66 |    19 |            40
----------------------------------
           67 |     1 |           389
           67 |     2 |           212
           67 |     3 |            94
           67 |     4 |            48
           67 |     5 |            52
           67 |     6 |            43
           67 |     7 |            36
           67 |     8 |            27
           67 |     9 |            30
           67 |    10 |            22
           67 |    11 |            23
           67 |    12 |            28
           67 |    13 |            22
           67 |    14 |            21
           67 |    15 |            45
           67 |    16 |            31
           67 |    17 |            52
           67 |    18 |            53
           67 |    19 |            45
----------------------------------
           68 |     1 |           539
           68 |     2 |           269
           68 |     3 |           167
           68 |     4 |           114
           68 |     5 |            80
           68 |     6 |            57
           68 |     7 |            40
           68 |     8 |            52
           68 |     9 |            36
           68 |    10 |            26
           68 |    11 |            44
           68 |    12 |            39
           68 |    13 |            44
           68 |    14 |            49
           68 |    15 |            31
           68 |    16 |            60
           68 |    17 |            61
           68 |    18 |            62
           68 |    19 |            66
----------------------------------
           69 |     1 |           357
           69 |     2 |           174
           69 |     3 |            99
           69 |     4 |           109
           69 |     5 |            62
           69 |     6 |            39
           69 |     7 |            37
           69 |     8 |            24
           69 |     9 |            32
           69 |    10 |            25
           69 |    11 |            34
           69 |    12 |            26
           69 |    13 |            28
           69 |    14 |            21
           69 |    15 |            21
           69 |    16 |            33
           69 |    17 |            44
           69 |    18 |            37
           69 |    19 |            40
----------------------------------
           70 |     1 |           560
           70 |     2 |           214
           70 |     3 |           118
           70 |     4 |           111
           70 |     5 |            78
           70 |     6 |            41
           70 |     7 |            43
           70 |     8 |            52
           70 |     9 |            41
           70 |    10 |            39
           70 |    11 |            38
           70 |    12 |            32
           70 |    13 |            31
           70 |    14 |            60
           70 |    15 |            41
           70 |    16 |            57
           70 |    17 |            68
           70 |    18 |            80
           70 |    19 |            46
----------------------------------
           71 |     1 |           504
           71 |     2 |           274
           71 |     3 |           154
           71 |     4 |           127
           71 |     5 |            69
           71 |     6 |            48
           71 |     7 |            61
           71 |     8 |            50
           71 |     9 |            70
           71 |    10 |            42
           71 |    11 |            40
           71 |    12 |            38
           71 |    13 |            35
           71 |    14 |            32
           71 |    15 |            42
           71 |    16 |            38
           71 |    17 |            55
           71 |    18 |            41
           71 |    19 |            55
----------------------------------
           72 |     1 |           460
           72 |     2 |           223
           72 |     3 |           136
           72 |     4 |           112
           72 |     5 |            65
           72 |     6 |            49
           72 |     7 |            40
           72 |     8 |            28
           72 |     9 |            20
           72 |    10 |            24
           72 |    11 |            34
           72 |    12 |            23
           72 |    13 |            46
           72 |    14 |            35
           72 |    15 |            40
           72 |    16 |            43
           72 |    17 |            28
           72 |    18 |            54
           72 |    19 |            52
----------------------------------
           73 |     1 |           851
           73 |     2 |           444
           73 |     3 |           269
           73 |     4 |           193
           73 |     5 |           125
           73 |     6 |           131
           73 |     7 |            75
           73 |     8 |            72
           73 |     9 |            69
           73 |    10 |            68
           73 |    11 |            54
           73 |    12 |            54
           73 |    13 |            63
           73 |    14 |            76
           73 |    15 |            85
           73 |    16 |            72
           73 |    17 |            85
           73 |    18 |           103
           73 |    19 |           104
----------------------------------
           74 |     1 |           519
           74 |     2 |           289
           74 |     3 |           165
           74 |     4 |           117
           74 |     5 |            76
           74 |     6 |            68
           74 |     7 |            46
           74 |     8 |            29
           74 |     9 |            39
           74 |    10 |            49
           74 |    11 |            23
           74 |    12 |            43
           74 |    13 |            49
           74 |    14 |            53
           74 |    15 |            58
           74 |    16 |            47
           74 |    17 |            57
           74 |    18 |            72
           74 |    19 |            51
----------------------------------
           75 |     1 |           643
           75 |     2 |           313
           75 |     3 |           178
           75 |     4 |           171
           75 |     5 |           101
           75 |     6 |            99
           75 |     7 |            55
           75 |     8 |            77
           75 |     9 |            48
           75 |    10 |            51
           75 |    11 |            50
           75 |    12 |            33
           75 |    13 |            48
           75 |    14 |            49
           75 |    15 |            59
           75 |    16 |            64
           75 |    17 |            73
           75 |    18 |            76
           75 |    19 |            62
----------------------------------
           76 |     1 |           517
           76 |     2 |           271
           76 |     3 |           195
           76 |     4 |           116
           76 |     5 |           105
           76 |     6 |            52
           76 |     7 |            49
           76 |     8 |            50
           76 |     9 |            43
           76 |    10 |            38
           76 |    11 |            34
           76 |    12 |            28
           76 |    13 |            37
           76 |    14 |            38
           76 |    15 |            40
           76 |    16 |            53
           76 |    17 |            55
           76 |    18 |            48
           76 |    19 |            55
----------------------------------
           77 |     1 |           557
           77 |     2 |           303
           77 |     3 |           220
           77 |     4 |           147
           77 |     5 |            97
           77 |     6 |            69
           77 |     7 |            83
           77 |     8 |            64
           77 |     9 |            56
           77 |    10 |            41
           77 |    11 |            25
           77 |    12 |            40
           77 |    13 |            38
           77 |    14 |            45
           77 |    15 |            64
           77 |    16 |            56
           77 |    17 |            58
           77 |    18 |            58
           77 |    19 |            58
----------------------------------
           78 |     1 |           408
           78 |     2 |           204
           78 |     3 |           116
           78 |     4 |            77
           78 |     5 |            71
           78 |     6 |            34
           78 |     7 |            49
           78 |     8 |            41
           78 |     9 |            44
           78 |    10 |            17
           78 |    11 |            36
           78 |    12 |            33
           78 |    13 |            36
           78 |    14 |            35
           78 |    15 |            41
           78 |    16 |            39
           78 |    17 |            41
           78 |    18 |            45
           78 |    19 |            37
----------------------------------
           79 |     1 |           468
           79 |     2 |           235
           79 |     3 |           173
           79 |     4 |           130
           79 |     5 |            86
           79 |     6 |            51
           79 |     7 |            56
           79 |     8 |            58
           79 |     9 |            32
           79 |    10 |            16
           79 |    11 |            29
           79 |    12 |            39
           79 |    13 |            22
           79 |    14 |            26
           79 |    15 |            38
           79 |    16 |            43
           79 |    17 |            62
           79 |    18 |            55
           79 |    19 |            40
----------------------------------
           80 |     1 |           508
           80 |     2 |           327
           80 |     3 |           176
           80 |     4 |           137
           80 |     5 |            92
           80 |     6 |            63
           80 |     7 |            73
           80 |     8 |            62
           80 |     9 |            32
           80 |    10 |            53
           80 |    11 |            33
           80 |    12 |            45
           80 |    13 |            42
           80 |    14 |            43
           80 |    15 |            41
           80 |    16 |            45
           80 |    17 |            43
           80 |    18 |            55
           80 |    19 |            50
----------------------------------
           81 |     1 |           788
           81 |     2 |           422
           81 |     3 |           296
           81 |     4 |           180
           81 |     5 |           108
           81 |     6 |           118
           81 |     7 |            90
           81 |     8 |            79
           81 |     9 |            63
           81 |    10 |            61
           81 |    11 |            53
           81 |    12 |            64
           81 |    13 |            62
           81 |    14 |            53
           81 |    15 |            75
           81 |    16 |            66
           81 |    17 |            95
           81 |    18 |            89
           81 |    19 |            73
----------------------------------
           82 |     1 |           517
           82 |     2 |           330
           82 |     3 |           197
           82 |     4 |           157
           82 |     5 |           111
           82 |     6 |            79
           82 |     7 |            79
           82 |     8 |            68
           82 |     9 |            49
           82 |    10 |            28
           82 |    11 |            47
           82 |    12 |            27
           82 |    13 |            52
           82 |    14 |            43
           82 |    15 |            40
           82 |    16 |            58
           82 |    17 |            55
           82 |    18 |            58
           82 |    19 |            55
----------------------------------
           83 |     1 |           456
           83 |     2 |           239
           83 |     3 |           162
           83 |     4 |           131
           83 |     5 |            95
           83 |     6 |            59
           83 |     7 |            60
           83 |     8 |            77
           83 |     9 |            60
           83 |    10 |            47
           83 |    11 |            38
           83 |    12 |            44
           83 |    13 |            42
           83 |    14 |            30
           83 |    15 |            37
           83 |    16 |            34
           83 |    17 |            38
           83 |    18 |            50
           83 |    19 |            44
----------------------------------
           84 |     1 |           489
           84 |     2 |           310
           84 |     3 |           179
           84 |     4 |           143
           84 |     5 |            84
           84 |     6 |            64
           84 |     7 |            56
           84 |     8 |            51
           84 |     9 |            29
           84 |    10 |            34
           84 |    11 |            37
           84 |    12 |            28
           84 |    13 |            32
           84 |    14 |            43
           84 |    15 |            31
           84 |    16 |            32
           84 |    17 |            39
           84 |    18 |            41
           84 |    19 |            42
----------------------------------
           85 |     1 |           610
           85 |     2 |           295
           85 |     3 |           217
           85 |     4 |           135
           85 |     5 |           107
           85 |     6 |            80
           85 |     7 |            80
           85 |     8 |            33
           85 |     9 |            31
           85 |    10 |            38
           85 |    11 |            35
           85 |    12 |            37
           85 |    13 |            44
           85 |    14 |            43
           85 |    15 |            42
           85 |    16 |            48
           85 |    17 |            47
           85 |    18 |            62
           85 |    19 |            56
----------------------------------
           86 |     1 |           540
           86 |     2 |           290
           86 |     3 |           175
           86 |     4 |           121
           86 |     5 |           110
           86 |     6 |            54
           86 |     7 |            46
           86 |     8 |            50
           86 |     9 |            46
           86 |    10 |            27
           86 |    11 |            38
           86 |    12 |            30
           86 |    13 |            27
           86 |    14 |            25
           86 |    15 |            38
           86 |    16 |            47
           86 |    17 |            49
           86 |    18 |            43
           86 |    19 |            50
----------------------------------
           87 |     1 |           542
           87 |     2 |           344
           87 |     3 |           199
           87 |     4 |           161
           87 |     5 |           111
           87 |     6 |            78
           87 |     7 |            73
           87 |     8 |            47
           87 |     9 |            39
           87 |    10 |            41
           87 |    11 |            31
           87 |    12 |            54
           87 |    13 |            38
           87 |    14 |            48
           87 |    15 |            46
           87 |    16 |            53
           87 |    17 |            72
           87 |    18 |            60
           87 |    19 |            51
----------------------------------
           88 |     1 |           425
           88 |     2 |           255
           88 |     3 |           167
           88 |     4 |           117
           88 |     5 |           107
           88 |     6 |            92
           88 |     7 |            54
           88 |     8 |            42
           88 |     9 |            43
           88 |    10 |            41
           88 |    11 |            42
           88 |    12 |            33
           88 |    13 |            33
           88 |    14 |            29
           88 |    15 |            24
           88 |    16 |            41
           88 |    17 |            48
           88 |    18 |            32
           88 |    19 |            47
----------------------------------
           89 |     1 |           594
           89 |     2 |           350
           89 |     3 |           245
           89 |     4 |           198
           89 |     5 |           144
           89 |     6 |           109
           89 |     7 |            86
           89 |     8 |            89
           89 |     9 |            72
           89 |    10 |            42
           89 |    11 |            51
           89 |    12 |            65
           89 |    13 |            53
           89 |    14 |            51
           89 |    15 |            37
           89 |    16 |            51
           89 |    17 |            55
           89 |    18 |            60
           89 |    19 |            51
----------------------------------
           90 |     1 |           344
           90 |     2 |           228
           90 |     3 |           154
           90 |     4 |           126
           90 |     5 |            89
           90 |     6 |            46
           90 |     7 |            57
           90 |     8 |            46
           90 |     9 |            24
           90 |    10 |            30
           90 |    11 |            29
           90 |    12 |            37
           90 |    13 |            30
           90 |    14 |            29
           90 |    15 |            40
           90 |    16 |            31
           90 |    17 |            36
           90 |    18 |            33
           90 |    19 |            31
----------------------------------
           91 |     1 |           284
           91 |     2 |           149
           91 |     3 |           111
           91 |     4 |            73
           91 |     5 |            65
           91 |     6 |            39
           91 |     7 |            39
           91 |     8 |            17
           91 |     9 |            25
           91 |    10 |            15
           91 |    11 |            16
           91 |    12 |            13
           91 |    13 |            23
           91 |    14 |            17
           91 |    15 |            18
           91 |    16 |            28
           91 |    17 |            31
           91 |    18 |            20
           91 |    19 |            18
----------------------------------
           92 |     1 |           426
           92 |     2 |           255
           92 |     3 |           177
           92 |     4 |           137
           92 |     5 |           100
           92 |     6 |            85
           92 |     7 |            57
           92 |     8 |            41
           92 |     9 |            36
           92 |    10 |            45
           92 |    11 |            35
           92 |    12 |            28
           92 |    13 |            17
           92 |    14 |            34
           92 |    15 |            34
           92 |    16 |            39
           92 |    17 |            42
           92 |    18 |            35
           92 |    19 |            33
----------------------------------
           93 |     1 |           129
           93 |     2 |            75
           93 |     3 |            40
           93 |     4 |            16
           93 |     5 |            28
           93 |     6 |            22
           93 |     7 |            16
           93 |     8 |            16
           93 |     9 |            22
           93 |    10 |            23
           93 |    11 |             5
           93 |    12 |             7
           93 |    13 |             8
           93 |    14 |             4
           93 |    15 |             6
           93 |    16 |            12
           93 |    17 |             8
           93 |    18 |            15
           93 |    19 |            13
----------------------------------
           94 |     1 |           254
           94 |     2 |           178
           94 |     3 |            95
           94 |     4 |            65
           94 |     5 |            54
           94 |     6 |            50
           94 |     7 |            41
           94 |     8 |            34
           94 |     9 |            34
           94 |    10 |            30
           94 |    11 |            20
           94 |    12 |            30
           94 |    13 |            13
           94 |    14 |            17
           94 |    15 |            17
           94 |    16 |            26
           94 |    17 |            28
           94 |    18 |            23
           94 |    19 |            25
----------------------------------
           95 |     1 |           304
           95 |     2 |           196
           95 |     3 |            96
           95 |     4 |            64
           95 |     5 |            40
           95 |     6 |            38
           95 |     7 |            33
           95 |     8 |            24
           95 |     9 |            19
           95 |    10 |            21
           95 |    11 |            22
           95 |    12 |            28
           95 |    13 |            19
           95 |    14 |            23
           95 |    15 |            21
           95 |    16 |            18
           95 |    17 |            29
           95 |    18 |            24
           95 |    19 |            26
----------------------------------
           96 |     1 |           201
           96 |     2 |           110
           96 |     3 |            73
           96 |     4 |            54
           96 |     5 |            38
           96 |     6 |            30
           96 |     7 |            21
           96 |     8 |            37
           96 |     9 |            24
           96 |    10 |            27
           96 |    11 |            18
           96 |    12 |            23
           96 |    13 |             4
           96 |    14 |            20
           96 |    15 |            13
           96 |    16 |            14
           96 |    17 |            16
           96 |    18 |            21
           96 |    19 |            24
----------------------------------
           97 |     1 |           329
           97 |     2 |           190
           97 |     3 |           140
           97 |     4 |            84
           97 |     5 |            77
           97 |     6 |            43
           97 |     7 |            39
           97 |     8 |            52
           97 |     9 |            43
           97 |    10 |            28
           97 |    11 |            15
           97 |    12 |            32
           97 |    13 |            29
           97 |    14 |            30
           97 |    15 |            26
           97 |    16 |            22
           97 |    17 |            35
           97 |    18 |            26
           97 |    19 |            21
----------------------------------
           98 |     1 |           119
           98 |     2 |            62
           98 |     3 |            64
           98 |     4 |            48
           98 |     5 |            36
           98 |     6 |            38
           98 |     7 |            24
           98 |     8 |            27
           98 |     9 |            15
           98 |    10 |            26
           98 |    11 |            23
           98 |    12 |            15
           98 |    13 |             8
           98 |    14 |            12
           98 |    15 |            10
           98 |    16 |            15
           98 |    17 |            20
           98 |    18 |            14
           98 |    19 |            12
----------------------------------
           99 |     1 |           185
           99 |     2 |           119
           99 |     3 |            66
           99 |     4 |            47
           99 |     5 |            27
           99 |     6 |            28
           99 |     7 |            31
           99 |     8 |            29
           99 |     9 |            22
           99 |    10 |            19
           99 |    11 |            15
           99 |    12 |            11
           99 |    13 |            12
           99 |    14 |            15
           99 |    15 |            12
           99 |    16 |            13
           99 |    17 |            11
           99 |    18 |            18
           99 |    19 |            13
----------------------------------
          100 |     1 |           201
          100 |     2 |            95
          100 |     3 |            78
          100 |     4 |            51
          100 |     5 |            28
          100 |     6 |            34
          100 |     7 |            19
          100 |     8 |            15
          100 |     9 |            12
          100 |    10 |            26
          100 |    11 |            19
          100 |    12 |            14
          100 |    13 |            11
          100 |    14 |            13
          100 |    15 |             8
          100 |    16 |            13
          100 |    17 |            21
          100 |    18 |            22
          100 |    19 |            20
----------------------------------
          101 |     1 |           382
          101 |     2 |           220
          101 |     3 |           154
          101 |     4 |            96
          101 |     5 |            59
          101 |     6 |            42
          101 |     7 |            17
          101 |     8 |            25
          101 |     9 |            19
          101 |    10 |            12
          101 |    11 |            20
          101 |    12 |            17
          101 |    13 |            16
          101 |    14 |            25
          101 |    15 |            18
          101 |    16 |            15
          101 |    17 |            24
          101 |    18 |            31
          101 |    19 |            20
----------------------------------
          102 |     1 |            30
          102 |     2 |            16
          102 |     3 |            11
          102 |     4 |             9
          102 |     5 |            15
          102 |     6 |             5
          102 |     7 |             1
          102 |     8 |             2
          102 |     9 |             1
          102 |    10 |             1
          102 |    11 |             2
          102 |    12 |             0
          102 |    13 |             2
          102 |    14 |             0
          102 |    15 |             0
          102 |    16 |             2
          102 |    17 |             3
          102 |    18 |             0
          102 |    19 |             2
----------------------------------
          103 |     1 |           157
          103 |     2 |            83
          103 |     3 |            66
          103 |     4 |            31
          103 |     5 |            44
          103 |     6 |            46
          103 |     7 |            28
          103 |     8 |            23
          103 |     9 |            11
          103 |    10 |            19
          103 |    11 |            15
          103 |    12 |            18
          103 |    13 |            13
          103 |    14 |            12
          103 |    15 |             7
          103 |    16 |             6
          103 |    17 |             9
          103 |    18 |            14
          103 |    19 |            16
----------------------------------
          104 |     1 |           167
          104 |     2 |            96
          104 |     3 |            73
          104 |     4 |            47
          104 |     5 |            53
          104 |     6 |            37
          104 |     7 |            32
          104 |     8 |            28
          104 |     9 |            19
          104 |    10 |            30
          104 |    11 |            28
          104 |    12 |            22
          104 |    13 |            21
          104 |    14 |            14
          104 |    15 |            14
          104 |    16 |             8
          104 |    17 |            17
          104 |    18 |            12
          104 |    19 |            10
----------------------------------
          105 |     1 |           179
          105 |     2 |           116
          105 |     3 |            67
          105 |     4 |            43
          105 |     5 |            26
          105 |     6 |            23
          105 |     7 |            18
          105 |     8 |            14
          105 |     9 |            17
          105 |    10 |             9
          105 |    11 |            13
          105 |    12 |            16
          105 |    13 |            13
          105 |    14 |             9
          105 |    15 |            15
          105 |    16 |            15
          105 |    17 |             9
          105 |    18 |            14
          105 |    19 |            14
----------------------------------
          106 |     1 |            55
          106 |     2 |            28
          106 |     3 |            24
          106 |     4 |            28
          106 |     5 |            10
          106 |     6 |             9
          106 |     7 |             7
          106 |     8 |             2
          106 |     9 |             0
          106 |    10 |             2
          106 |    11 |            12
          106 |    12 |             5
          106 |    13 |             5
          106 |    14 |             5
          106 |    15 |             3
          106 |    16 |             4
          106 |    17 |             5
          106 |    18 |             8
          106 |    19 |             0
----------------------------------
          107 |     1 |            48
          107 |     2 |            28
          107 |     3 |            23
          107 |     4 |            26
          107 |     5 |            13
          107 |     6 |            15
          107 |     7 |            12
          107 |     8 |             7
          107 |     9 |             9
          107 |    10 |             7
          107 |    11 |             2
          107 |    12 |             4
          107 |    13 |             4
          107 |    14 |             3
          107 |    15 |             4
          107 |    16 |             5
          107 |    17 |             1
          107 |    18 |             1
          107 |    19 |             2
----------------------------------
          108 |     1 |            24
          108 |     2 |            18
          108 |     3 |            16
          108 |     4 |            12
          108 |     5 |             5
          108 |     6 |             4
          108 |     7 |             1
          108 |     8 |             5
          108 |     9 |             1
          108 |    10 |             7
          108 |    11 |             3
          108 |    12 |             0
          108 |    13 |             5
          108 |    14 |             0
          108 |    15 |             0
          108 |    16 |             0
          108 |    17 |             2
          108 |    18 |             2
          108 |    19 |             3
----------------------------------
          109 |     1 |           113
          109 |     2 |            75
          109 |     3 |            48
          109 |     4 |            48
          109 |     5 |            29
          109 |     6 |            16
          109 |     7 |            22
          109 |     8 |             6
          109 |     9 |             2
          109 |    10 |             3
          109 |    11 |             8
          109 |    12 |             5
          109 |    13 |             9
          109 |    14 |             9
          109 |    15 |            11
          109 |    16 |            11
          109 |    17 |             9
          109 |    18 |             6
          109 |    19 |             6
----------------------------------
----------------------------------
          111 |     1 |            32
          111 |     2 |            21
          111 |     3 |            15
          111 |     4 |             9
          111 |     5 |            12
          111 |     6 |             4
          111 |     7 |             0
          111 |     8 |             0
          111 |     9 |             1
          111 |    10 |             2
          111 |    11 |             2
          111 |    12 |             0
          111 |    13 |             1
          111 |    14 |             1
          111 |    15 |             5
          111 |    16 |             3
          111 |    17 |             1
          111 |    18 |             1
          111 |    19 |             1
----------------------------------
          112 |     1 |           120
          112 |     2 |            86
          112 |     3 |            41
          112 |     4 |            39
          112 |     5 |            20
          112 |     6 |            16
          112 |     7 |            18
          112 |     8 |            21
          112 |     9 |            12
          112 |    10 |            16
          112 |    11 |             8
          112 |    12 |             6
          112 |    13 |            11
          112 |    14 |             8
          112 |    15 |             2
          112 |    16 |             5
          112 |    17 |             9
          112 |    18 |             5
          112 |    19 |             5
----------------------------------
          113 |     1 |           146
          113 |     2 |            82
          113 |     3 |            41
          113 |     4 |            44
          113 |     5 |            53
          113 |     6 |            27
          113 |     7 |            25
          113 |     8 |            15
          113 |     9 |            14
          113 |    10 |            11
          113 |    11 |             8
          113 |    12 |            16
          113 |    13 |            16
          113 |    14 |            12
          113 |    15 |            13
          113 |    16 |            14
          113 |    17 |            14
          113 |    18 |             8
          113 |    19 |             6
----------------------------------
          114 |     1 |           130
          114 |     2 |            70
          114 |     3 |            45
          114 |     4 |            37
          114 |     5 |            22
          114 |     6 |            37
          114 |     7 |            10
          114 |     8 |            12
          114 |     9 |            16
          114 |    10 |             2
          114 |    11 |             8
          114 |    12 |            10
          114 |    13 |             5
          114 |    14 |            13
          114 |    15 |             6
          114 |    16 |            12
          114 |    17 |             8
          114 |    18 |             5
          114 |    19 |             8
----------------------------------
          115 |     1 |            17
          115 |     2 |            13
          115 |     3 |            18
          115 |     4 |            13
          115 |     5 |             9
          115 |     6 |             6
          115 |     7 |             8
          115 |     8 |             0
          115 |     9 |             0
          115 |    10 |             1
          115 |    11 |             0
          115 |    12 |             6
          115 |    13 |             3
          115 |    14 |             6
          115 |    15 |             6
          115 |    16 |             1
          115 |    17 |             2
          115 |    18 |             5
          115 |    19 |             1
----------------------------------
          116 |     1 |            26
          116 |     2 |            25
          116 |     3 |            14
          116 |     4 |            15
          116 |     5 |             6
          116 |     6 |             1
          116 |     7 |             1
          116 |     8 |             2
          116 |     9 |             6
          116 |    10 |             6
          116 |    11 |             6
          116 |    12 |             1
          116 |    13 |             2
          116 |    14 |             1
          116 |    15 |             2
          116 |    16 |             0
          116 |    17 |             0
          116 |    18 |             1
          116 |    19 |             1
----------------------------------
          117 |     1 |            32
          117 |     2 |            16
          117 |     3 |            15
          117 |     4 |            14
          117 |     5 |             3
          117 |     6 |             5
          117 |     7 |             6
          117 |     8 |             0
          117 |     9 |             2
          117 |    10 |             1
          117 |    11 |             3
          117 |    12 |             0
          117 |    13 |             2
          117 |    14 |             1
          117 |    15 |             2
          117 |    16 |             5
          117 |    17 |             4
          117 |    18 |             5
          117 |    19 |             1
----------------------------------
          118 |     1 |            21
          118 |     2 |            12
          118 |     3 |             9
          118 |     4 |            10
          118 |     5 |             5
          118 |     6 |            12
          118 |     7 |            12
          118 |     8 |            10
          118 |     9 |             6
          118 |    10 |             5
          118 |    11 |             2
          118 |    12 |             3
          118 |    13 |             2
          118 |    14 |             3
          118 |    15 |             3
          118 |    16 |             1
          118 |    17 |             1
          118 |    18 |             0
          118 |    19 |             1
----------------------------------
          119 |     1 |            59
          119 |     2 |            21
          119 |     3 |            29
          119 |     4 |            32
          119 |     5 |            19
          119 |     6 |            13
          119 |     7 |             8
          119 |     8 |            10
          119 |     9 |             9
          119 |    10 |             5
          119 |    11 |             6
          119 |    12 |             5
          119 |    13 |             0
          119 |    14 |             4
          119 |    15 |             4
          119 |    16 |             2
          119 |    17 |             1
          119 |    18 |             6
          119 |    19 |             5
----------------------------------
----------------------------------
----------------------------------
          122 |     1 |            42
          122 |     2 |            19
          122 |     3 |            11
          122 |     4 |            12
          122 |     5 |             8
          122 |     6 |             3
          122 |     7 |             8
          122 |     8 |             4
          122 |     9 |             1
          122 |    10 |             3
          122 |    11 |             1
          122 |    12 |             0
          122 |    13 |             1
          122 |    14 |             1
          122 |    15 |             0
          122 |    16 |             1
          122 |    17 |             5
          122 |    18 |             2
          122 |    19 |             0
----------------------------------
----------------------------------
----------------------------------
----------------------------------
          126 |     1 |            46
          126 |     2 |            33
          126 |     3 |            16
          126 |     4 |             9
          126 |     5 |             4
          126 |     6 |             0
          126 |     7 |             1
          126 |     8 |             2
          126 |     9 |             0
          126 |    10 |             1
          126 |    11 |             4
          126 |    12 |             1
          126 |    13 |             1
          126 |    14 |             0
          126 |    15 |             2
          126 |    16 |             2
          126 |    17 |             0
          126 |    18 |             3
          126 |    19 |             1
----------------------------------
          127 |     1 |            39
          127 |     2 |            24
          127 |     3 |            11
          127 |     4 |             5
          127 |     5 |            11
          127 |     6 |            11
          127 |     7 |             5
          127 |     8 |             5
          127 |     9 |             3
          127 |    10 |             6
          127 |    11 |             0
          127 |    12 |             0
          127 |    13 |             0
          127 |    14 |             0
          127 |    15 |             0
          127 |    16 |             0
          127 |    17 |             2
          127 |    18 |             1
          127 |    19 |             4
----------------------------------
----------------------------------
          129 |     1 |            35
          129 |     2 |            24
          129 |     3 |            15
          129 |     4 |            19
          129 |     5 |             7
          129 |     6 |             6
          129 |     7 |             4
          129 |     8 |             2
          129 |     9 |             1
          129 |    10 |             0
          129 |    11 |             8
          129 |    12 |             3
          129 |    13 |             0
          129 |    14 |             0
          129 |    15 |             2
          129 |    16 |             0
          129 |    17 |             1
          129 |    18 |             1
          129 |    19 |             1
----------------------------------
----------------------------------
----------------------------------
----------------------------------
----------------------------------
----------------------------------
----------------------------------
----------------------------------
----------------------------------
----------------------------------
----------------------------------
----------------------------------
----------------------------------
----------------------------------
----------------------------------
----------------------------------
----------------------------------
----------------------------------
----------------------------------
----------------------------------
----------------------------------
----------------------------------
----------------------------------
----------------------------------
----------------------------------
----------------------------------
----------------------------------
----------------------------------
----------------------------------
----------------------------------
----------------------------------
----------------------------------
----------------------------------
----------------------------------
----------------------------------
----------------------------------
----------------------------------
----------------------------------
----------------------------------
----------------------------------
----------------------------------
----------------------------------
----------------------------------
----------------------------------
----------------------------------
----------------------------------
----------------------------------
----------------------------------
----------------------------------
----------------------------------
----------------------------------
----------------------------------
----------------------------------
----------------------------------
----------------------------------
----------------------------------
----------------------------------
----------------------------------
----------------------------------
----------------------------------
----------------------------------
----------------------------------
