MinCut number | SSize | Number of cuts
----------------------------------
----------------------------------
----------------------------------
----------------------------------
----------------------------------
----------------------------------
----------------------------------
----------------------------------
----------------------------------
----------------------------------
----------------------------------
----------------------------------
----------------------------------
----------------------------------
----------------------------------
----------------------------------
----------------------------------
----------------------------------
----------------------------------
----------------------------------
           39 |     1 |            13
           39 |     2 |             3
           39 |     3 |             2
           39 |     4 |             1
           39 |     5 |             1
           39 |     6 |             6
           39 |     7 |             0
           39 |     8 |             0
           39 |     9 |             0
           39 |    10 |             0
           39 |    11 |             0
           39 |    12 |             0
           39 |    13 |             1
           39 |    14 |             1
           39 |    15 |             0
           39 |    16 |             4
           39 |    17 |             3
           39 |    18 |             2
           39 |    19 |             2
----------------------------------
----------------------------------
----------------------------------
----------------------------------
           43 |     1 |            15
           43 |     2 |             5
           43 |     3 |             2
           43 |     4 |             2
           43 |     5 |             2
           43 |     6 |             2
           43 |     7 |             1
           43 |     8 |             0
           43 |     9 |             0
           43 |    10 |             0
           43 |    11 |             2
           43 |    12 |             3
           43 |    13 |             1
           43 |    14 |             0
           43 |    15 |             1
           43 |    16 |             1
           43 |    17 |             3
           43 |    18 |             0
           43 |    19 |             3
----------------------------------
----------------------------------
           45 |     1 |            30
           45 |     2 |            12
           45 |     3 |             3
           45 |     4 |             1
           45 |     5 |             3
           45 |     6 |             3
           45 |     7 |             3
           45 |     8 |             5
           45 |     9 |             4
           45 |    10 |             4
           45 |    11 |             1
           45 |    12 |             1
           45 |    13 |             0
           45 |    14 |             2
           45 |    15 |             1
           45 |    16 |             5
           45 |    17 |             5
           45 |    18 |             5
           45 |    19 |             2
----------------------------------
           46 |     1 |            29
           46 |     2 |            15
           46 |     3 |             8
           46 |     4 |             5
           46 |     5 |             3
           46 |     6 |             1
           46 |     7 |             3
           46 |     8 |             3
           46 |     9 |             2
           46 |    10 |             1
           46 |    11 |             1
           46 |    12 |             1
           46 |    13 |             3
           46 |    14 |             3
           46 |    15 |             2
           46 |    16 |             3
           46 |    17 |             5
           46 |    18 |             3
           46 |    19 |             1
----------------------------------
           47 |     1 |            50
           47 |     2 |            20
           47 |     3 |             7
           47 |     4 |             5
           47 |     5 |             4
           47 |     6 |             2
           47 |     7 |             3
           47 |     8 |             0
           47 |     9 |             2
           47 |    10 |             3
           47 |    11 |             4
           47 |    12 |            10
           47 |    13 |             3
           47 |    14 |             7
           47 |    15 |             6
           47 |    16 |             2
           47 |    17 |             4
           47 |    18 |             7
           47 |    19 |             2
----------------------------------
           48 |     1 |            16
           48 |     2 |             8
           48 |     3 |             3
           48 |     4 |             2
           48 |     5 |             2
           48 |     6 |             2
           48 |     7 |             1
           48 |     8 |             1
           48 |     9 |             1
           48 |    10 |             1
           48 |    11 |             2
           48 |    12 |             2
           48 |    13 |             2
           48 |    14 |             1
           48 |    15 |             1
           48 |    16 |             0
           48 |    17 |             1
           48 |    18 |             0
           48 |    19 |             2
----------------------------------
           49 |     1 |            87
           49 |     2 |            30
           49 |     3 |            15
           49 |     4 |             8
           49 |     5 |            12
           49 |     6 |             7
           49 |     7 |             9
           49 |     8 |             6
           49 |     9 |             5
           49 |    10 |             7
           49 |    11 |             5
           49 |    12 |             6
           49 |    13 |             8
           49 |    14 |             8
           49 |    15 |             7
           49 |    16 |             6
           49 |    17 |             6
           49 |    18 |             6
           49 |    19 |             7
----------------------------------
           50 |     1 |            28
           50 |     2 |            16
           50 |     3 |            15
           50 |     4 |             8
           50 |     5 |             8
           50 |     6 |             5
           50 |     7 |             2
           50 |     8 |             2
           50 |     9 |             2
           50 |    10 |             3
           50 |    11 |             1
           50 |    12 |             2
           50 |    13 |             1
           50 |    14 |             3
           50 |    15 |             3
           50 |    16 |             0
           50 |    17 |             1
           50 |    18 |             0
           50 |    19 |             0
----------------------------------
           51 |     1 |            47
           51 |     2 |            20
           51 |     3 |            15
           51 |     4 |             8
           51 |     5 |             9
           51 |     6 |             3
           51 |     7 |             5
           51 |     8 |             3
           51 |     9 |             3
           51 |    10 |             2
           51 |    11 |             9
           51 |    12 |             6
           51 |    13 |             2
           51 |    14 |             0
           51 |    15 |             5
           51 |    16 |             2
           51 |    17 |             4
           51 |    18 |             6
           51 |    19 |             4
----------------------------------
           52 |     1 |           113
           52 |     2 |            59
           52 |     3 |            42
           52 |     4 |            29
           52 |     5 |            21
           52 |     6 |            11
           52 |     7 |            10
           52 |     8 |             7
           52 |     9 |            14
           52 |    10 |            15
           52 |    11 |             6
           52 |    12 |             7
           52 |    13 |             8
           52 |    14 |            15
           52 |    15 |             9
           52 |    16 |            11
           52 |    17 |            13
           52 |    18 |            14
           52 |    19 |            12
----------------------------------
           53 |     1 |           265
           53 |     2 |           112
           53 |     3 |            85
           53 |     4 |            49
           53 |     5 |            43
           53 |     6 |            21
           53 |     7 |            18
           53 |     8 |            18
           53 |     9 |            22
           53 |    10 |            23
           53 |    11 |            17
           53 |    12 |            24
           53 |    13 |            28
           53 |    14 |            30
           53 |    15 |            27
           53 |    16 |            32
           53 |    17 |            38
           53 |    18 |            24
           53 |    19 |            25
----------------------------------
           54 |     1 |           292
           54 |     2 |           108
           54 |     3 |            74
           54 |     4 |            57
           54 |     5 |            47
           54 |     6 |            44
           54 |     7 |            27
           54 |     8 |            23
           54 |     9 |            35
           54 |    10 |            15
           54 |    11 |            29
           54 |    12 |            29
           54 |    13 |            25
           54 |    14 |            30
           54 |    15 |            28
           54 |    16 |            34
           54 |    17 |            22
           54 |    18 |            25
           54 |    19 |            28
----------------------------------
           55 |     1 |           222
           55 |     2 |           112
           55 |     3 |            58
           55 |     4 |            47
           55 |     5 |            42
           55 |     6 |            17
           55 |     7 |            15
           55 |     8 |            18
           55 |     9 |            12
           55 |    10 |            18
           55 |    11 |            19
           55 |    12 |            19
           55 |    13 |            26
           55 |    14 |            19
           55 |    15 |            24
           55 |    16 |            24
           55 |    17 |            32
           55 |    18 |            25
           55 |    19 |            21
----------------------------------
           56 |     1 |           240
           56 |     2 |           102
           56 |     3 |            91
           56 |     4 |            67
           56 |     5 |            49
           56 |     6 |            44
           56 |     7 |            33
           56 |     8 |            21
           56 |     9 |            27
           56 |    10 |            15
           56 |    11 |            21
           56 |    12 |            20
           56 |    13 |            19
           56 |    14 |            20
           56 |    15 |            29
           56 |    16 |            23
           56 |    17 |            24
           56 |    18 |            31
           56 |    19 |            20
----------------------------------
           57 |     1 |           258
           57 |     2 |           120
           57 |     3 |            94
           57 |     4 |            56
           57 |     5 |            59
           57 |     6 |            40
           57 |     7 |            34
           57 |     8 |            27
           57 |     9 |            27
           57 |    10 |            22
           57 |    11 |            24
           57 |    12 |            29
           57 |    13 |            31
           57 |    14 |            30
           57 |    15 |            17
           57 |    16 |            28
           57 |    17 |            28
           57 |    18 |            29
           57 |    19 |            16
----------------------------------
           58 |     1 |           220
           58 |     2 |           111
           58 |     3 |            61
           58 |     4 |            48
           58 |     5 |            41
           58 |     6 |            23
           58 |     7 |            15
           58 |     8 |            20
           58 |     9 |            25
           58 |    10 |            30
           58 |    11 |            22
           58 |    12 |            18
           58 |    13 |            37
           58 |    14 |            25
           58 |    15 |            24
           58 |    16 |            22
           58 |    17 |            33
           58 |    18 |            22
           58 |    19 |            15
----------------------------------
           59 |     1 |           405
           59 |     2 |           208
           59 |     3 |           134
           59 |     4 |            80
           59 |     5 |            81
           59 |     6 |            63
           59 |     7 |            49
           59 |     8 |            47
           59 |     9 |            52
           59 |    10 |            42
           59 |    11 |            38
           59 |    12 |            32
           59 |    13 |            33
           59 |    14 |            35
           59 |    15 |            45
           59 |    16 |            58
           59 |    17 |            51
           59 |    18 |            45
           59 |    19 |            36
----------------------------------
           60 |     1 |           361
           60 |     2 |           177
           60 |     3 |           134
           60 |     4 |            84
           60 |     5 |            64
           60 |     6 |            60
           60 |     7 |            61
           60 |     8 |            49
           60 |     9 |            45
           60 |    10 |            47
           60 |    11 |            35
           60 |    12 |            32
           60 |    13 |            38
           60 |    14 |            30
           60 |    15 |            33
           60 |    16 |            33
           60 |    17 |            32
           60 |    18 |            36
           60 |    19 |            29
----------------------------------
           61 |     1 |           449
           61 |     2 |           248
           61 |     3 |           178
           61 |     4 |           122
           61 |     5 |           101
           61 |     6 |            68
           61 |     7 |            67
           61 |     8 |            58
           61 |     9 |            40
           61 |    10 |            59
           61 |    11 |            60
           61 |    12 |            39
           61 |    13 |            35
           61 |    14 |            35
           61 |    15 |            37
           61 |    16 |            45
           61 |    17 |            43
           61 |    18 |            56
           61 |    19 |            29
----------------------------------
           62 |     1 |           478
           62 |     2 |           282
           62 |     3 |           189
           62 |     4 |           139
           62 |     5 |            96
           62 |     6 |            69
           62 |     7 |            66
           62 |     8 |            67
           62 |     9 |            40
           62 |    10 |            46
           62 |    11 |            41
           62 |    12 |            46
           62 |    13 |            46
           62 |    14 |            45
           62 |    15 |            49
           62 |    16 |            45
           62 |    17 |            37
           62 |    18 |            48
           62 |    19 |            31
----------------------------------
           63 |     1 |           419
           63 |     2 |           224
           63 |     3 |           146
           63 |     4 |           109
           63 |     5 |            83
           63 |     6 |            84
           63 |     7 |            54
           63 |     8 |            51
           63 |     9 |            37
           63 |    10 |            38
           63 |    11 |            44
           63 |    12 |            28
           63 |    13 |            36
           63 |    14 |            52
           63 |    15 |            33
           63 |    16 |            39
           63 |    17 |            32
           63 |    18 |            43
           63 |    19 |            23
----------------------------------
           64 |     1 |           615
           64 |     2 |           306
           64 |     3 |           238
           64 |     4 |           175
           64 |     5 |           115
           64 |     6 |           106
           64 |     7 |           110
           64 |     8 |            88
           64 |     9 |            71
           64 |    10 |            68
           64 |    11 |            74
           64 |    12 |            64
           64 |    13 |            52
           64 |    14 |            62
           64 |    15 |            54
           64 |    16 |            75
           64 |    17 |            59
           64 |    18 |            59
           64 |    19 |            41
----------------------------------
           65 |     1 |           697
           65 |     2 |           384
           65 |     3 |           257
           65 |     4 |           207
           65 |     5 |           164
           65 |     6 |           124
           65 |     7 |           101
           65 |     8 |           102
           65 |     9 |            88
           65 |    10 |            76
           65 |    11 |            74
           65 |    12 |            67
           65 |    13 |            60
           65 |    14 |            63
           65 |    15 |            74
           65 |    16 |            82
           65 |    17 |            72
           65 |    18 |            55
           65 |    19 |            48
----------------------------------
           66 |     1 |           539
           66 |     2 |           313
           66 |     3 |           216
           66 |     4 |           180
           66 |     5 |           154
           66 |     6 |           108
           66 |     7 |            89
           66 |     8 |            75
           66 |     9 |            61
           66 |    10 |            59
           66 |    11 |            46
           66 |    12 |            37
           66 |    13 |            52
           66 |    14 |            45
           66 |    15 |            51
           66 |    16 |            61
           66 |    17 |            62
           66 |    18 |            51
           66 |    19 |            45
----------------------------------
           67 |     1 |           503
           67 |     2 |           304
           67 |     3 |           212
           67 |     4 |           150
           67 |     5 |           118
           67 |     6 |            80
           67 |     7 |            66
           67 |     8 |            73
           67 |     9 |            61
           67 |    10 |            36
           67 |    11 |            59
           67 |    12 |            55
           67 |    13 |            51
           67 |    14 |            45
           67 |    15 |            44
           67 |    16 |            41
           67 |    17 |            53
           67 |    18 |            29
           67 |    19 |            30
----------------------------------
           68 |     1 |           586
           68 |     2 |           353
           68 |     3 |           220
           68 |     4 |           158
           68 |     5 |           122
           68 |     6 |           101
           68 |     7 |            81
           68 |     8 |            79
           68 |     9 |            84
           68 |    10 |            64
           68 |    11 |            55
           68 |    12 |            63
           68 |    13 |            47
           68 |    14 |            74
           68 |    15 |            54
           68 |    16 |            83
           68 |    17 |            62
           68 |    18 |            49
           68 |    19 |            45
----------------------------------
           69 |     1 |           617
           69 |     2 |           358
           69 |     3 |           244
           69 |     4 |           182
           69 |     5 |           128
           69 |     6 |           125
           69 |     7 |            93
           69 |     8 |            90
           69 |     9 |            79
           69 |    10 |            61
           69 |    11 |            54
           69 |    12 |            53
           69 |    13 |            71
           69 |    14 |            66
           69 |    15 |            76
           69 |    16 |            79
           69 |    17 |            73
           69 |    18 |            53
           69 |    19 |            51
----------------------------------
           70 |     1 |           557
           70 |     2 |           343
           70 |     3 |           239
           70 |     4 |           162
           70 |     5 |           120
           70 |     6 |            98
           70 |     7 |            86
           70 |     8 |            85
           70 |     9 |            71
           70 |    10 |            79
           70 |    11 |            68
           70 |    12 |            67
           70 |    13 |            63
           70 |    14 |            58
           70 |    15 |            57
           70 |    16 |            59
           70 |    17 |            64
           70 |    18 |            63
           70 |    19 |            41
----------------------------------
           71 |     1 |           608
           71 |     2 |           326
           71 |     3 |           220
           71 |     4 |           174
           71 |     5 |           139
           71 |     6 |           112
           71 |     7 |           103
           71 |     8 |            75
           71 |     9 |            76
           71 |    10 |            76
           71 |    11 |            75
           71 |    12 |            67
           71 |    13 |            57
           71 |    14 |            53
           71 |    15 |            54
           71 |    16 |            58
           71 |    17 |            49
           71 |    18 |            53
           71 |    19 |            39
----------------------------------
           72 |     1 |           577
           72 |     2 |           305
           72 |     3 |           202
           72 |     4 |           184
           72 |     5 |           124
           72 |     6 |            99
           72 |     7 |            87
           72 |     8 |            84
           72 |     9 |            84
           72 |    10 |            67
           72 |    11 |            64
           72 |    12 |            54
           72 |    13 |            69
           72 |    14 |            60
           72 |    15 |            52
           72 |    16 |            69
           72 |    17 |            51
           72 |    18 |            44
           72 |    19 |            28
----------------------------------
           73 |     1 |           561
           73 |     2 |           317
           73 |     3 |           235
           73 |     4 |           176
           73 |     5 |           154
           73 |     6 |           126
           73 |     7 |           119
           73 |     8 |           109
           73 |     9 |            88
           73 |    10 |            83
           73 |    11 |            59
           73 |    12 |            57
           73 |    13 |            56
           73 |    14 |            72
           73 |    15 |            47
           73 |    16 |            59
           73 |    17 |            58
           73 |    18 |            56
           73 |    19 |            50
----------------------------------
           74 |     1 |           444
           74 |     2 |           245
           74 |     3 |           209
           74 |     4 |           139
           74 |     5 |           117
           74 |     6 |            87
           74 |     7 |            93
           74 |     8 |            65
           74 |     9 |            51
           74 |    10 |            64
           74 |    11 |            46
           74 |    12 |            49
           74 |    13 |            63
           74 |    14 |            62
           74 |    15 |            42
           74 |    16 |            51
           74 |    17 |            41
           74 |    18 |            29
           74 |    19 |            27
----------------------------------
           75 |     1 |           427
           75 |     2 |           254
           75 |     3 |           178
           75 |     4 |           126
           75 |     5 |            84
           75 |     6 |            74
           75 |     7 |            65
           75 |     8 |            54
           75 |     9 |            47
           75 |    10 |            42
           75 |    11 |            46
           75 |    12 |            37
           75 |    13 |            41
           75 |    14 |            48
           75 |    15 |            45
           75 |    16 |            54
           75 |    17 |            48
           75 |    18 |            29
           75 |    19 |            26
----------------------------------
           76 |     1 |           455
           76 |     2 |           255
           76 |     3 |           187
           76 |     4 |           126
           76 |     5 |           115
           76 |     6 |            90
           76 |     7 |            88
           76 |     8 |            70
           76 |     9 |            76
           76 |    10 |            69
           76 |    11 |            69
           76 |    12 |            68
           76 |    13 |            44
           76 |    14 |            41
           76 |    15 |            55
           76 |    16 |            47
           76 |    17 |            50
           76 |    18 |            39
           76 |    19 |            32
----------------------------------
           77 |     1 |           503
           77 |     2 |           275
           77 |     3 |           181
           77 |     4 |           151
           77 |     5 |           133
           77 |     6 |            94
           77 |     7 |            97
           77 |     8 |            89
           77 |     9 |            87
           77 |    10 |            84
           77 |    11 |            71
           77 |    12 |            51
           77 |    13 |            57
           77 |    14 |            53
           77 |    15 |            42
           77 |    16 |            47
           77 |    17 |            56
           77 |    18 |            51
           77 |    19 |            34
----------------------------------
           78 |     1 |           509
           78 |     2 |           309
           78 |     3 |           227
           78 |     4 |           161
           78 |     5 |           130
           78 |     6 |           105
           78 |     7 |            89
           78 |     8 |            91
           78 |     9 |            78
           78 |    10 |            58
           78 |    11 |            63
           78 |    12 |            70
           78 |    13 |            74
           78 |    14 |            50
           78 |    15 |            63
           78 |    16 |            61
           78 |    17 |            40
           78 |    18 |            51
           78 |    19 |            33
----------------------------------
           79 |     1 |           475
           79 |     2 |           295
           79 |     3 |           194
           79 |     4 |           180
           79 |     5 |           133
           79 |     6 |           116
           79 |     7 |           114
           79 |     8 |            75
           79 |     9 |            83
           79 |    10 |            77
           79 |    11 |            62
           79 |    12 |            69
           79 |    13 |            61
           79 |    14 |            63
           79 |    15 |            57
           79 |    16 |            40
           79 |    17 |            55
           79 |    18 |            42
           79 |    19 |            21
----------------------------------
           80 |     1 |           353
           80 |     2 |           202
           80 |     3 |           175
           80 |     4 |           148
           80 |     5 |           101
           80 |     6 |            71
           80 |     7 |            70
           80 |     8 |            57
           80 |     9 |            53
           80 |    10 |            38
           80 |    11 |            52
           80 |    12 |            36
           80 |    13 |            35
           80 |    14 |            32
           80 |    15 |            41
           80 |    16 |            36
           80 |    17 |            37
           80 |    18 |            36
           80 |    19 |            27
----------------------------------
           81 |     1 |           420
           81 |     2 |           249
           81 |     3 |           167
           81 |     4 |           139
           81 |     5 |           110
           81 |     6 |            87
           81 |     7 |            89
           81 |     8 |            77
           81 |     9 |            60
           81 |    10 |            70
           81 |    11 |            55
           81 |    12 |            52
           81 |    13 |            53
           81 |    14 |            38
           81 |    15 |            41
           81 |    16 |            49
           81 |    17 |            50
           81 |    18 |            30
           81 |    19 |            27
----------------------------------
           82 |     1 |           409
           82 |     2 |           255
           82 |     3 |           195
           82 |     4 |           166
           82 |     5 |           133
           82 |     6 |           111
           82 |     7 |            89
           82 |     8 |            71
           82 |     9 |            67
           82 |    10 |            63
           82 |    11 |            45
           82 |    12 |            46
           82 |    13 |            50
           82 |    14 |            43
           82 |    15 |            49
           82 |    16 |            52
           82 |    17 |            47
           82 |    18 |            42
           82 |    19 |            35
----------------------------------
           83 |     1 |           300
           83 |     2 |           157
           83 |     3 |           118
           83 |     4 |           114
           83 |     5 |            90
           83 |     6 |            73
           83 |     7 |            61
           83 |     8 |            49
           83 |     9 |            47
           83 |    10 |            40
           83 |    11 |            40
           83 |    12 |            34
           83 |    13 |            44
           83 |    14 |            29
           83 |    15 |            35
           83 |    16 |            35
           83 |    17 |            17
           83 |    18 |            23
           83 |    19 |            22
----------------------------------
           84 |     1 |           216
           84 |     2 |           125
           84 |     3 |            85
           84 |     4 |            74
           84 |     5 |            64
           84 |     6 |            53
           84 |     7 |            48
           84 |     8 |            54
           84 |     9 |            39
           84 |    10 |            42
           84 |    11 |            40
           84 |    12 |            31
           84 |    13 |            21
           84 |    14 |            26
           84 |    15 |            21
           84 |    16 |            18
           84 |    17 |            19
           84 |    18 |            16
           84 |    19 |            16
----------------------------------
           85 |     1 |           308
           85 |     2 |           187
           85 |     3 |           161
           85 |     4 |           103
           85 |     5 |            82
           85 |     6 |            64
           85 |     7 |            53
           85 |     8 |            46
           85 |     9 |            34
           85 |    10 |            48
           85 |    11 |            44
           85 |    12 |            33
           85 |    13 |            37
           85 |    14 |            35
           85 |    15 |            24
           85 |    16 |            31
           85 |    17 |            30
           85 |    18 |            26
           85 |    19 |            14
----------------------------------
           86 |     1 |           354
           86 |     2 |           205
           86 |     3 |           144
           86 |     4 |           117
           86 |     5 |            92
           86 |     6 |            82
           86 |     7 |            70
           86 |     8 |            73
           86 |     9 |            64
           86 |    10 |            49
           86 |    11 |            41
           86 |    12 |            48
           86 |    13 |            40
           86 |    14 |            27
           86 |    15 |            32
           86 |    16 |            44
           86 |    17 |            34
           86 |    18 |            14
           86 |    19 |            18
----------------------------------
           87 |     1 |           222
           87 |     2 |           141
           87 |     3 |           104
           87 |     4 |            80
           87 |     5 |            56
           87 |     6 |            50
           87 |     7 |            34
           87 |     8 |            22
           87 |     9 |            35
           87 |    10 |            26
           87 |    11 |            25
           87 |    12 |            35
           87 |    13 |            31
           87 |    14 |            16
           87 |    15 |            14
           87 |    16 |            15
           87 |    17 |            21
           87 |    18 |            17
           87 |    19 |            13
----------------------------------
           88 |     1 |           221
           88 |     2 |           161
           88 |     3 |            86
           88 |     4 |            95
           88 |     5 |            58
           88 |     6 |            66
           88 |     7 |            47
           88 |     8 |            40
           88 |     9 |            28
           88 |    10 |            19
           88 |    11 |            24
           88 |    12 |            14
           88 |    13 |            16
           88 |    14 |            15
           88 |    15 |            16
           88 |    16 |            18
           88 |    17 |            21
           88 |    18 |            12
           88 |    19 |            11
----------------------------------
           89 |     1 |           182
           89 |     2 |           115
           89 |     3 |            86
           89 |     4 |            69
           89 |     5 |            58
           89 |     6 |            50
           89 |     7 |            53
           89 |     8 |            39
           89 |     9 |            22
           89 |    10 |            32
           89 |    11 |            27
           89 |    12 |            21
           89 |    13 |            20
           89 |    14 |            24
           89 |    15 |            26
           89 |    16 |            26
           89 |    17 |            12
           89 |    18 |            17
           89 |    19 |            11
----------------------------------
           90 |     1 |           201
           90 |     2 |           137
           90 |     3 |            84
           90 |     4 |            82
           90 |     5 |            82
           90 |     6 |            60
           90 |     7 |            42
           90 |     8 |            43
           90 |     9 |            33
           90 |    10 |            35
           90 |    11 |            28
           90 |    12 |            23
           90 |    13 |            18
           90 |    14 |            21
           90 |    15 |            27
           90 |    16 |            18
           90 |    17 |            25
           90 |    18 |            22
           90 |    19 |             9
----------------------------------
           91 |     1 |           148
           91 |     2 |            88
           91 |     3 |            74
           91 |     4 |            57
           91 |     5 |            53
           91 |     6 |            41
           91 |     7 |            41
           91 |     8 |            26
           91 |     9 |            28
           91 |    10 |            23
           91 |    11 |            22
           91 |    12 |            17
           91 |    13 |            16
           91 |    14 |            21
           91 |    15 |            18
           91 |    16 |            23
           91 |    17 |            12
           91 |    18 |            12
           91 |    19 |             8
----------------------------------
           92 |     1 |           236
           92 |     2 |           147
           92 |     3 |            77
           92 |     4 |            83
           92 |     5 |            58
           92 |     6 |            63
           92 |     7 |            56
           92 |     8 |            46
           92 |     9 |            36
           92 |    10 |            35
           92 |    11 |            29
           92 |    12 |            25
           92 |    13 |            16
           92 |    14 |            17
           92 |    15 |            15
           92 |    16 |            15
           92 |    17 |            33
           92 |    18 |            12
           92 |    19 |            13
----------------------------------
           93 |     1 |            83
           93 |     2 |            56
           93 |     3 |            41
           93 |     4 |            36
           93 |     5 |            22
           93 |     6 |            21
           93 |     7 |            17
           93 |     8 |            13
           93 |     9 |             4
           93 |    10 |             7
           93 |    11 |             7
           93 |    12 |            12
           93 |    13 |             6
           93 |    14 |             5
           93 |    15 |             8
           93 |    16 |            10
           93 |    17 |            11
           93 |    18 |             9
           93 |    19 |             4
----------------------------------
           94 |     1 |            54
           94 |     2 |            32
           94 |     3 |            28
           94 |     4 |            19
           94 |     5 |            24
           94 |     6 |            23
           94 |     7 |            11
           94 |     8 |             8
           94 |     9 |            13
           94 |    10 |             9
           94 |    11 |             8
           94 |    12 |            11
           94 |    13 |             4
           94 |    14 |             3
           94 |    15 |             8
           94 |    16 |            10
           94 |    17 |             9
           94 |    18 |             6
           94 |    19 |             2
----------------------------------
           95 |     1 |            18
           95 |     2 |             6
           95 |     3 |             6
           95 |     4 |             6
           95 |     5 |            10
           95 |     6 |             5
           95 |     7 |             9
           95 |     8 |             3
           95 |     9 |             6
           95 |    10 |             3
           95 |    11 |             3
           95 |    12 |             5
           95 |    13 |             3
           95 |    14 |             4
           95 |    15 |             3
           95 |    16 |             1
           95 |    17 |             1
           95 |    18 |             2
           95 |    19 |             1
----------------------------------
           96 |     1 |            76
           96 |     2 |            47
           96 |     3 |            50
           96 |     4 |            38
           96 |     5 |            26
           96 |     6 |            18
           96 |     7 |            17
           96 |     8 |            15
           96 |     9 |            16
           96 |    10 |            12
           96 |    11 |            12
           96 |    12 |             7
           96 |    13 |            11
           96 |    14 |             6
           96 |    15 |             8
           96 |    16 |             8
           96 |    17 |             7
           96 |    18 |             5
           96 |    19 |             5
----------------------------------
           97 |     1 |           117
           97 |     2 |            84
           97 |     3 |            69
           97 |     4 |            49
           97 |     5 |            40
           97 |     6 |            45
           97 |     7 |            25
           97 |     8 |            32
           97 |     9 |            13
           97 |    10 |            10
           97 |    11 |            14
           97 |    12 |            10
           97 |    13 |            11
           97 |    14 |            13
           97 |    15 |             9
           97 |    16 |            14
           97 |    17 |            11
           97 |    18 |            10
           97 |    19 |             6
----------------------------------
           98 |     1 |           127
           98 |     2 |            81
           98 |     3 |            63
           98 |     4 |            66
           98 |     5 |            47
           98 |     6 |            39
           98 |     7 |            27
           98 |     8 |            35
           98 |     9 |            33
           98 |    10 |            34
           98 |    11 |            22
           98 |    12 |            13
           98 |    13 |            15
           98 |    14 |            16
           98 |    15 |            23
           98 |    16 |            16
           98 |    17 |             8
           98 |    18 |            12
           98 |    19 |             9
----------------------------------
           99 |     1 |            62
           99 |     2 |            35
           99 |     3 |            36
           99 |     4 |            22
           99 |     5 |            21
           99 |     6 |            14
           99 |     7 |             9
           99 |     8 |            12
           99 |     9 |             9
           99 |    10 |            12
           99 |    11 |             9
           99 |    12 |            10
           99 |    13 |            11
           99 |    14 |             6
           99 |    15 |             3
           99 |    16 |             8
           99 |    17 |             6
           99 |    18 |             7
           99 |    19 |             5
----------------------------------
----------------------------------
          101 |     1 |            11
          101 |     2 |             6
          101 |     3 |            10
          101 |     4 |             5
          101 |     5 |             6
          101 |     6 |             7
          101 |     7 |            10
          101 |     8 |             6
          101 |     9 |             6
          101 |    10 |             5
          101 |    11 |             4
          101 |    12 |             5
          101 |    13 |             6
          101 |    14 |             3
          101 |    15 |             2
          101 |    16 |             2
          101 |    17 |             4
          101 |    18 |             2
          101 |    19 |             1
----------------------------------
          102 |     1 |            30
          102 |     2 |            23
          102 |     3 |            19
          102 |     4 |            18
          102 |     5 |            12
          102 |     6 |            12
          102 |     7 |            12
          102 |     8 |             7
          102 |     9 |            14
          102 |    10 |            10
          102 |    11 |             8
          102 |    12 |             8
          102 |    13 |             6
          102 |    14 |             7
          102 |    15 |             6
          102 |    16 |             3
          102 |    17 |             4
          102 |    18 |             3
          102 |    19 |             2
----------------------------------
          103 |     1 |            18
          103 |     2 |            13
          103 |     3 |             5
          103 |     4 |             4
          103 |     5 |             8
          103 |     6 |             9
          103 |     7 |             8
          103 |     8 |             7
          103 |     9 |            10
          103 |    10 |             3
          103 |    11 |             2
          103 |    12 |             5
          103 |    13 |             2
          103 |    14 |             1
          103 |    15 |             3
          103 |    16 |             2
          103 |    17 |             1
          103 |    18 |             1
          103 |    19 |             1
----------------------------------
          104 |     1 |            44
          104 |     2 |            19
          104 |     3 |            11
          104 |     4 |            10
          104 |     5 |            16
          104 |     6 |             9
          104 |     7 |            13
          104 |     8 |            16
          104 |     9 |            14
          104 |    10 |            11
          104 |    11 |             3
          104 |    12 |             5
          104 |    13 |             5
          104 |    14 |             7
          104 |    15 |            10
          104 |    16 |             3
          104 |    17 |             6
          104 |    18 |             4
          104 |    19 |             2
----------------------------------
          105 |     1 |            37
          105 |     2 |            29
          105 |     3 |            20
          105 |     4 |            14
          105 |     5 |            16
          105 |     6 |            15
          105 |     7 |            16
          105 |     8 |            13
          105 |     9 |            10
          105 |    10 |             9
          105 |    11 |             2
          105 |    12 |             9
          105 |    13 |             2
          105 |    14 |             3
          105 |    15 |             3
          105 |    16 |             3
          105 |    17 |             5
          105 |    18 |             2
          105 |    19 |             2
----------------------------------
          106 |     1 |            20
          106 |     2 |            10
          106 |     3 |             8
          106 |     4 |             8
          106 |     5 |            12
          106 |     6 |             3
          106 |     7 |             8
          106 |     8 |             8
          106 |     9 |             8
          106 |    10 |             5
          106 |    11 |             2
          106 |    12 |             3
          106 |    13 |             2
          106 |    14 |             4
          106 |    15 |             2
          106 |    16 |             2
          106 |    17 |             0
          106 |    18 |             1
          106 |    19 |             0
----------------------------------
----------------------------------
----------------------------------
          109 |     1 |            18
          109 |     2 |             8
          109 |     3 |            10
          109 |     4 |             9
          109 |     5 |            11
          109 |     6 |             8
          109 |     7 |             8
          109 |     8 |             6
          109 |     9 |             6
          109 |    10 |             5
          109 |    11 |             6
          109 |    12 |             2
          109 |    13 |             1
          109 |    14 |             6
          109 |    15 |             1
          109 |    16 |             1
          109 |    17 |             1
          109 |    18 |             1
          109 |    19 |             1
----------------------------------
----------------------------------
          111 |     1 |            30
          111 |     2 |            13
          111 |     3 |            12
          111 |     4 |             4
          111 |     5 |             4
          111 |     6 |             5
          111 |     7 |             2
          111 |     8 |             7
          111 |     9 |             5
          111 |    10 |             5
          111 |    11 |             5
          111 |    12 |             3
          111 |    13 |             5
          111 |    14 |             2
          111 |    15 |             3
          111 |    16 |             4
          111 |    17 |             2
          111 |    18 |             0
          111 |    19 |             0
----------------------------------
----------------------------------
----------------------------------
          114 |     1 |            33
          114 |     2 |            13
          114 |     3 |            13
          114 |     4 |            10
          114 |     5 |            10
          114 |     6 |             7
          114 |     7 |             2
          114 |     8 |             3
          114 |     9 |             2
          114 |    10 |             4
          114 |    11 |             2
          114 |    12 |             3
          114 |    13 |             0
          114 |    14 |             1
          114 |    15 |             5
          114 |    16 |             1
          114 |    17 |             3
          114 |    18 |             1
          114 |    19 |             1
----------------------------------
----------------------------------
----------------------------------
----------------------------------
----------------------------------
----------------------------------
          120 |     1 |            17
          120 |     2 |            11
          120 |     3 |             4
          120 |     4 |             7
          120 |     5 |            11
          120 |     6 |            10
          120 |     7 |            10
          120 |     8 |             7
          120 |     9 |             8
          120 |    10 |             7
          120 |    11 |             2
          120 |    12 |             3
          120 |    13 |            10
          120 |    14 |             4
          120 |    15 |             3
          120 |    16 |             1
          120 |    17 |             4
          120 |    18 |             1
          120 |    19 |             0
----------------------------------
----------------------------------
----------------------------------
----------------------------------
----------------------------------
----------------------------------
----------------------------------
----------------------------------
----------------------------------
----------------------------------
----------------------------------
----------------------------------
----------------------------------
----------------------------------
----------------------------------
----------------------------------
----------------------------------
----------------------------------
----------------------------------
----------------------------------
----------------------------------
----------------------------------
----------------------------------
----------------------------------
----------------------------------
----------------------------------
----------------------------------
----------------------------------
----------------------------------
----------------------------------
----------------------------------
----------------------------------
----------------------------------
----------------------------------
----------------------------------
----------------------------------
----------------------------------
----------------------------------
----------------------------------
----------------------------------
----------------------------------
----------------------------------
----------------------------------
----------------------------------
----------------------------------
----------------------------------
----------------------------------
----------------------------------
----------------------------------
----------------------------------
----------------------------------
----------------------------------
----------------------------------
----------------------------------
----------------------------------
----------------------------------
----------------------------------
----------------------------------
----------------------------------
----------------------------------
----------------------------------
----------------------------------
----------------------------------
----------------------------------
----------------------------------
----------------------------------
----------------------------------
----------------------------------
----------------------------------
----------------------------------
----------------------------------
