MinCut number | SSize | Number of cuts
----------------------------------
----------------------------------
----------------------------------
----------------------------------
----------------------------------
----------------------------------
----------------------------------
----------------------------------
----------------------------------
----------------------------------
----------------------------------
----------------------------------
----------------------------------
----------------------------------
----------------------------------
----------------------------------
----------------------------------
----------------------------------
----------------------------------
----------------------------------
----------------------------------
----------------------------------
----------------------------------
----------------------------------
           43 |     1 |            12
           43 |     2 |             2
           43 |     3 |             6
           43 |     4 |             2
           43 |     5 |             1
           43 |     6 |             2
           43 |     7 |             0
           43 |     8 |             1
           43 |     9 |             0
           43 |    10 |             1
           43 |    11 |             1
           43 |    12 |             0
           43 |    13 |             4
           43 |    14 |             2
           43 |    15 |             1
           43 |    16 |             4
           43 |    17 |             1
           43 |    18 |             2
           43 |    19 |             1
----------------------------------
----------------------------------
----------------------------------
           46 |     1 |             9
           46 |     2 |             6
           46 |     3 |             3
           46 |     4 |             3
           46 |     5 |             5
           46 |     6 |             2
           46 |     7 |             1
           46 |     8 |             1
           46 |     9 |             3
           46 |    10 |             2
           46 |    11 |             2
           46 |    12 |             0
           46 |    13 |             1
           46 |    14 |             2
           46 |    15 |             0
           46 |    16 |             3
           46 |    17 |             2
           46 |    18 |             0
           46 |    19 |             1
----------------------------------
           47 |     1 |            43
           47 |     2 |            22
           47 |     3 |            10
           47 |     4 |             9
           47 |     5 |             6
           47 |     6 |             6
           47 |     7 |             3
           47 |     8 |             4
           47 |     9 |             5
           47 |    10 |             2
           47 |    11 |             1
           47 |    12 |             3
           47 |    13 |             6
           47 |    14 |             3
           47 |    15 |             4
           47 |    16 |             6
           47 |    17 |             6
           47 |    18 |             1
           47 |    19 |             1
----------------------------------
           48 |     1 |            38
           48 |     2 |            19
           48 |     3 |            12
           48 |     4 |            12
           48 |     5 |             6
           48 |     6 |            10
           48 |     7 |             4
           48 |     8 |             5
           48 |     9 |             4
           48 |    10 |             2
           48 |    11 |             3
           48 |    12 |             2
           48 |    13 |             5
           48 |    14 |             4
           48 |    15 |             2
           48 |    16 |             2
           48 |    17 |             3
           48 |    18 |             7
           48 |    19 |             4
----------------------------------
           49 |     1 |            39
           49 |     2 |            17
           49 |     3 |            20
           49 |     4 |            15
           49 |     5 |             7
           49 |     6 |             6
           49 |     7 |             5
           49 |     8 |             3
           49 |     9 |             2
           49 |    10 |             3
           49 |    11 |             3
           49 |    12 |             5
           49 |    13 |             4
           49 |    14 |             1
           49 |    15 |             1
           49 |    16 |             3
           49 |    17 |             3
           49 |    18 |             5
           49 |    19 |             5
----------------------------------
           50 |     1 |           116
           50 |     2 |            48
           50 |     3 |            32
           50 |     4 |            18
           50 |     5 |            20
           50 |     6 |            17
           50 |     7 |            15
           50 |     8 |            22
           50 |     9 |            15
           50 |    10 |            16
           50 |    11 |            13
           50 |    12 |            11
           50 |    13 |             9
           50 |    14 |             8
           50 |    15 |             8
           50 |    16 |             6
           50 |    17 |            10
           50 |    18 |             6
           50 |    19 |            10
----------------------------------
           51 |     1 |            24
           51 |     2 |            12
           51 |     3 |             6
           51 |     4 |             9
           51 |     5 |             9
           51 |     6 |             5
           51 |     7 |             3
           51 |     8 |             4
           51 |     9 |             5
           51 |    10 |             1
           51 |    11 |             0
           51 |    12 |             1
           51 |    13 |             3
           51 |    14 |             3
           51 |    15 |             6
           51 |    16 |             5
           51 |    17 |             1
           51 |    18 |             1
           51 |    19 |             4
----------------------------------
           52 |     1 |           134
           52 |     2 |            67
           52 |     3 |            43
           52 |     4 |            29
           52 |     5 |            22
           52 |     6 |            23
           52 |     7 |            14
           52 |     8 |            15
           52 |     9 |            12
           52 |    10 |            17
           52 |    11 |            10
           52 |    12 |            15
           52 |    13 |             7
           52 |    14 |             9
           52 |    15 |            10
           52 |    16 |            12
           52 |    17 |            11
           52 |    18 |             9
           52 |    19 |             9
----------------------------------
           53 |     1 |           164
           53 |     2 |            79
           53 |     3 |            42
           53 |     4 |            37
           53 |     5 |            30
           53 |     6 |            21
           53 |     7 |            18
           53 |     8 |            17
           53 |     9 |            11
           53 |    10 |            19
           53 |    11 |            27
           53 |    12 |            16
           53 |    13 |            16
           53 |    14 |            14
           53 |    15 |            10
           53 |    16 |            23
           53 |    17 |            11
           53 |    18 |            16
           53 |    19 |            12
----------------------------------
           54 |     1 |           191
           54 |     2 |            96
           54 |     3 |            68
           54 |     4 |            48
           54 |     5 |            38
           54 |     6 |            27
           54 |     7 |            28
           54 |     8 |            19
           54 |     9 |            25
           54 |    10 |            24
           54 |    11 |            21
           54 |    12 |            14
           54 |    13 |            10
           54 |    14 |            18
           54 |    15 |            15
           54 |    16 |            10
           54 |    17 |            15
           54 |    18 |            20
           54 |    19 |            15
----------------------------------
           55 |     1 |           300
           55 |     2 |           158
           55 |     3 |            95
           55 |     4 |            78
           55 |     5 |            45
           55 |     6 |            44
           55 |     7 |            43
           55 |     8 |            34
           55 |     9 |            27
           55 |    10 |            26
           55 |    11 |            39
           55 |    12 |            23
           55 |    13 |            29
           55 |    14 |            27
           55 |    15 |            26
           55 |    16 |            33
           55 |    17 |            22
           55 |    18 |            27
           55 |    19 |            24
----------------------------------
           56 |     1 |           321
           56 |     2 |           170
           56 |     3 |           113
           56 |     4 |            85
           56 |     5 |            53
           56 |     6 |            41
           56 |     7 |            39
           56 |     8 |            30
           56 |     9 |            25
           56 |    10 |            35
           56 |    11 |            34
           56 |    12 |            26
           56 |    13 |            28
           56 |    14 |            32
           56 |    15 |            26
           56 |    16 |            29
           56 |    17 |            37
           56 |    18 |            32
           56 |    19 |            20
----------------------------------
           57 |     1 |           315
           57 |     2 |           157
           57 |     3 |            92
           57 |     4 |            76
           57 |     5 |            51
           57 |     6 |            47
           57 |     7 |            40
           57 |     8 |            39
           57 |     9 |            39
           57 |    10 |            24
           57 |    11 |            35
           57 |    12 |            23
           57 |    13 |            34
           57 |    14 |            30
           57 |    15 |            36
           57 |    16 |            33
           57 |    17 |            31
           57 |    18 |            22
           57 |    19 |            16
----------------------------------
           58 |     1 |           249
           58 |     2 |           149
           58 |     3 |            92
           58 |     4 |            63
           58 |     5 |            39
           58 |     6 |            40
           58 |     7 |            43
           58 |     8 |            27
           58 |     9 |            22
           58 |    10 |            25
           58 |    11 |            28
           58 |    12 |            24
           58 |    13 |            15
           58 |    14 |            19
           58 |    15 |            20
           58 |    16 |            16
           58 |    17 |            19
           58 |    18 |            21
           58 |    19 |            17
----------------------------------
           59 |     1 |           293
           59 |     2 |           153
           59 |     3 |           118
           59 |     4 |            79
           59 |     5 |            72
           59 |     6 |            61
           59 |     7 |            57
           59 |     8 |            47
           59 |     9 |            41
           59 |    10 |            36
           59 |    11 |            31
           59 |    12 |            31
           59 |    13 |            23
           59 |    14 |            29
           59 |    15 |            22
           59 |    16 |            27
           59 |    17 |            24
           59 |    18 |            23
           59 |    19 |            13
----------------------------------
           60 |     1 |           413
           60 |     2 |           237
           60 |     3 |           147
           60 |     4 |           105
           60 |     5 |            81
           60 |     6 |            70
           60 |     7 |            82
           60 |     8 |            64
           60 |     9 |            49
           60 |    10 |            49
           60 |    11 |            38
           60 |    12 |            41
           60 |    13 |            46
           60 |    14 |            31
           60 |    15 |            31
           60 |    16 |            38
           60 |    17 |            39
           60 |    18 |            32
           60 |    19 |            27
----------------------------------
           61 |     1 |           426
           61 |     2 |           237
           61 |     3 |           157
           61 |     4 |           118
           61 |     5 |            91
           61 |     6 |            63
           61 |     7 |            53
           61 |     8 |            38
           61 |     9 |            51
           61 |    10 |            39
           61 |    11 |            39
           61 |    12 |            47
           61 |    13 |            48
           61 |    14 |            44
           61 |    15 |            33
           61 |    16 |            46
           61 |    17 |            48
           61 |    18 |            39
           61 |    19 |            30
----------------------------------
           62 |     1 |           629
           62 |     2 |           319
           62 |     3 |           238
           62 |     4 |           177
           62 |     5 |           124
           62 |     6 |            95
           62 |     7 |            98
           62 |     8 |            75
           62 |     9 |            93
           62 |    10 |            82
           62 |    11 |            61
           62 |    12 |            60
           62 |    13 |            59
           62 |    14 |            65
           62 |    15 |            58
           62 |    16 |            68
           62 |    17 |            41
           62 |    18 |            44
           62 |    19 |            32
----------------------------------
           63 |     1 |           598
           63 |     2 |           365
           63 |     3 |           231
           63 |     4 |           182
           63 |     5 |           123
           63 |     6 |           121
           63 |     7 |           102
           63 |     8 |            78
           63 |     9 |            74
           63 |    10 |            68
           63 |    11 |            74
           63 |    12 |            73
           63 |    13 |            67
           63 |    14 |            59
           63 |    15 |            59
           63 |    16 |            45
           63 |    17 |            56
           63 |    18 |            44
           63 |    19 |            38
----------------------------------
           64 |     1 |           595
           64 |     2 |           317
           64 |     3 |           222
           64 |     4 |           156
           64 |     5 |           131
           64 |     6 |            97
           64 |     7 |            90
           64 |     8 |            88
           64 |     9 |            82
           64 |    10 |            82
           64 |    11 |            57
           64 |    12 |            55
           64 |    13 |            67
           64 |    14 |            68
           64 |    15 |            62
           64 |    16 |            55
           64 |    17 |            51
           64 |    18 |            53
           64 |    19 |            40
----------------------------------
           65 |     1 |           639
           65 |     2 |           370
           65 |     3 |           268
           65 |     4 |           210
           65 |     5 |           145
           65 |     6 |           111
           65 |     7 |            83
           65 |     8 |            89
           65 |     9 |            86
           65 |    10 |            81
           65 |    11 |            76
           65 |    12 |            61
           65 |    13 |            64
           65 |    14 |            70
           65 |    15 |            62
           65 |    16 |            47
           65 |    17 |            56
           65 |    18 |            51
           65 |    19 |            31
----------------------------------
           66 |     1 |           605
           66 |     2 |           361
           66 |     3 |           263
           66 |     4 |           189
           66 |     5 |           139
           66 |     6 |           115
           66 |     7 |            87
           66 |     8 |            80
           66 |     9 |            68
           66 |    10 |            66
           66 |    11 |            60
           66 |    12 |            64
           66 |    13 |            63
           66 |    14 |            62
           66 |    15 |            66
           66 |    16 |            43
           66 |    17 |            50
           66 |    18 |            32
           66 |    19 |            29
----------------------------------
           67 |     1 |           642
           67 |     2 |           350
           67 |     3 |           267
           67 |     4 |           204
           67 |     5 |           169
           67 |     6 |           158
           67 |     7 |           131
           67 |     8 |           101
           67 |     9 |            78
           67 |    10 |            88
           67 |    11 |            92
           67 |    12 |            66
           67 |    13 |            72
           67 |    14 |            93
           67 |    15 |            68
           67 |    16 |            76
           67 |    17 |            55
           67 |    18 |            62
           67 |    19 |            42
----------------------------------
           68 |     1 |           677
           68 |     2 |           404
           68 |     3 |           272
           68 |     4 |           223
           68 |     5 |           191
           68 |     6 |           136
           68 |     7 |           129
           68 |     8 |            95
           68 |     9 |           104
           68 |    10 |            60
           68 |    11 |            70
           68 |    12 |            72
           68 |    13 |            76
           68 |    14 |            64
           68 |    15 |            63
           68 |    16 |            68
           68 |    17 |            55
           68 |    18 |            49
           68 |    19 |            48
----------------------------------
           69 |     1 |           715
           69 |     2 |           429
           69 |     3 |           285
           69 |     4 |           255
           69 |     5 |           184
           69 |     6 |           152
           69 |     7 |           135
           69 |     8 |           107
           69 |     9 |           102
           69 |    10 |            74
           69 |    11 |            68
           69 |    12 |            74
           69 |    13 |            64
           69 |    14 |            84
           69 |    15 |            68
           69 |    16 |            69
           69 |    17 |            70
           69 |    18 |            64
           69 |    19 |            37
----------------------------------
           70 |     1 |           502
           70 |     2 |           290
           70 |     3 |           182
           70 |     4 |           167
           70 |     5 |           136
           70 |     6 |           109
           70 |     7 |            96
           70 |     8 |            92
           70 |     9 |            87
           70 |    10 |            79
           70 |    11 |            63
           70 |    12 |            56
           70 |    13 |            57
           70 |    14 |            52
           70 |    15 |            40
           70 |    16 |            54
           70 |    17 |            44
           70 |    18 |            33
           70 |    19 |            31
----------------------------------
           71 |     1 |           521
           71 |     2 |           304
           71 |     3 |           205
           71 |     4 |           175
           71 |     5 |           143
           71 |     6 |           118
           71 |     7 |            82
           71 |     8 |            78
           71 |     9 |            63
           71 |    10 |            74
           71 |    11 |            62
           71 |    12 |            62
           71 |    13 |            62
           71 |    14 |            54
           71 |    15 |            33
           71 |    16 |            46
           71 |    17 |            51
           71 |    18 |            35
           71 |    19 |            33
----------------------------------
           72 |     1 |           533
           72 |     2 |           313
           72 |     3 |           236
           72 |     4 |           182
           72 |     5 |           137
           72 |     6 |           118
           72 |     7 |            85
           72 |     8 |            67
           72 |     9 |            66
           72 |    10 |            69
           72 |    11 |            56
           72 |    12 |            55
           72 |    13 |            76
           72 |    14 |            65
           72 |    15 |            62
           72 |    16 |            56
           72 |    17 |            55
           72 |    18 |            48
           72 |    19 |            25
----------------------------------
           73 |     1 |           571
           73 |     2 |           375
           73 |     3 |           259
           73 |     4 |           194
           73 |     5 |           180
           73 |     6 |           161
           73 |     7 |           123
           73 |     8 |           109
           73 |     9 |            94
           73 |    10 |            88
           73 |    11 |            99
           73 |    12 |            81
           73 |    13 |            72
           73 |    14 |            57
           73 |    15 |            57
           73 |    16 |            67
           73 |    17 |            42
           73 |    18 |            41
           73 |    19 |            31
----------------------------------
           74 |     1 |           471
           74 |     2 |           310
           74 |     3 |           212
           74 |     4 |           175
           74 |     5 |           124
           74 |     6 |           103
           74 |     7 |            86
           74 |     8 |            94
           74 |     9 |            76
           74 |    10 |            67
           74 |    11 |            63
           74 |    12 |            56
           74 |    13 |            43
           74 |    14 |            34
           74 |    15 |            33
           74 |    16 |            37
           74 |    17 |            35
           74 |    18 |            27
           74 |    19 |            26
----------------------------------
           75 |     1 |           403
           75 |     2 |           253
           75 |     3 |           166
           75 |     4 |           161
           75 |     5 |           123
           75 |     6 |           114
           75 |     7 |            81
           75 |     8 |            73
           75 |     9 |            58
           75 |    10 |            64
           75 |    11 |            54
           75 |    12 |            55
           75 |    13 |            45
           75 |    14 |            43
           75 |    15 |            42
           75 |    16 |            41
           75 |    17 |            42
           75 |    18 |            33
           75 |    19 |            24
----------------------------------
           76 |     1 |           555
           76 |     2 |           339
           76 |     3 |           263
           76 |     4 |           200
           76 |     5 |           172
           76 |     6 |           139
           76 |     7 |           126
           76 |     8 |           107
           76 |     9 |            82
           76 |    10 |            61
           76 |    11 |            57
           76 |    12 |            61
           76 |    13 |            59
           76 |    14 |            68
           76 |    15 |            63
           76 |    16 |            51
           76 |    17 |            46
           76 |    18 |            33
           76 |    19 |            26
----------------------------------
           77 |     1 |           392
           77 |     2 |           234
           77 |     3 |           173
           77 |     4 |           137
           77 |     5 |           119
           77 |     6 |            94
           77 |     7 |            85
           77 |     8 |            78
           77 |     9 |            62
           77 |    10 |            76
           77 |    11 |            61
           77 |    12 |            46
           77 |    13 |            52
           77 |    14 |            47
           77 |    15 |            47
           77 |    16 |            43
           77 |    17 |            39
           77 |    18 |            36
           77 |    19 |            27
----------------------------------
           78 |     1 |           443
           78 |     2 |           290
           78 |     3 |           188
           78 |     4 |           161
           78 |     5 |           130
           78 |     6 |            82
           78 |     7 |            90
           78 |     8 |            45
           78 |     9 |            56
           78 |    10 |            56
           78 |    11 |            38
           78 |    12 |            48
           78 |    13 |            47
           78 |    14 |            51
           78 |    15 |            40
           78 |    16 |            35
           78 |    17 |            30
           78 |    18 |            22
           78 |    19 |            20
----------------------------------
           79 |     1 |           487
           79 |     2 |           303
           79 |     3 |           220
           79 |     4 |           165
           79 |     5 |           138
           79 |     6 |           135
           79 |     7 |           124
           79 |     8 |           105
           79 |     9 |            89
           79 |    10 |            87
           79 |    11 |            59
           79 |    12 |            42
           79 |    13 |            56
           79 |    14 |            70
           79 |    15 |            49
           79 |    16 |            57
           79 |    17 |            44
           79 |    18 |            37
           79 |    19 |            24
----------------------------------
           80 |     1 |           308
           80 |     2 |           198
           80 |     3 |           151
           80 |     4 |           134
           80 |     5 |            93
           80 |     6 |            88
           80 |     7 |            51
           80 |     8 |            57
           80 |     9 |            53
           80 |    10 |            47
           80 |    11 |            42
           80 |    12 |            54
           80 |    13 |            36
           80 |    14 |            48
           80 |    15 |            42
           80 |    16 |            33
           80 |    17 |            35
           80 |    18 |            33
           80 |    19 |            17
----------------------------------
           81 |     1 |           369
           81 |     2 |           233
           81 |     3 |           175
           81 |     4 |           123
           81 |     5 |           121
           81 |     6 |           100
           81 |     7 |            88
           81 |     8 |            63
           81 |     9 |            53
           81 |    10 |            60
           81 |    11 |            43
           81 |    12 |            49
           81 |    13 |            51
           81 |    14 |            51
           81 |    15 |            52
           81 |    16 |            50
           81 |    17 |            43
           81 |    18 |            34
           81 |    19 |            24
----------------------------------
           82 |     1 |           312
           82 |     2 |           187
           82 |     3 |           159
           82 |     4 |           135
           82 |     5 |            96
           82 |     6 |            89
           82 |     7 |            85
           82 |     8 |            61
           82 |     9 |            56
           82 |    10 |            44
           82 |    11 |            41
           82 |    12 |            40
           82 |    13 |            45
           82 |    14 |            44
           82 |    15 |            41
           82 |    16 |            44
           82 |    17 |            34
           82 |    18 |            26
           82 |    19 |            19
----------------------------------
           83 |     1 |           279
           83 |     2 |           192
           83 |     3 |           137
           83 |     4 |           118
           83 |     5 |           106
           83 |     6 |            72
           83 |     7 |            66
           83 |     8 |            77
           83 |     9 |            67
           83 |    10 |            53
           83 |    11 |            46
           83 |    12 |            52
           83 |    13 |            47
           83 |    14 |            48
           83 |    15 |            43
           83 |    16 |            25
           83 |    17 |            27
           83 |    18 |            22
           83 |    19 |            17
----------------------------------
           84 |     1 |           251
           84 |     2 |           164
           84 |     3 |           120
           84 |     4 |           110
           84 |     5 |            77
           84 |     6 |            65
           84 |     7 |            57
           84 |     8 |            63
           84 |     9 |            53
           84 |    10 |            51
           84 |    11 |            42
           84 |    12 |            38
           84 |    13 |            36
           84 |    14 |            30
           84 |    15 |            28
           84 |    16 |            27
           84 |    17 |            21
           84 |    18 |            16
           84 |    19 |            11
----------------------------------
           85 |     1 |           153
           85 |     2 |            83
           85 |     3 |            72
           85 |     4 |            51
           85 |     5 |            41
           85 |     6 |            43
           85 |     7 |            30
           85 |     8 |            27
           85 |     9 |            23
           85 |    10 |            30
           85 |    11 |            14
           85 |    12 |            13
           85 |    13 |            13
           85 |    14 |            16
           85 |    15 |            22
           85 |    16 |            20
           85 |    17 |            14
           85 |    18 |            10
           85 |    19 |             5
----------------------------------
           86 |     1 |           153
           86 |     2 |           105
           86 |     3 |            80
           86 |     4 |            59
           86 |     5 |            46
           86 |     6 |            42
           86 |     7 |            36
           86 |     8 |            28
           86 |     9 |            37
           86 |    10 |            28
           86 |    11 |            24
           86 |    12 |            28
           86 |    13 |            22
           86 |    14 |            18
           86 |    15 |            30
           86 |    16 |            15
           86 |    17 |            14
           86 |    18 |             4
           86 |    19 |             5
----------------------------------
           87 |     1 |           200
           87 |     2 |           135
           87 |     3 |            92
           87 |     4 |            78
           87 |     5 |            59
           87 |     6 |            55
           87 |     7 |            36
           87 |     8 |            36
           87 |     9 |            39
           87 |    10 |            32
           87 |    11 |            36
           87 |    12 |            36
           87 |    13 |            20
           87 |    14 |            27
           87 |    15 |            25
           87 |    16 |            24
           87 |    17 |            13
           87 |    18 |            10
           87 |    19 |             4
----------------------------------
           88 |     1 |           208
           88 |     2 |           125
           88 |     3 |            94
           88 |     4 |            75
           88 |     5 |            62
           88 |     6 |            37
           88 |     7 |            44
           88 |     8 |            29
           88 |     9 |            43
           88 |    10 |            39
           88 |    11 |            43
           88 |    12 |            32
           88 |    13 |            25
           88 |    14 |            30
           88 |    15 |            18
           88 |    16 |            16
           88 |    17 |            18
           88 |    18 |            18
           88 |    19 |            12
----------------------------------
           89 |     1 |           129
           89 |     2 |            96
           89 |     3 |            66
           89 |     4 |            57
           89 |     5 |            45
           89 |     6 |            41
           89 |     7 |            32
           89 |     8 |            32
           89 |     9 |            39
           89 |    10 |            31
           89 |    11 |            21
           89 |    12 |            26
           89 |    13 |            19
           89 |    14 |            18
           89 |    15 |            16
           89 |    16 |            17
           89 |    17 |             9
           89 |    18 |            11
           89 |    19 |             7
----------------------------------
           90 |     1 |           168
           90 |     2 |            96
           90 |     3 |            69
           90 |     4 |            64
           90 |     5 |            64
           90 |     6 |            44
           90 |     7 |            47
           90 |     8 |            35
           90 |     9 |            35
           90 |    10 |            32
           90 |    11 |            30
           90 |    12 |            22
           90 |    13 |            29
           90 |    14 |            21
           90 |    15 |            15
           90 |    16 |            14
           90 |    17 |            12
           90 |    18 |             9
           90 |    19 |             4
----------------------------------
           91 |     1 |           135
           91 |     2 |            75
           91 |     3 |            69
           91 |     4 |            58
           91 |     5 |            26
           91 |     6 |            42
           91 |     7 |            31
           91 |     8 |            19
           91 |     9 |            22
           91 |    10 |            25
           91 |    11 |            18
           91 |    12 |            23
           91 |    13 |            21
           91 |    14 |            17
           91 |    15 |            10
           91 |    16 |            17
           91 |    17 |            12
           91 |    18 |             9
           91 |    19 |             8
----------------------------------
           92 |     1 |            49
           92 |     2 |            32
           92 |     3 |            23
           92 |     4 |            14
           92 |     5 |            16
           92 |     6 |            15
           92 |     7 |            12
           92 |     8 |            13
           92 |     9 |            14
           92 |    10 |             9
           92 |    11 |            13
           92 |    12 |            11
           92 |    13 |             7
           92 |    14 |            12
           92 |    15 |            11
           92 |    16 |            10
           92 |    17 |             5
           92 |    18 |             7
           92 |    19 |             3
----------------------------------
           93 |     1 |            63
           93 |     2 |            48
           93 |     3 |            37
           93 |     4 |            25
           93 |     5 |            19
           93 |     6 |            26
           93 |     7 |            19
           93 |     8 |            19
           93 |     9 |            14
           93 |    10 |            17
           93 |    11 |            15
           93 |    12 |            15
           93 |    13 |            17
           93 |    14 |            12
           93 |    15 |             8
           93 |    16 |             5
           93 |    17 |             2
           93 |    18 |             5
           93 |    19 |             6
----------------------------------
           94 |     1 |            15
           94 |     2 |             5
           94 |     3 |             7
           94 |     4 |             7
           94 |     5 |             5
           94 |     6 |             5
           94 |     7 |             5
           94 |     8 |             4
           94 |     9 |             5
           94 |    10 |             5
           94 |    11 |             3
           94 |    12 |             1
           94 |    13 |             8
           94 |    14 |             4
           94 |    15 |             2
           94 |    16 |             3
           94 |    17 |             5
           94 |    18 |             3
           94 |    19 |             2
----------------------------------
           95 |     1 |            87
           95 |     2 |            52
           95 |     3 |            46
           95 |     4 |            28
           95 |     5 |            36
           95 |     6 |            37
           95 |     7 |            32
           95 |     8 |            29
           95 |     9 |            18
           95 |    10 |            14
           95 |    11 |             9
           95 |    12 |            14
           95 |    13 |            14
           95 |    14 |            13
           95 |    15 |            11
           95 |    16 |             7
           95 |    17 |            12
           95 |    18 |            10
           95 |    19 |             6
----------------------------------
           96 |     1 |            48
           96 |     2 |            32
           96 |     3 |            27
           96 |     4 |            18
           96 |     5 |            18
           96 |     6 |            16
           96 |     7 |            13
           96 |     8 |            15
           96 |     9 |            14
           96 |    10 |            13
           96 |    11 |            14
           96 |    12 |            10
           96 |    13 |            12
           96 |    14 |            14
           96 |    15 |            10
           96 |    16 |             2
           96 |    17 |             5
           96 |    18 |             4
           96 |    19 |             3
----------------------------------
           97 |     1 |            41
           97 |     2 |            27
           97 |     3 |            13
           97 |     4 |            16
           97 |     5 |            13
           97 |     6 |             5
           97 |     7 |             7
           97 |     8 |            15
           97 |     9 |             7
           97 |    10 |             9
           97 |    11 |             7
           97 |    12 |            10
           97 |    13 |             8
           97 |    14 |             3
           97 |    15 |             6
           97 |    16 |             4
           97 |    17 |             0
           97 |    18 |             3
           97 |    19 |             0
----------------------------------
           98 |     1 |            15
           98 |     2 |            10
           98 |     3 |             8
           98 |     4 |             6
           98 |     5 |             4
           98 |     6 |             6
           98 |     7 |             6
           98 |     8 |             5
           98 |     9 |             4
           98 |    10 |             8
           98 |    11 |             3
           98 |    12 |             6
           98 |    13 |             4
           98 |    14 |             5
           98 |    15 |             1
           98 |    16 |             2
           98 |    17 |             2
           98 |    18 |             2
           98 |    19 |             1
----------------------------------
----------------------------------
----------------------------------
          101 |     1 |            16
          101 |     2 |            13
          101 |     3 |            12
          101 |     4 |             9
          101 |     5 |             8
          101 |     6 |             6
          101 |     7 |             6
          101 |     8 |             4
          101 |     9 |             3
          101 |    10 |             2
          101 |    11 |             2
          101 |    12 |             1
          101 |    13 |             5
          101 |    14 |             4
          101 |    15 |             3
          101 |    16 |             2
          101 |    17 |             2
          101 |    18 |             2
          101 |    19 |             1
----------------------------------
          102 |     1 |            21
          102 |     2 |            19
          102 |     3 |             7
          102 |     4 |            10
          102 |     5 |            10
          102 |     6 |             4
          102 |     7 |             3
          102 |     8 |             1
          102 |     9 |             4
          102 |    10 |             6
          102 |    11 |             3
          102 |    12 |             4
          102 |    13 |             2
          102 |    14 |             1
          102 |    15 |             0
          102 |    16 |             1
          102 |    17 |             3
          102 |    18 |             1
          102 |    19 |             2
----------------------------------
          103 |     1 |            23
          103 |     2 |            12
          103 |     3 |            10
          103 |     4 |             8
          103 |     5 |             9
          103 |     6 |             9
          103 |     7 |             2
          103 |     8 |             5
          103 |     9 |             4
          103 |    10 |             4
          103 |    11 |             2
          103 |    12 |             0
          103 |    13 |             5
          103 |    14 |             0
          103 |    15 |             3
          103 |    16 |             3
          103 |    17 |             2
          103 |    18 |             2
          103 |    19 |             0
----------------------------------
          104 |     1 |            16
          104 |     2 |            13
          104 |     3 |            10
          104 |     4 |            11
          104 |     5 |             6
          104 |     6 |             4
          104 |     7 |             7
          104 |     8 |             7
          104 |     9 |             5
          104 |    10 |             5
          104 |    11 |             3
          104 |    12 |             5
          104 |    13 |             3
          104 |    14 |             4
          104 |    15 |             2
          104 |    16 |             0
          104 |    17 |             1
          104 |    18 |             1
          104 |    19 |             1
----------------------------------
          105 |     1 |            16
          105 |     2 |             7
          105 |     3 |             8
          105 |     4 |             8
          105 |     5 |             5
          105 |     6 |             3
          105 |     7 |             4
          105 |     8 |             3
          105 |     9 |             5
          105 |    10 |             9
          105 |    11 |             6
          105 |    12 |             5
          105 |    13 |             6
          105 |    14 |             7
          105 |    15 |             4
          105 |    16 |             3
          105 |    17 |             3
          105 |    18 |             3
          105 |    19 |             0
----------------------------------
          106 |     1 |            22
          106 |     2 |            15
          106 |     3 |            13
          106 |     4 |             2
          106 |     5 |             2
          106 |     6 |             3
          106 |     7 |             7
          106 |     8 |             3
          106 |     9 |             3
          106 |    10 |             3
          106 |    11 |             3
          106 |    12 |             7
          106 |    13 |             6
          106 |    14 |             5
          106 |    15 |             4
          106 |    16 |             2
          106 |    17 |             2
          106 |    18 |             2
          106 |    19 |             2
----------------------------------
----------------------------------
----------------------------------
----------------------------------
----------------------------------
----------------------------------
----------------------------------
----------------------------------
----------------------------------
----------------------------------
----------------------------------
----------------------------------
----------------------------------
----------------------------------
----------------------------------
----------------------------------
----------------------------------
----------------------------------
----------------------------------
----------------------------------
----------------------------------
----------------------------------
----------------------------------
----------------------------------
----------------------------------
----------------------------------
----------------------------------
----------------------------------
----------------------------------
----------------------------------
----------------------------------
----------------------------------
----------------------------------
----------------------------------
----------------------------------
----------------------------------
----------------------------------
----------------------------------
----------------------------------
----------------------------------
----------------------------------
----------------------------------
----------------------------------
----------------------------------
----------------------------------
----------------------------------
----------------------------------
----------------------------------
----------------------------------
----------------------------------
----------------------------------
----------------------------------
----------------------------------
----------------------------------
----------------------------------
----------------------------------
----------------------------------
----------------------------------
----------------------------------
----------------------------------
----------------------------------
----------------------------------
----------------------------------
----------------------------------
----------------------------------
----------------------------------
----------------------------------
----------------------------------
----------------------------------
----------------------------------
----------------------------------
----------------------------------
----------------------------------
----------------------------------
----------------------------------
----------------------------------
----------------------------------
----------------------------------
----------------------------------
----------------------------------
----------------------------------
----------------------------------
----------------------------------
----------------------------------
----------------------------------
