MinCut number | RSize | Number of cuts
----------------------------------
----------------------------------
----------------------------------
----------------------------------
----------------------------------
----------------------------------
----------------------------------
----------------------------------
----------------------------------
----------------------------------
----------------------------------
----------------------------------
----------------------------------
----------------------------------
----------------------------------
----------------------------------
----------------------------------
----------------------------------
----------------------------------
----------------------------------
----------------------------------
----------------------------------
----------------------------------
           42 |     0 |            34
           42 |     1 |            16
           42 |     2 |            12
           42 |     3 |             8
           42 |     4 |             6
           42 |     5 |             7
           42 |     6 |             2
           42 |     7 |             1
           42 |     8 |             2
           42 |     9 |             4
           42 |    10 |             3
           42 |    11 |             4
           42 |    12 |             7
           42 |    13 |             4
           42 |    14 |             2
           42 |    15 |             4
           42 |    16 |             3
           42 |    17 |             3
           42 |    18 |             4
           42 |    19 |             0
           42 |    20 |             0
----------------------------------
           43 |     0 |            14
           43 |     1 |             5
           43 |     2 |             8
           43 |     3 |             0
           43 |     4 |             3
           43 |     5 |             2
           43 |     6 |             1
           43 |     7 |             2
           43 |     8 |             0
           43 |     9 |             0
           43 |    10 |             0
           43 |    11 |             0
           43 |    12 |             0
           43 |    13 |             0
           43 |    14 |             0
           43 |    15 |             1
           43 |    16 |             3
           43 |    17 |             3
           43 |    18 |             1
           43 |    19 |             0
           43 |    20 |             0
----------------------------------
----------------------------------
           45 |     0 |            36
           45 |     1 |            19
           45 |     2 |            14
           45 |     3 |            11
           45 |     4 |             8
           45 |     5 |             9
           45 |     6 |             7
           45 |     7 |             3
           45 |     8 |             1
           45 |     9 |             4
           45 |    10 |             3
           45 |    11 |             1
           45 |    12 |             4
           45 |    13 |             0
           45 |    14 |             2
           45 |    15 |             2
           45 |    16 |             4
           45 |    17 |             5
           45 |    18 |             2
           45 |    19 |             0
           45 |    20 |             0
----------------------------------
           46 |     0 |            67
           46 |     1 |            51
           46 |     2 |            37
           46 |     3 |            20
           46 |     4 |            21
           46 |     5 |             9
           46 |     6 |            10
           46 |     7 |             6
           46 |     8 |             7
           46 |     9 |             5
           46 |    10 |             3
           46 |    11 |             6
           46 |    12 |             2
           46 |    13 |             3
           46 |    14 |             3
           46 |    15 |             6
           46 |    16 |             7
           46 |    17 |             8
           46 |    18 |             5
           46 |    19 |             0
           46 |    20 |             0
----------------------------------
           47 |     0 |            37
           47 |     1 |            20
           47 |     2 |            13
           47 |     3 |            14
           47 |     4 |            10
           47 |     5 |             9
           47 |     6 |             5
           47 |     7 |             4
           47 |     8 |             3
           47 |     9 |             4
           47 |    10 |             4
           47 |    11 |             5
           47 |    12 |             4
           47 |    13 |             2
           47 |    14 |             1
           47 |    15 |             2
           47 |    16 |             2
           47 |    17 |             1
           47 |    18 |             1
           47 |    19 |             0
           47 |    20 |             0
----------------------------------
           48 |     0 |            66
           48 |     1 |            42
           48 |     2 |            22
           48 |     3 |            31
           48 |     4 |            18
           48 |     5 |            14
           48 |     6 |            10
           48 |     7 |            11
           48 |     8 |             7
           48 |     9 |             8
           48 |    10 |             3
           48 |    11 |             6
           48 |    12 |             7
           48 |    13 |             4
           48 |    14 |             6
           48 |    15 |             7
           48 |    16 |             6
           48 |    17 |            14
           48 |    18 |             6
           48 |    19 |             0
           48 |    20 |             0
----------------------------------
           49 |     0 |            37
           49 |     1 |            23
           49 |     2 |            14
           49 |     3 |             9
           49 |     4 |             3
           49 |     5 |             9
           49 |     6 |             7
           49 |     7 |            11
           49 |     8 |             4
           49 |     9 |             5
           49 |    10 |             6
           49 |    11 |             4
           49 |    12 |             2
           49 |    13 |             2
           49 |    14 |             2
           49 |    15 |             3
           49 |    16 |             4
           49 |    17 |             2
           49 |    18 |             0
           49 |    19 |             0
           49 |    20 |             0
----------------------------------
           50 |     0 |            69
           50 |     1 |            45
           50 |     2 |            32
           50 |     3 |            24
           50 |     4 |            14
           50 |     5 |            14
           50 |     6 |             9
           50 |     7 |             9
           50 |     8 |            13
           50 |     9 |             5
           50 |    10 |             5
           50 |    11 |             5
           50 |    12 |             8
           50 |    13 |             8
           50 |    14 |             9
           50 |    15 |             7
           50 |    16 |            10
           50 |    17 |             8
           50 |    18 |             6
           50 |    19 |             0
           50 |    20 |             0
----------------------------------
           51 |     0 |           121
           51 |     1 |            74
           51 |     2 |            49
           51 |     3 |            38
           51 |     4 |            29
           51 |     5 |            26
           51 |     6 |            17
           51 |     7 |            17
           51 |     8 |            15
           51 |     9 |            14
           51 |    10 |            10
           51 |    11 |            11
           51 |    12 |            11
           51 |    13 |            12
           51 |    14 |            15
           51 |    15 |            15
           51 |    16 |            16
           51 |    17 |            13
           51 |    18 |             7
           51 |    19 |             0
           51 |    20 |             0
----------------------------------
           52 |     0 |            81
           52 |     1 |            53
           52 |     2 |            35
           52 |     3 |            23
           52 |     4 |            20
           52 |     5 |            12
           52 |     6 |            14
           52 |     7 |             8
           52 |     8 |             8
           52 |     9 |             9
           52 |    10 |             6
           52 |    11 |            18
           52 |    12 |            12
           52 |    13 |            13
           52 |    14 |            15
           52 |    15 |             9
           52 |    16 |            11
           52 |    17 |            12
           52 |    18 |             5
           52 |    19 |             0
           52 |    20 |             0
----------------------------------
           53 |     0 |           211
           53 |     1 |           130
           53 |     2 |            99
           53 |     3 |            69
           53 |     4 |            59
           53 |     5 |            37
           53 |     6 |            32
           53 |     7 |            26
           53 |     8 |            26
           53 |     9 |            29
           53 |    10 |            32
           53 |    11 |            26
           53 |    12 |            24
           53 |    13 |            24
           53 |    14 |            20
           53 |    15 |            26
           53 |    16 |            34
           53 |    17 |            28
           53 |    18 |            22
           53 |    19 |             0
           53 |    20 |             0
----------------------------------
           54 |     0 |            88
           54 |     1 |            50
           54 |     2 |            38
           54 |     3 |            31
           54 |     4 |            28
           54 |     5 |            11
           54 |     6 |            19
           54 |     7 |            12
           54 |     8 |             8
           54 |     9 |            11
           54 |    10 |            12
           54 |    11 |             5
           54 |    12 |             6
           54 |    13 |             9
           54 |    14 |            12
           54 |    15 |            11
           54 |    16 |            11
           54 |    17 |             9
           54 |    18 |             7
           54 |    19 |             0
           54 |    20 |             0
----------------------------------
           55 |     0 |           253
           55 |     1 |           147
           55 |     2 |           112
           55 |     3 |            92
           55 |     4 |            69
           55 |     5 |            51
           55 |     6 |            50
           55 |     7 |            47
           55 |     8 |            42
           55 |     9 |            39
           55 |    10 |            41
           55 |    11 |            35
           55 |    12 |            35
           55 |    13 |            37
           55 |    14 |            33
           55 |    15 |            34
           55 |    16 |            36
           55 |    17 |            26
           55 |    18 |            31
           55 |    19 |             0
           55 |    20 |             0
----------------------------------
           56 |     0 |           151
           56 |     1 |           115
           56 |     2 |            82
           56 |     3 |            67
           56 |     4 |            43
           56 |     5 |            31
           56 |     6 |            34
           56 |     7 |            29
           56 |     8 |            30
           56 |     9 |            23
           56 |    10 |            28
           56 |    11 |            24
           56 |    12 |            25
           56 |    13 |            25
           56 |    14 |            34
           56 |    15 |            29
           56 |    16 |            26
           56 |    17 |            23
           56 |    18 |            21
           56 |    19 |             0
           56 |    20 |             0
----------------------------------
           57 |     0 |           182
           57 |     1 |           105
           57 |     2 |            81
           57 |     3 |            65
           57 |     4 |            57
           57 |     5 |            33
           57 |     6 |            38
           57 |     7 |            37
           57 |     8 |            29
           57 |     9 |            32
           57 |    10 |            28
           57 |    11 |            27
           57 |    12 |            26
           57 |    13 |            28
           57 |    14 |            28
           57 |    15 |            25
           57 |    16 |            34
           57 |    17 |            27
           57 |    18 |            30
           57 |    19 |             0
           57 |    20 |             0
----------------------------------
           58 |     0 |           287
           58 |     1 |           196
           58 |     2 |           144
           58 |     3 |           126
           58 |     4 |            89
           58 |     5 |            72
           58 |     6 |            65
           58 |     7 |            61
           58 |     8 |            60
           58 |     9 |            42
           58 |    10 |            44
           58 |    11 |            37
           58 |    12 |            38
           58 |    13 |            53
           58 |    14 |            51
           58 |    15 |            59
           58 |    16 |            54
           58 |    17 |            51
           58 |    18 |            37
           58 |    19 |             0
           58 |    20 |             0
----------------------------------
           59 |     0 |           260
           59 |     1 |           164
           59 |     2 |           118
           59 |     3 |            91
           59 |     4 |            70
           59 |     5 |            67
           59 |     6 |            60
           59 |     7 |            57
           59 |     8 |            62
           59 |     9 |            56
           59 |    10 |            50
           59 |    11 |            46
           59 |    12 |            48
           59 |    13 |            45
           59 |    14 |            44
           59 |    15 |            52
           59 |    16 |            49
           59 |    17 |            45
           59 |    18 |            32
           59 |    19 |             0
           59 |    20 |             0
----------------------------------
           60 |     0 |           256
           60 |     1 |           156
           60 |     2 |           119
           60 |     3 |            95
           60 |     4 |            61
           60 |     5 |            59
           60 |     6 |            61
           60 |     7 |            58
           60 |     8 |            53
           60 |     9 |            50
           60 |    10 |            42
           60 |    11 |            38
           60 |    12 |            38
           60 |    13 |            45
           60 |    14 |            58
           60 |    15 |            60
           60 |    16 |            54
           60 |    17 |            50
           60 |    18 |            27
           60 |    19 |             0
           60 |    20 |             0
----------------------------------
           61 |     0 |           282
           61 |     1 |           172
           61 |     2 |           132
           61 |     3 |           108
           61 |     4 |            86
           61 |     5 |            67
           61 |     6 |            64
           61 |     7 |            61
           61 |     8 |            53
           61 |     9 |            53
           61 |    10 |            54
           61 |    11 |            62
           61 |    12 |            52
           61 |    13 |            55
           61 |    14 |            57
           61 |    15 |            62
           61 |    16 |            56
           61 |    17 |            71
           61 |    18 |            39
           61 |    19 |             0
           61 |    20 |             0
----------------------------------
           62 |     0 |           229
           62 |     1 |           159
           62 |     2 |           125
           62 |     3 |           113
           62 |     4 |            89
           62 |     5 |            63
           62 |     6 |            66
           62 |     7 |            52
           62 |     8 |            44
           62 |     9 |            46
           62 |    10 |            43
           62 |    11 |            50
           62 |    12 |            37
           62 |    13 |            45
           62 |    14 |            42
           62 |    15 |            50
           62 |    16 |            42
           62 |    17 |            39
           62 |    18 |            30
           62 |    19 |             0
           62 |    20 |             0
----------------------------------
           63 |     0 |           285
           63 |     1 |           194
           63 |     2 |           124
           63 |     3 |           108
           63 |     4 |            93
           63 |     5 |            99
           63 |     6 |            81
           63 |     7 |            65
           63 |     8 |            59
           63 |     9 |            47
           63 |    10 |            50
           63 |    11 |            50
           63 |    12 |            48
           63 |    13 |            66
           63 |    14 |            48
           63 |    15 |            63
           63 |    16 |            53
           63 |    17 |            66
           63 |    18 |            39
           63 |    19 |             0
           63 |    20 |             0
----------------------------------
           64 |     0 |           276
           64 |     1 |           190
           64 |     2 |           139
           64 |     3 |           100
           64 |     4 |            87
           64 |     5 |            55
           64 |     6 |            58
           64 |     7 |            53
           64 |     8 |            47
           64 |     9 |            62
           64 |    10 |            58
           64 |    11 |            67
           64 |    12 |            72
           64 |    13 |            67
           64 |    14 |            65
           64 |    15 |            61
           64 |    16 |            62
           64 |    17 |            50
           64 |    18 |            31
           64 |    19 |             0
           64 |    20 |             0
----------------------------------
           65 |     0 |           270
           65 |     1 |           207
           65 |     2 |           171
           65 |     3 |           144
           65 |     4 |           106
           65 |     5 |           107
           65 |     6 |            96
           65 |     7 |            91
           65 |     8 |            74
           65 |     9 |            64
           65 |    10 |            66
           65 |    11 |            69
           65 |    12 |            57
           65 |    13 |            73
           65 |    14 |            69
           65 |    15 |            68
           65 |    16 |            60
           65 |    17 |            56
           65 |    18 |            37
           65 |    19 |             0
           65 |    20 |             0
----------------------------------
           66 |     0 |           356
           66 |     1 |           239
           66 |     2 |           160
           66 |     3 |           144
           66 |     4 |           108
           66 |     5 |            93
           66 |     6 |            89
           66 |     7 |            91
           66 |     8 |            73
           66 |     9 |            80
           66 |    10 |            66
           66 |    11 |            74
           66 |    12 |            66
           66 |    13 |            51
           66 |    14 |            64
           66 |    15 |            59
           66 |    16 |            70
           66 |    17 |            47
           66 |    18 |            50
           66 |    19 |             0
           66 |    20 |             0
----------------------------------
           67 |     0 |           284
           67 |     1 |           207
           67 |     2 |           159
           67 |     3 |           112
           67 |     4 |            97
           67 |     5 |           114
           67 |     6 |            94
           67 |     7 |            94
           67 |     8 |            86
           67 |     9 |            88
           67 |    10 |            87
           67 |    11 |            81
           67 |    12 |            83
           67 |    13 |            80
           67 |    14 |            83
           67 |    15 |           103
           67 |    16 |            68
           67 |    17 |            49
           67 |    18 |            41
           67 |    19 |             0
           67 |    20 |             0
----------------------------------
           68 |     0 |           303
           68 |     1 |           244
           68 |     2 |           188
           68 |     3 |           159
           68 |     4 |           126
           68 |     5 |           119
           68 |     6 |            87
           68 |     7 |            75
           68 |     8 |            76
           68 |     9 |            66
           68 |    10 |            60
           68 |    11 |            77
           68 |    12 |            67
           68 |    13 |            79
           68 |    14 |            93
           68 |    15 |            87
           68 |    16 |            79
           68 |    17 |            76
           68 |    18 |            47
           68 |    19 |             0
           68 |    20 |             0
----------------------------------
           69 |     0 |           215
           69 |     1 |           156
           69 |     2 |            98
           69 |     3 |           100
           69 |     4 |            84
           69 |     5 |            76
           69 |     6 |            62
           69 |     7 |            75
           69 |     8 |            60
           69 |     9 |            63
           69 |    10 |            52
           69 |    11 |            46
           69 |    12 |            56
           69 |    13 |            51
           69 |    14 |            64
           69 |    15 |            56
           69 |    16 |            56
           69 |    17 |            49
           69 |    18 |            30
           69 |    19 |             0
           69 |    20 |             0
----------------------------------
           70 |     0 |           382
           70 |     1 |           283
           70 |     2 |           213
           70 |     3 |           158
           70 |     4 |           138
           70 |     5 |           126
           70 |     6 |           115
           70 |     7 |           105
           70 |     8 |            91
           70 |     9 |            93
           70 |    10 |           104
           70 |    11 |            90
           70 |    12 |            80
           70 |    13 |            92
           70 |    14 |           105
           70 |    15 |           108
           70 |    16 |            97
           70 |    17 |            81
           70 |    18 |            59
           70 |    19 |             0
           70 |    20 |             0
----------------------------------
           71 |     0 |           366
           71 |     1 |           262
           71 |     2 |           204
           71 |     3 |           150
           71 |     4 |           137
           71 |     5 |           148
           71 |     6 |           160
           71 |     7 |           132
           71 |     8 |           121
           71 |     9 |           123
           71 |    10 |           114
           71 |    11 |            98
           71 |    12 |           100
           71 |    13 |           111
           71 |    14 |           107
           71 |    15 |           115
           71 |    16 |            91
           71 |    17 |            92
           71 |    18 |            67
           71 |    19 |             0
           71 |    20 |             0
----------------------------------
           72 |     0 |           262
           72 |     1 |           176
           72 |     2 |           137
           72 |     3 |           137
           72 |     4 |           118
           72 |     5 |            87
           72 |     6 |            87
           72 |     7 |           100
           72 |     8 |           106
           72 |     9 |            99
           72 |    10 |            85
           72 |    11 |            73
           72 |    12 |            68
           72 |    13 |            52
           72 |    14 |            78
           72 |    15 |            63
           72 |    16 |            64
           72 |    17 |            46
           72 |    18 |            34
           72 |    19 |             0
           72 |    20 |             0
----------------------------------
           73 |     0 |           222
           73 |     1 |           152
           73 |     2 |           118
           73 |     3 |           114
           73 |     4 |           105
           73 |     5 |            80
           73 |     6 |            71
           73 |     7 |            61
           73 |     8 |            71
           73 |     9 |            75
           73 |    10 |            69
           73 |    11 |            80
           73 |    12 |            66
           73 |    13 |            87
           73 |    14 |            83
           73 |    15 |            76
           73 |    16 |            61
           73 |    17 |            49
           73 |    18 |            39
           73 |    19 |             0
           73 |    20 |             0
----------------------------------
           74 |     0 |           261
           74 |     1 |           203
           74 |     2 |           151
           74 |     3 |           152
           74 |     4 |           142
           74 |     5 |           114
           74 |     6 |            94
           74 |     7 |            79
           74 |     8 |            95
           74 |     9 |            84
           74 |    10 |            89
           74 |    11 |            89
           74 |    12 |            76
           74 |    13 |            82
           74 |    14 |            81
           74 |    15 |            91
           74 |    16 |            85
           74 |    17 |            62
           74 |    18 |            42
           74 |    19 |             0
           74 |    20 |             0
----------------------------------
           75 |     0 |           252
           75 |     1 |           202
           75 |     2 |           157
           75 |     3 |           128
           75 |     4 |           117
           75 |     5 |           100
           75 |     6 |           111
           75 |     7 |            83
           75 |     8 |            78
           75 |     9 |            75
           75 |    10 |            75
           75 |    11 |            94
           75 |    12 |            99
           75 |    13 |            94
           75 |    14 |            92
           75 |    15 |            83
           75 |    16 |            68
           75 |    17 |            68
           75 |    18 |            49
           75 |    19 |             0
           75 |    20 |             0
----------------------------------
           76 |     0 |           264
           76 |     1 |           177
           76 |     2 |           145
           76 |     3 |           130
           76 |     4 |           107
           76 |     5 |           107
           76 |     6 |           107
           76 |     7 |           100
           76 |     8 |            92
           76 |     9 |            86
           76 |    10 |           111
           76 |    11 |           109
           76 |    12 |           111
           76 |    13 |           108
           76 |    14 |            96
           76 |    15 |            89
           76 |    16 |            80
           76 |    17 |            68
           76 |    18 |            41
           76 |    19 |             0
           76 |    20 |             0
----------------------------------
           77 |     0 |           291
           77 |     1 |           207
           77 |     2 |           154
           77 |     3 |           145
           77 |     4 |           122
           77 |     5 |           109
           77 |     6 |           126
           77 |     7 |           131
           77 |     8 |           118
           77 |     9 |           127
           77 |    10 |           119
           77 |    11 |           103
           77 |    12 |           113
           77 |    13 |           100
           77 |    14 |           109
           77 |    15 |           102
           77 |    16 |           101
           77 |    17 |            71
           77 |    18 |            39
           77 |    19 |             0
           77 |    20 |             0
----------------------------------
           78 |     0 |           229
           78 |     1 |           190
           78 |     2 |           148
           78 |     3 |           137
           78 |     4 |           139
           78 |     5 |           143
           78 |     6 |           123
           78 |     7 |           104
           78 |     8 |            85
           78 |     9 |            91
           78 |    10 |            94
           78 |    11 |            94
           78 |    12 |            90
           78 |    13 |            95
           78 |    14 |            88
           78 |    15 |            86
           78 |    16 |            66
           78 |    17 |            56
           78 |    18 |            48
           78 |    19 |             0
           78 |    20 |             0
----------------------------------
           79 |     0 |           223
           79 |     1 |           206
           79 |     2 |           142
           79 |     3 |           122
           79 |     4 |           127
           79 |     5 |           128
           79 |     6 |           102
           79 |     7 |           102
           79 |     8 |           124
           79 |     9 |           103
           79 |    10 |           114
           79 |    11 |           120
           79 |    12 |           117
           79 |    13 |           105
           79 |    14 |            72
           79 |    15 |            63
           79 |    16 |            67
           79 |    17 |            57
           79 |    18 |            39
           79 |    19 |             0
           79 |    20 |             0
----------------------------------
           80 |     0 |           179
           80 |     1 |           135
           80 |     2 |           118
           80 |     3 |            99
           80 |     4 |            92
           80 |     5 |            93
           80 |     6 |            88
           80 |     7 |            85
           80 |     8 |            86
           80 |     9 |            68
           80 |    10 |            67
           80 |    11 |            73
           80 |    12 |            69
           80 |    13 |            76
           80 |    14 |            65
           80 |    15 |            68
           80 |    16 |            61
           80 |    17 |            48
           80 |    18 |            30
           80 |    19 |             0
           80 |    20 |             0
----------------------------------
           81 |     0 |           239
           81 |     1 |           166
           81 |     2 |           153
           81 |     3 |           135
           81 |     4 |           118
           81 |     5 |           115
           81 |     6 |           109
           81 |     7 |           129
           81 |     8 |           130
           81 |     9 |            96
           81 |    10 |            99
           81 |    11 |           120
           81 |    12 |           104
           81 |    13 |            97
           81 |    14 |            91
           81 |    15 |            89
           81 |    16 |            82
           81 |    17 |            68
           81 |    18 |            47
           81 |    19 |             0
           81 |    20 |             0
----------------------------------
           82 |     0 |           157
           82 |     1 |           113
           82 |     2 |            90
           82 |     3 |            92
           82 |     4 |            92
           82 |     5 |            86
           82 |     6 |            82
           82 |     7 |            79
           82 |     8 |            83
           82 |     9 |            60
           82 |    10 |            72
           82 |    11 |            66
           82 |    12 |            68
           82 |    13 |            76
           82 |    14 |            69
           82 |    15 |            61
           82 |    16 |            55
           82 |    17 |            46
           82 |    18 |            29
           82 |    19 |             0
           82 |    20 |             0
----------------------------------
           83 |     0 |           152
           83 |     1 |           128
           83 |     2 |           113
           83 |     3 |           104
           83 |     4 |           113
           83 |     5 |           103
           83 |     6 |            93
           83 |     7 |            91
           83 |     8 |            92
           83 |     9 |            69
           83 |    10 |            74
           83 |    11 |            71
           83 |    12 |            59
           83 |    13 |            64
           83 |    14 |            63
           83 |    15 |            51
           83 |    16 |            57
           83 |    17 |            50
           83 |    18 |            30
           83 |    19 |             0
           83 |    20 |             0
----------------------------------
           84 |     0 |           157
           84 |     1 |           130
           84 |     2 |           106
           84 |     3 |           104
           84 |     4 |            97
           84 |     5 |            76
           84 |     6 |            82
           84 |     7 |            81
           84 |     8 |            85
           84 |     9 |            80
           84 |    10 |            83
           84 |    11 |            94
           84 |    12 |            77
           84 |    13 |            80
           84 |    14 |            72
           84 |    15 |            73
           84 |    16 |            58
           84 |    17 |            39
           84 |    18 |            22
           84 |    19 |             0
           84 |    20 |             0
----------------------------------
           85 |     0 |           201
           85 |     1 |           164
           85 |     2 |           133
           85 |     3 |           139
           85 |     4 |           116
           85 |     5 |           107
           85 |     6 |           103
           85 |     7 |           111
           85 |     8 |            99
           85 |     9 |            98
           85 |    10 |           104
           85 |    11 |           101
           85 |    12 |           103
           85 |    13 |            87
           85 |    14 |           101
           85 |    15 |            97
           85 |    16 |            79
           85 |    17 |            58
           85 |    18 |            39
           85 |    19 |             0
           85 |    20 |             0
----------------------------------
           86 |     0 |           138
           86 |     1 |           112
           86 |     2 |            98
           86 |     3 |            84
           86 |     4 |            77
           86 |     5 |            72
           86 |     6 |            68
           86 |     7 |            80
           86 |     8 |            66
           86 |     9 |            85
           86 |    10 |            67
           86 |    11 |            61
           86 |    12 |            57
           86 |    13 |            58
           86 |    14 |            56
           86 |    15 |            63
           86 |    16 |            57
           86 |    17 |            46
           86 |    18 |            31
           86 |    19 |             0
           86 |    20 |             0
----------------------------------
           87 |     0 |            68
           87 |     1 |            47
           87 |     2 |            46
           87 |     3 |            39
           87 |     4 |            39
           87 |     5 |            38
           87 |     6 |            29
           87 |     7 |            31
           87 |     8 |            29
           87 |     9 |            32
           87 |    10 |            33
           87 |    11 |            42
           87 |    12 |            40
           87 |    13 |            42
           87 |    14 |            37
           87 |    15 |            43
           87 |    16 |            28
           87 |    17 |            19
           87 |    18 |            14
           87 |    19 |             0
           87 |    20 |             0
----------------------------------
           88 |     0 |            70
           88 |     1 |            66
           88 |     2 |            60
           88 |     3 |            45
           88 |     4 |            48
           88 |     5 |            47
           88 |     6 |            35
           88 |     7 |            37
           88 |     8 |            41
           88 |     9 |            39
           88 |    10 |            47
           88 |    11 |            38
           88 |    12 |            41
           88 |    13 |            51
           88 |    14 |            62
           88 |    15 |            54
           88 |    16 |            42
           88 |    17 |            33
           88 |    18 |            24
           88 |    19 |             0
           88 |    20 |             0
----------------------------------
           89 |     0 |            66
           89 |     1 |            56
           89 |     2 |            34
           89 |     3 |            47
           89 |     4 |            48
           89 |     5 |            44
           89 |     6 |            39
           89 |     7 |            43
           89 |     8 |            43
           89 |     9 |            34
           89 |    10 |            37
           89 |    11 |            41
           89 |    12 |            33
           89 |    13 |            35
           89 |    14 |            34
           89 |    15 |            27
           89 |    16 |            24
           89 |    17 |            20
           89 |    18 |             7
           89 |    19 |             0
           89 |    20 |             0
----------------------------------
           90 |     0 |            88
           90 |     1 |            76
           90 |     2 |            66
           90 |     3 |            58
           90 |     4 |            52
           90 |     5 |            49
           90 |     6 |            50
           90 |     7 |            48
           90 |     8 |            57
           90 |     9 |            57
           90 |    10 |            65
           90 |    11 |            71
           90 |    12 |            59
           90 |    13 |            62
           90 |    14 |            48
           90 |    15 |            50
           90 |    16 |            56
           90 |    17 |            42
           90 |    18 |            26
           90 |    19 |             0
           90 |    20 |             0
----------------------------------
           91 |     0 |            86
           91 |     1 |            69
           91 |     2 |            74
           91 |     3 |            55
           91 |     4 |            66
           91 |     5 |            59
           91 |     6 |            72
           91 |     7 |            68
           91 |     8 |            61
           91 |     9 |            67
           91 |    10 |            60
           91 |    11 |            58
           91 |    12 |            56
           91 |    13 |            59
           91 |    14 |            52
           91 |    15 |            45
           91 |    16 |            35
           91 |    17 |            32
           91 |    18 |            18
           91 |    19 |             0
           91 |    20 |             0
----------------------------------
           92 |     0 |            75
           92 |     1 |            71
           92 |     2 |            51
           92 |     3 |            51
           92 |     4 |            39
           92 |     5 |            38
           92 |     6 |            44
           92 |     7 |            42
           92 |     8 |            48
           92 |     9 |            45
           92 |    10 |            40
           92 |    11 |            43
           92 |    12 |            42
           92 |    13 |            46
           92 |    14 |            43
           92 |    15 |            38
           92 |    16 |            31
           92 |    17 |            24
           92 |    18 |            17
           92 |    19 |             0
           92 |    20 |             0
----------------------------------
           93 |     0 |            88
           93 |     1 |            63
           93 |     2 |            48
           93 |     3 |            56
           93 |     4 |            59
           93 |     5 |            59
           93 |     6 |            54
           93 |     7 |            49
           93 |     8 |            41
           93 |     9 |            53
           93 |    10 |            49
           93 |    11 |            45
           93 |    12 |            50
           93 |    13 |            53
           93 |    14 |            38
           93 |    15 |            44
           93 |    16 |            37
           93 |    17 |            28
           93 |    18 |            16
           93 |    19 |             0
           93 |    20 |             0
----------------------------------
           94 |     0 |            37
           94 |     1 |            35
           94 |     2 |            33
           94 |     3 |            25
           94 |     4 |            25
           94 |     5 |            22
           94 |     6 |            22
           94 |     7 |            26
           94 |     8 |            15
           94 |     9 |            22
           94 |    10 |            32
           94 |    11 |            26
           94 |    12 |            29
           94 |    13 |            29
           94 |    14 |            30
           94 |    15 |            20
           94 |    16 |            21
           94 |    17 |            14
           94 |    18 |             7
           94 |    19 |             0
           94 |    20 |             0
----------------------------------
           95 |     0 |            56
           95 |     1 |            52
           95 |     2 |            47
           95 |     3 |            42
           95 |     4 |            30
           95 |     5 |            36
           95 |     6 |            33
           95 |     7 |            31
           95 |     8 |            51
           95 |     9 |            52
           95 |    10 |            47
           95 |    11 |            43
           95 |    12 |            48
           95 |    13 |            40
           95 |    14 |            47
           95 |    15 |            41
           95 |    16 |            32
           95 |    17 |            22
           95 |    18 |            10
           95 |    19 |             0
           95 |    20 |             0
----------------------------------
           96 |     0 |            39
           96 |     1 |            26
           96 |     2 |            20
           96 |     3 |            28
           96 |     4 |            20
           96 |     5 |            14
           96 |     6 |            18
           96 |     7 |            18
           96 |     8 |            19
           96 |     9 |            15
           96 |    10 |            13
           96 |    11 |            17
           96 |    12 |            20
           96 |    13 |            24
           96 |    14 |            21
           96 |    15 |            25
           96 |    16 |            12
           96 |    17 |            18
           96 |    18 |            17
           96 |    19 |             0
           96 |    20 |             0
----------------------------------
           97 |     0 |            44
           97 |     1 |            26
           97 |     2 |            28
           97 |     3 |            38
           97 |     4 |            37
           97 |     5 |            33
           97 |     6 |            33
           97 |     7 |            28
           97 |     8 |            25
           97 |     9 |            27
           97 |    10 |            24
           97 |    11 |            32
           97 |    12 |            37
           97 |    13 |            33
           97 |    14 |            40
           97 |    15 |            31
           97 |    16 |            28
           97 |    17 |            25
           97 |    18 |            13
           97 |    19 |             0
           97 |    20 |             0
----------------------------------
           98 |     0 |            40
           98 |     1 |            33
           98 |     2 |            28
           98 |     3 |            28
           98 |     4 |            20
           98 |     5 |            21
           98 |     6 |            29
           98 |     7 |            26
           98 |     8 |            32
           98 |     9 |            27
           98 |    10 |            32
           98 |    11 |            29
           98 |    12 |            25
           98 |    13 |            25
           98 |    14 |            21
           98 |    15 |            24
           98 |    16 |            20
           98 |    17 |            17
           98 |    18 |            13
           98 |    19 |             0
           98 |    20 |             0
----------------------------------
           99 |     0 |            66
           99 |     1 |            44
           99 |     2 |            33
           99 |     3 |            38
           99 |     4 |            37
           99 |     5 |            32
           99 |     6 |            32
           99 |     7 |            38
           99 |     8 |            48
           99 |     9 |            52
           99 |    10 |            52
           99 |    11 |            56
           99 |    12 |            45
           99 |    13 |            48
           99 |    14 |            37
           99 |    15 |            46
           99 |    16 |            43
           99 |    17 |            29
           99 |    18 |            16
           99 |    19 |             0
           99 |    20 |             0
----------------------------------
          100 |     0 |            39
          100 |     1 |            32
          100 |     2 |            28
          100 |     3 |            27
          100 |     4 |            23
          100 |     5 |            22
          100 |     6 |            20
          100 |     7 |            23
          100 |     8 |            16
          100 |     9 |            24
          100 |    10 |            28
          100 |    11 |            34
          100 |    12 |            32
          100 |    13 |            32
          100 |    14 |            31
          100 |    15 |            35
          100 |    16 |            27
          100 |    17 |            17
          100 |    18 |            10
          100 |    19 |             0
          100 |    20 |             0
----------------------------------
          101 |     0 |            28
          101 |     1 |            33
          101 |     2 |            37
          101 |     3 |            35
          101 |     4 |            35
          101 |     5 |            34
          101 |     6 |            30
          101 |     7 |            32
          101 |     8 |            29
          101 |     9 |            24
          101 |    10 |            25
          101 |    11 |            22
          101 |    12 |            28
          101 |    13 |            23
          101 |    14 |            25
          101 |    15 |            22
          101 |    16 |            18
          101 |    17 |            14
          101 |    18 |            11
          101 |    19 |             0
          101 |    20 |             0
----------------------------------
          102 |     0 |             7
          102 |     1 |            16
          102 |     2 |            14
          102 |     3 |            14
          102 |     4 |            10
          102 |     5 |             9
          102 |     6 |            12
          102 |     7 |            12
          102 |     8 |             9
          102 |     9 |            10
          102 |    10 |            12
          102 |    11 |            14
          102 |    12 |            14
          102 |    13 |            16
          102 |    14 |             9
          102 |    15 |            10
          102 |    16 |            10
          102 |    17 |             3
          102 |    18 |             3
          102 |    19 |             0
          102 |    20 |             0
----------------------------------
----------------------------------
          104 |     0 |            22
          104 |     1 |            16
          104 |     2 |             9
          104 |     3 |            10
          104 |     4 |            16
          104 |     5 |            17
          104 |     6 |            16
          104 |     7 |            14
          104 |     8 |            14
          104 |     9 |            22
          104 |    10 |            18
          104 |    11 |            18
          104 |    12 |            25
          104 |    13 |            29
          104 |    14 |            19
          104 |    15 |            17
          104 |    16 |            12
          104 |    17 |            10
          104 |    18 |             8
          104 |    19 |             0
          104 |    20 |             0
----------------------------------
----------------------------------
          106 |     0 |             4
          106 |     1 |             5
          106 |     2 |             5
          106 |     3 |             3
          106 |     4 |            11
          106 |     5 |             8
          106 |     6 |             9
          106 |     7 |             8
          106 |     8 |             9
          106 |     9 |             9
          106 |    10 |             6
          106 |    11 |             4
          106 |    12 |             4
          106 |    13 |             6
          106 |    14 |             5
          106 |    15 |             3
          106 |    16 |             2
          106 |    17 |             3
          106 |    18 |             2
          106 |    19 |             0
          106 |    20 |             0
----------------------------------
----------------------------------
          108 |     0 |            29
          108 |     1 |            21
          108 |     2 |            12
          108 |     3 |            19
          108 |     4 |            17
          108 |     5 |            15
          108 |     6 |            22
          108 |     7 |            19
          108 |     8 |            25
          108 |     9 |            23
          108 |    10 |            20
          108 |    11 |            18
          108 |    12 |            15
          108 |    13 |            17
          108 |    14 |            15
          108 |    15 |            14
          108 |    16 |            10
          108 |    17 |             9
          108 |    18 |             4
          108 |    19 |             0
          108 |    20 |             0
----------------------------------
          109 |     0 |            11
          109 |     1 |             7
          109 |     2 |             5
          109 |     3 |             7
          109 |     4 |            10
          109 |     5 |             7
          109 |     6 |             6
          109 |     7 |             8
          109 |     8 |             5
          109 |     9 |             3
          109 |    10 |             6
          109 |    11 |             5
          109 |    12 |             4
          109 |    13 |             7
          109 |    14 |             5
          109 |    15 |             5
          109 |    16 |             3
          109 |    17 |             2
          109 |    18 |             3
          109 |    19 |             0
          109 |    20 |             0
----------------------------------
----------------------------------
          111 |     0 |             4
          111 |     1 |             6
          111 |     2 |             4
          111 |     3 |             3
          111 |     4 |             4
          111 |     5 |             2
          111 |     6 |             5
          111 |     7 |             2
          111 |     8 |             5
          111 |     9 |             8
          111 |    10 |             6
          111 |    11 |             9
          111 |    12 |            12
          111 |    13 |            12
          111 |    14 |            11
          111 |    15 |             8
          111 |    16 |             4
          111 |    17 |             4
          111 |    18 |             2
          111 |    19 |             0
          111 |    20 |             0
----------------------------------
----------------------------------
----------------------------------
----------------------------------
----------------------------------
----------------------------------
----------------------------------
----------------------------------
----------------------------------
----------------------------------
----------------------------------
----------------------------------
----------------------------------
----------------------------------
----------------------------------
----------------------------------
----------------------------------
----------------------------------
----------------------------------
----------------------------------
----------------------------------
----------------------------------
----------------------------------
----------------------------------
----------------------------------
----------------------------------
----------------------------------
----------------------------------
----------------------------------
----------------------------------
----------------------------------
----------------------------------
----------------------------------
----------------------------------
----------------------------------
----------------------------------
----------------------------------
----------------------------------
----------------------------------
----------------------------------
----------------------------------
----------------------------------
----------------------------------
----------------------------------
----------------------------------
----------------------------------
----------------------------------
----------------------------------
----------------------------------
----------------------------------
----------------------------------
----------------------------------
----------------------------------
----------------------------------
----------------------------------
----------------------------------
----------------------------------
----------------------------------
----------------------------------
----------------------------------
----------------------------------
----------------------------------
----------------------------------
----------------------------------
----------------------------------
----------------------------------
----------------------------------
----------------------------------
----------------------------------
----------------------------------
----------------------------------
----------------------------------
----------------------------------
----------------------------------
----------------------------------
----------------------------------
----------------------------------
----------------------------------
----------------------------------
----------------------------------
