MinCut number | Number of graphs
            8 |               0
            9 |               0
           10 |               0
           11 |               1
           12 |              32
           13 |             132
           14 |             172
           15 |             674
           16 |            2860
           17 |            3887
           18 |            3490
           19 |            2783
           20 |            2097
           21 |            1572
           22 |            1027
           23 |             631
           24 |             332
           25 |             182
           26 |              82
           27 |              25
           28 |              13
           29 |               3
           30 |               4
           31 |               1
           32 |               0
           33 |               0
           34 |               0
           35 |               0
           36 |               0
           37 |               0
           38 |               0
           39 |               0
           40 |               0
           41 |               0
           42 |               0
           43 |               0
           44 |               0
           45 |               0
           46 |               0
           47 |               0
           48 |               0
           49 |               0
           50 |               0
           51 |               0
           52 |               0
           53 |               0
           54 |               0
           55 |               0
           56 |               0
           57 |               0
           58 |               0
           59 |               0
           60 |               0
           61 |               0
           62 |               0
           63 |               0
           64 |               0
           65 |               0
           66 |               0
           67 |               0
           68 |               0
           69 |               0
           70 |               0
           71 |               0
           72 |               0
