MinCut number | Number of graphs
            8 |               0
            9 |               0
           10 |               0
           11 |               3
           12 |              18
           13 |              47
           14 |             364
           15 |            2015
           16 |            5505
           17 |            6276
           18 |            2726
           19 |            1360
           20 |             738
           21 |             417
           22 |             279
           23 |             139
           24 |              55
           25 |              30
           26 |              12
           27 |               7
           28 |               4
           29 |               3
           30 |               2
           31 |               0
           32 |               0
           33 |               0
           34 |               0
           35 |               0
           36 |               0
           37 |               0
           38 |               0
           39 |               0
           40 |               0
           41 |               0
           42 |               0
           43 |               0
           44 |               0
           45 |               0
           46 |               0
           47 |               0
           48 |               0
           49 |               0
           50 |               0
           51 |               0
           52 |               0
           53 |               0
           54 |               0
           55 |               0
           56 |               0
           57 |               0
           58 |               0
           59 |               0
           60 |               0
           61 |               0
           62 |               0
           63 |               0
           64 |               0
           65 |               0
           66 |               0
           67 |               0
           68 |               0
           69 |               0
           70 |               0
           71 |               0
           72 |               0
