MinCut number | Number of graphs
            8 |               0
            9 |               0
           10 |               0
           11 |               2
           12 |              59
           13 |             245
           14 |             593
           15 |            2494
           16 |            7633
           17 |            7147
           18 |            1083
           19 |             430
           20 |             146
           21 |              73
           22 |              48
           23 |              28
           24 |              12
           25 |               3
           26 |               2
           27 |               2
           28 |               0
           29 |               0
           30 |               0
           31 |               0
           32 |               0
           33 |               0
           34 |               0
           35 |               0
           36 |               0
           37 |               0
           38 |               0
           39 |               0
           40 |               0
           41 |               0
           42 |               0
           43 |               0
           44 |               0
           45 |               0
           46 |               0
           47 |               0
           48 |               0
           49 |               0
           50 |               0
           51 |               0
           52 |               0
           53 |               0
           54 |               0
           55 |               0
           56 |               0
           57 |               0
           58 |               0
           59 |               0
           60 |               0
           61 |               0
           62 |               0
           63 |               0
           64 |               0
           65 |               0
           66 |               0
           67 |               0
           68 |               0
           69 |               0
           70 |               0
           71 |               0
           72 |               0
