MinCut number | Number of graphs
            4 |               0
            5 |               0
            6 |               0
            7 |              14
            8 |             341
            9 |             388
           10 |             158
           11 |              74
           12 |              18
           13 |               7
           14 |               0
           15 |               0
           16 |               0
           17 |               0
           18 |               0
           19 |               0
           20 |               0
