MinCut number | Number of graphs
            4 |               0
            5 |               0
            6 |               0
            7 |               1
            8 |             128
            9 |             204
           10 |             261
           11 |             221
           12 |             123
           13 |              45
           14 |              17
           15 |               0
           16 |               0
           17 |               0
           18 |               0
           19 |               0
           20 |               0
