MinCut number | Number of graphs
            4 |               0
            5 |               0
            6 |               0
            7 |               0
            8 |              98
            9 |             195
           10 |             272
           11 |             216
           12 |             141
           13 |              63
           14 |              15
           15 |               0
           16 |               0
           17 |               0
           18 |               0
           19 |               0
           20 |               0
