MinCut number | Number of graphs
            4 |               0
            5 |               0
            6 |               0
            7 |               0
            8 |              97
            9 |             225
           10 |             274
           11 |             239
           12 |             104
           13 |              46
           14 |              15
           15 |               0
           16 |               0
           17 |               0
           18 |               0
           19 |               0
           20 |               0
