MinCut number | Number of graphs
            4 |               0
            5 |               0
            6 |               0
            7 |               5
            8 |             266
            9 |             304
           10 |             223
           11 |             132
           12 |              50
           13 |              13
           14 |               7
           15 |               0
           16 |               0
           17 |               0
           18 |               0
           19 |               0
           20 |               0
