MinCut number | Number of graphs
            4 |               0
            5 |               0
            6 |               0
            7 |               3
            8 |             180
            9 |             273
           10 |             253
           11 |             188
           12 |              75
           13 |              22
           14 |               6
           15 |               0
           16 |               0
           17 |               0
           18 |               0
           19 |               0
           20 |               0
