MinCut number | Number of graphs
            4 |               0
            5 |               0
            6 |               0
            7 |               0
            8 |             116
            9 |             237
           10 |             245
           11 |             212
           12 |             137
           13 |              43
           14 |              10
           15 |               0
           16 |               0
           17 |               0
           18 |               0
           19 |               0
           20 |               0
