MinCut number | Number of graphs
            4 |               0
            5 |               0
            6 |               0
            7 |               0
            8 |              49
            9 |             267
           10 |             302
           11 |             221
           12 |              86
           13 |              36
           14 |              39
           15 |               0
           16 |               0
           17 |               0
           18 |               0
           19 |               0
           20 |               0
