MinCut number | Number of graphs
            6 |               0
            7 |               0
            8 |               0
            9 |             106
           10 |             455
           11 |             773
           12 |            3234
           13 |            3212
           14 |            1262
           15 |             544
           16 |             245
           17 |             111
           18 |              42
           19 |              13
           20 |               2
           21 |               0
           22 |               1
           23 |               0
           24 |               0
           25 |               0
           26 |               0
           27 |               0
           28 |               0
           29 |               0
           30 |               0
           31 |               0
           32 |               0
           33 |               0
           34 |               0
           35 |               0
           36 |               0
           37 |               0
           38 |               0
           39 |               0
           40 |               0
           41 |               0
           42 |               0
