MinCut number | Number of graphs
            6 |               0
            7 |               0
            8 |               1
            9 |              88
           10 |             228
           11 |             446
           12 |            2226
           13 |            2483
           14 |            1825
           15 |            1253
           16 |             764
           17 |             406
           18 |             184
           19 |              62
           20 |              19
           21 |              12
           22 |               2
           23 |               1
           24 |               0
           25 |               0
           26 |               0
           27 |               0
           28 |               0
           29 |               0
           30 |               0
           31 |               0
           32 |               0
           33 |               0
           34 |               0
           35 |               0
           36 |               0
           37 |               0
           38 |               0
           39 |               0
           40 |               0
           41 |               0
           42 |               0
