MinCut number | Number of graphs
            6 |               0
            7 |               0
            8 |               4
            9 |              11
           10 |              52
           11 |             742
           12 |            2624
           13 |            2678
           14 |            1732
           15 |            1074
           16 |             567
           17 |             301
           18 |             143
           19 |              52
           20 |              14
           21 |               4
           22 |               1
           23 |               1
           24 |               0
           25 |               0
           26 |               0
           27 |               0
           28 |               0
           29 |               0
           30 |               0
           31 |               0
           32 |               0
           33 |               0
           34 |               0
           35 |               0
           36 |               0
           37 |               0
           38 |               0
           39 |               0
           40 |               0
           41 |               0
           42 |               0
