MinCut number | Number of graphs
            6 |               0
            7 |               0
            8 |               0
            9 |               1
           10 |             122
           11 |             975
           12 |            2734
           13 |            2702
           14 |            1646
           15 |             940
           16 |             451
           17 |             264
           18 |             100
           19 |              44
           20 |              10
           21 |              10
           22 |               1
           23 |               0
           24 |               0
           25 |               0
           26 |               0
           27 |               0
           28 |               0
           29 |               0
           30 |               0
           31 |               0
           32 |               0
           33 |               0
           34 |               0
           35 |               0
           36 |               0
           37 |               0
           38 |               0
           39 |               0
           40 |               0
           41 |               0
           42 |               0
