MinCut number | SSize | Number of cuts
----------------------------------
----------------------------------
----------------------------------
----------------------------------
----------------------------------
----------------------------------
----------------------------------
----------------------------------
----------------------------------
----------------------------------
----------------------------------
----------------------------------
----------------------------------
----------------------------------
----------------------------------
----------------------------------
----------------------------------
----------------------------------
----------------------------------
----------------------------------
----------------------------------
----------------------------------
----------------------------------
----------------------------------
----------------------------------
----------------------------------
           45 |     1 |            18
           45 |     2 |             5
           45 |     3 |             2
           45 |     4 |             2
           45 |     5 |             1
           45 |     6 |             0
           45 |     7 |             1
           45 |     8 |             1
           45 |     9 |             1
           45 |    10 |             1
           45 |    11 |             1
           45 |    12 |             1
           45 |    13 |             2
           45 |    14 |             1
           45 |    15 |             2
           45 |    16 |             0
           45 |    17 |             1
           45 |    18 |             1
           45 |    19 |             4
----------------------------------
----------------------------------
           47 |     1 |            35
           47 |     2 |            12
           47 |     3 |             6
           47 |     4 |             3
           47 |     5 |             3
           47 |     6 |             4
           47 |     7 |             2
           47 |     8 |             2
           47 |     9 |             1
           47 |    10 |             1
           47 |    11 |             2
           47 |    12 |             1
           47 |    13 |             1
           47 |    14 |             5
           47 |    15 |             2
           47 |    16 |             2
           47 |    17 |             3
           47 |    18 |             3
           47 |    19 |             6
----------------------------------
           48 |     1 |           138
           48 |     2 |            52
           48 |     3 |            27
           48 |     4 |            15
           48 |     5 |             9
           48 |     6 |             8
           48 |     7 |             8
           48 |     8 |             6
           48 |     9 |            10
           48 |    10 |             6
           48 |    11 |             7
           48 |    12 |             6
           48 |    13 |             7
           48 |    14 |             8
           48 |    15 |             8
           48 |    16 |            11
           48 |    17 |            11
           48 |    18 |            16
           48 |    19 |            31
----------------------------------
           49 |     1 |           116
           49 |     2 |            39
           49 |     3 |            26
           49 |     4 |            15
           49 |     5 |            13
           49 |     6 |             8
           49 |     7 |             9
           49 |     8 |             5
           49 |     9 |             4
           49 |    10 |             8
           49 |    11 |             7
           49 |    12 |             5
           49 |    13 |             8
           49 |    14 |             7
           49 |    15 |             9
           49 |    16 |            12
           49 |    17 |            12
           49 |    18 |            12
           49 |    19 |            28
----------------------------------
           50 |     1 |           134
           50 |     2 |            56
           50 |     3 |            33
           50 |     4 |            19
           50 |     5 |            16
           50 |     6 |            12
           50 |     7 |             6
           50 |     8 |             6
           50 |     9 |             7
           50 |    10 |             5
           50 |    11 |             5
           50 |    12 |             5
           50 |    13 |             6
           50 |    14 |             9
           50 |    15 |            10
           50 |    16 |            12
           50 |    17 |            13
           50 |    18 |            17
           50 |    19 |            29
----------------------------------
           51 |     1 |           224
           51 |     2 |            95
           51 |     3 |            44
           51 |     4 |            25
           51 |     5 |            21
           51 |     6 |            18
           51 |     7 |            14
           51 |     8 |            14
           51 |     9 |            13
           51 |    10 |             9
           51 |    11 |             9
           51 |    12 |            12
           51 |    13 |            10
           51 |    14 |            11
           51 |    15 |            23
           51 |    16 |            18
           51 |    17 |            18
           51 |    18 |            23
           51 |    19 |            62
----------------------------------
           52 |     1 |           330
           52 |     2 |           133
           52 |     3 |            64
           52 |     4 |            46
           52 |     5 |            34
           52 |     6 |            31
           52 |     7 |            21
           52 |     8 |            21
           52 |     9 |            18
           52 |    10 |            18
           52 |    11 |            17
           52 |    12 |            15
           52 |    13 |            16
           52 |    14 |            16
           52 |    15 |            20
           52 |    16 |            26
           52 |    17 |            35
           52 |    18 |            41
           52 |    19 |            86
----------------------------------
           53 |     1 |           553
           53 |     2 |           221
           53 |     3 |           131
           53 |     4 |            89
           53 |     5 |            70
           53 |     6 |            56
           53 |     7 |            41
           53 |     8 |            36
           53 |     9 |            32
           53 |    10 |            27
           53 |    11 |            34
           53 |    12 |            28
           53 |    13 |            30
           53 |    14 |            37
           53 |    15 |            35
           53 |    16 |            32
           53 |    17 |            41
           53 |    18 |            67
           53 |    19 |           136
----------------------------------
           54 |     1 |           565
           54 |     2 |           235
           54 |     3 |           144
           54 |     4 |            93
           54 |     5 |            69
           54 |     6 |            50
           54 |     7 |            36
           54 |     8 |            31
           54 |     9 |            26
           54 |    10 |            28
           54 |    11 |            38
           54 |    12 |            38
           54 |    13 |            37
           54 |    14 |            36
           54 |    15 |            38
           54 |    16 |            49
           54 |    17 |            49
           54 |    18 |            74
           54 |    19 |           146
----------------------------------
           55 |     1 |           694
           55 |     2 |           297
           55 |     3 |           173
           55 |     4 |           120
           55 |     5 |            79
           55 |     6 |            67
           55 |     7 |            53
           55 |     8 |            49
           55 |     9 |            44
           55 |    10 |            43
           55 |    11 |            32
           55 |    12 |            36
           55 |    13 |            45
           55 |    14 |            43
           55 |    15 |            42
           55 |    16 |            56
           55 |    17 |            62
           55 |    18 |            94
           55 |    19 |           171
----------------------------------
           56 |     1 |           753
           56 |     2 |           325
           56 |     3 |           213
           56 |     4 |           137
           56 |     5 |            91
           56 |     6 |            70
           56 |     7 |            64
           56 |     8 |            53
           56 |     9 |            55
           56 |    10 |            41
           56 |    11 |            40
           56 |    12 |            46
           56 |    13 |            45
           56 |    14 |            49
           56 |    15 |            53
           56 |    16 |            68
           56 |    17 |            72
           56 |    18 |           111
           56 |    19 |           178
----------------------------------
           57 |     1 |           814
           57 |     2 |           361
           57 |     3 |           219
           57 |     4 |           151
           57 |     5 |           107
           57 |     6 |            88
           57 |     7 |            71
           57 |     8 |            66
           57 |     9 |            53
           57 |    10 |            47
           57 |    11 |            50
           57 |    12 |            46
           57 |    13 |            48
           57 |    14 |            47
           57 |    15 |            55
           57 |    16 |            61
           57 |    17 |            78
           57 |    18 |           108
           57 |    19 |           209
----------------------------------
           58 |     1 |           964
           58 |     2 |           435
           58 |     3 |           258
           58 |     4 |           183
           58 |     5 |           122
           58 |     6 |            96
           58 |     7 |            82
           58 |     8 |            83
           58 |     9 |            75
           58 |    10 |            67
           58 |    11 |            68
           58 |    12 |            69
           58 |    13 |            63
           58 |    14 |            63
           58 |    15 |            67
           58 |    16 |            71
           58 |    17 |            92
           58 |    18 |           140
           58 |    19 |           250
----------------------------------
           59 |     1 |           815
           59 |     2 |           357
           59 |     3 |           219
           59 |     4 |           156
           59 |     5 |           120
           59 |     6 |            98
           59 |     7 |            80
           59 |     8 |            74
           59 |     9 |            61
           59 |    10 |            53
           59 |    11 |            52
           59 |    12 |            54
           59 |    13 |            63
           59 |    14 |            62
           59 |    15 |            69
           59 |    16 |            58
           59 |    17 |            72
           59 |    18 |           103
           59 |    19 |           207
----------------------------------
           60 |     1 |           857
           60 |     2 |           379
           60 |     3 |           242
           60 |     4 |           179
           60 |     5 |           128
           60 |     6 |           104
           60 |     7 |            81
           60 |     8 |            70
           60 |     9 |            62
           60 |    10 |            66
           60 |    11 |            71
           60 |    12 |            55
           60 |    13 |            56
           60 |    14 |            62
           60 |    15 |            71
           60 |    16 |            79
           60 |    17 |            92
           60 |    18 |           122
           60 |    19 |           224
----------------------------------
           61 |     1 |           901
           61 |     2 |           418
           61 |     3 |           267
           61 |     4 |           185
           61 |     5 |           134
           61 |     6 |           122
           61 |     7 |            92
           61 |     8 |            87
           61 |     9 |            81
           61 |    10 |            77
           61 |    11 |            67
           61 |    12 |            61
           61 |    13 |            63
           61 |    14 |            59
           61 |    15 |            57
           61 |    16 |            76
           61 |    17 |            88
           61 |    18 |           106
           61 |    19 |           231
----------------------------------
           62 |     1 |           772
           62 |     2 |           355
           62 |     3 |           224
           62 |     4 |           164
           62 |     5 |           126
           62 |     6 |           101
           62 |     7 |            87
           62 |     8 |            67
           62 |     9 |            60
           62 |    10 |            60
           62 |    11 |            59
           62 |    12 |            53
           62 |    13 |            61
           62 |    14 |            58
           62 |    15 |            71
           62 |    16 |            76
           62 |    17 |            88
           62 |    18 |           109
           62 |    19 |           199
----------------------------------
           63 |     1 |           926
           63 |     2 |           432
           63 |     3 |           286
           63 |     4 |           205
           63 |     5 |           152
           63 |     6 |           119
           63 |     7 |            96
           63 |     8 |            78
           63 |     9 |            84
           63 |    10 |            77
           63 |    11 |            77
           63 |    12 |            54
           63 |    13 |            69
           63 |    14 |            70
           63 |    15 |            66
           63 |    16 |            78
           63 |    17 |           100
           63 |    18 |           130
           63 |    19 |           240
----------------------------------
           64 |     1 |           694
           64 |     2 |           336
           64 |     3 |           213
           64 |     4 |           150
           64 |     5 |           118
           64 |     6 |            81
           64 |     7 |            78
           64 |     8 |            72
           64 |     9 |            66
           64 |    10 |            58
           64 |    11 |            53
           64 |    12 |            52
           64 |    13 |            50
           64 |    14 |            52
           64 |    15 |            53
           64 |    16 |            61
           64 |    17 |            88
           64 |    18 |           103
           64 |    19 |           182
----------------------------------
           65 |     1 |           766
           65 |     2 |           360
           65 |     3 |           234
           65 |     4 |           177
           65 |     5 |           145
           65 |     6 |           110
           65 |     7 |            92
           65 |     8 |            78
           65 |     9 |            68
           65 |    10 |            73
           65 |    11 |            52
           65 |    12 |            59
           65 |    13 |            66
           65 |    14 |            63
           65 |    15 |            63
           65 |    16 |            75
           65 |    17 |            75
           65 |    18 |           103
           65 |    19 |           201
----------------------------------
           66 |     1 |           612
           66 |     2 |           298
           66 |     3 |           204
           66 |     4 |           149
           66 |     5 |           110
           66 |     6 |            87
           66 |     7 |            73
           66 |     8 |            60
           66 |     9 |            56
           66 |    10 |            52
           66 |    11 |            48
           66 |    12 |            51
           66 |    13 |            49
           66 |    14 |            56
           66 |    15 |            58
           66 |    16 |            68
           66 |    17 |            82
           66 |    18 |            98
           66 |    19 |           165
----------------------------------
           67 |     1 |           880
           67 |     2 |           435
           67 |     3 |           275
           67 |     4 |           217
           67 |     5 |           175
           67 |     6 |           129
           67 |     7 |           119
           67 |     8 |            97
           67 |     9 |            86
           67 |    10 |            66
           67 |    11 |            73
           67 |    12 |            80
           67 |    13 |            83
           67 |    14 |            86
           67 |    15 |            76
           67 |    16 |            81
           67 |    17 |            97
           67 |    18 |           136
           67 |    19 |           226
----------------------------------
           68 |     1 |           436
           68 |     2 |           216
           68 |     3 |           137
           68 |     4 |           107
           68 |     5 |            77
           68 |     6 |            70
           68 |     7 |            60
           68 |     8 |            44
           68 |     9 |            45
           68 |    10 |            42
           68 |    11 |            38
           68 |    12 |            36
           68 |    13 |            33
           68 |    14 |            32
           68 |    15 |            41
           68 |    16 |            53
           68 |    17 |            53
           68 |    18 |            65
           68 |    19 |           115
----------------------------------
           69 |     1 |           416
           69 |     2 |           210
           69 |     3 |           138
           69 |     4 |            97
           69 |     5 |            72
           69 |     6 |            61
           69 |     7 |            52
           69 |     8 |            47
           69 |     9 |            44
           69 |    10 |            44
           69 |    11 |            37
           69 |    12 |            42
           69 |    13 |            39
           69 |    14 |            41
           69 |    15 |            43
           69 |    16 |            49
           69 |    17 |            50
           69 |    18 |            66
           69 |    19 |           108
----------------------------------
           70 |     1 |           346
           70 |     2 |           176
           70 |     3 |           110
           70 |     4 |            90
           70 |     5 |            67
           70 |     6 |            53
           70 |     7 |            48
           70 |     8 |            46
           70 |     9 |            41
           70 |    10 |            38
           70 |    11 |            30
           70 |    12 |            29
           70 |    13 |            32
           70 |    14 |            31
           70 |    15 |            33
           70 |    16 |            42
           70 |    17 |            38
           70 |    18 |            57
           70 |    19 |            93
----------------------------------
           71 |     1 |           435
           71 |     2 |           211
           71 |     3 |           140
           71 |     4 |           115
           71 |     5 |            96
           71 |     6 |            83
           71 |     7 |            64
           71 |     8 |            52
           71 |     9 |            48
           71 |    10 |            41
           71 |    11 |            40
           71 |    12 |            36
           71 |    13 |            37
           71 |    14 |            44
           71 |    15 |            45
           71 |    16 |            50
           71 |    17 |            50
           71 |    18 |            71
           71 |    19 |           117
----------------------------------
           72 |     1 |           397
           72 |     2 |           206
           72 |     3 |           140
           72 |     4 |           104
           72 |     5 |            82
           72 |     6 |            72
           72 |     7 |            54
           72 |     8 |            49
           72 |     9 |            46
           72 |    10 |            39
           72 |    11 |            40
           72 |    12 |            33
           72 |    13 |            37
           72 |    14 |            38
           72 |    15 |            42
           72 |    16 |            46
           72 |    17 |            52
           72 |    18 |            74
           72 |    19 |           105
----------------------------------
           73 |     1 |           619
           73 |     2 |           314
           73 |     3 |           211
           73 |     4 |           155
           73 |     5 |           124
           73 |     6 |           112
           73 |     7 |            94
           73 |     8 |            77
           73 |     9 |            73
           73 |    10 |            65
           73 |    11 |            64
           73 |    12 |            59
           73 |    13 |            68
           73 |    14 |            61
           73 |    15 |            68
           73 |    16 |            61
           73 |    17 |            74
           73 |    18 |            97
           73 |    19 |           159
----------------------------------
           74 |     1 |           342
           74 |     2 |           178
           74 |     3 |           129
           74 |     4 |            95
           74 |     5 |            70
           74 |     6 |            66
           74 |     7 |            44
           74 |     8 |            45
           74 |     9 |            40
           74 |    10 |            44
           74 |    11 |            42
           74 |    12 |            39
           74 |    13 |            33
           74 |    14 |            32
           74 |    15 |            37
           74 |    16 |            48
           74 |    17 |            48
           74 |    18 |            59
           74 |    19 |            89
----------------------------------
           75 |     1 |           274
           75 |     2 |           147
           75 |     3 |           106
           75 |     4 |            74
           75 |     5 |            50
           75 |     6 |            56
           75 |     7 |            45
           75 |     8 |            36
           75 |     9 |            37
           75 |    10 |            32
           75 |    11 |            33
           75 |    12 |            32
           75 |    13 |            29
           75 |    14 |            29
           75 |    15 |            27
           75 |    16 |            37
           75 |    17 |            42
           75 |    18 |            46
           75 |    19 |            68
----------------------------------
           76 |     1 |           191
           76 |     2 |            99
           76 |     3 |            66
           76 |     4 |            49
           76 |     5 |            38
           76 |     6 |            38
           76 |     7 |            29
           76 |     8 |            22
           76 |     9 |            25
           76 |    10 |            26
           76 |    11 |            24
           76 |    12 |            23
           76 |    13 |            27
           76 |    14 |            24
           76 |    15 |            20
           76 |    16 |            23
           76 |    17 |            27
           76 |    18 |            34
           76 |    19 |            51
----------------------------------
           77 |     1 |           191
           77 |     2 |            96
           77 |     3 |            57
           77 |     4 |            53
           77 |     5 |            43
           77 |     6 |            41
           77 |     7 |            34
           77 |     8 |            29
           77 |     9 |            27
           77 |    10 |            25
           77 |    11 |            30
           77 |    12 |            22
           77 |    13 |            21
           77 |    14 |            27
           77 |    15 |            23
           77 |    16 |            20
           77 |    17 |            23
           77 |    18 |            36
           77 |    19 |            49
----------------------------------
           78 |     1 |           202
           78 |     2 |            97
           78 |     3 |            72
           78 |     4 |            64
           78 |     5 |            48
           78 |     6 |            43
           78 |     7 |            43
           78 |     8 |            34
           78 |     9 |            34
           78 |    10 |            32
           78 |    11 |            24
           78 |    12 |            25
           78 |    13 |            20
           78 |    14 |            22
           78 |    15 |            24
           78 |    16 |            27
           78 |    17 |            32
           78 |    18 |            39
           78 |    19 |            54
----------------------------------
           79 |     1 |           174
           79 |     2 |            91
           79 |     3 |            65
           79 |     4 |            54
           79 |     5 |            43
           79 |     6 |            36
           79 |     7 |            32
           79 |     8 |            29
           79 |     9 |            23
           79 |    10 |            25
           79 |    11 |            20
           79 |    12 |            19
           79 |    13 |            29
           79 |    14 |            26
           79 |    15 |            20
           79 |    16 |            13
           79 |    17 |            17
           79 |    18 |            29
           79 |    19 |            45
----------------------------------
           80 |     1 |            70
           80 |     2 |            34
           80 |     3 |            25
           80 |     4 |            20
           80 |     5 |            15
           80 |     6 |            16
           80 |     7 |            15
           80 |     8 |            14
           80 |     9 |            14
           80 |    10 |            11
           80 |    11 |            10
           80 |    12 |             7
           80 |    13 |             9
           80 |    14 |             8
           80 |    15 |             3
           80 |    16 |             6
           80 |    17 |            10
           80 |    18 |            12
           80 |    19 |            21
----------------------------------
           81 |     1 |            70
           81 |     2 |            32
           81 |     3 |            22
           81 |     4 |            15
           81 |     5 |            15
           81 |     6 |            15
           81 |     7 |            16
           81 |     8 |            15
           81 |     9 |            13
           81 |    10 |            11
           81 |    11 |            10
           81 |    12 |             9
           81 |    13 |             6
           81 |    14 |             9
           81 |    15 |            11
           81 |    16 |            12
           81 |    17 |            13
           81 |    18 |             8
           81 |    19 |            22
----------------------------------
           82 |     1 |           139
           82 |     2 |            77
           82 |     3 |            57
           82 |     4 |            45
           82 |     5 |            38
           82 |     6 |            31
           82 |     7 |            30
           82 |     8 |            28
           82 |     9 |            21
           82 |    10 |            21
           82 |    11 |            21
           82 |    12 |            19
           82 |    13 |            12
           82 |    14 |            14
           82 |    15 |            10
           82 |    16 |            14
           82 |    17 |            21
           82 |    18 |            18
           82 |    19 |            40
----------------------------------
           83 |     1 |            36
           83 |     2 |            20
           83 |     3 |            15
           83 |     4 |            12
           83 |     5 |             9
           83 |     6 |             7
           83 |     7 |             7
           83 |     8 |             5
           83 |     9 |             4
           83 |    10 |             3
           83 |    11 |             3
           83 |    12 |             3
           83 |    13 |             4
           83 |    14 |             4
           83 |    15 |             3
           83 |    16 |             5
           83 |    17 |             8
           83 |    18 |             6
           83 |    19 |            12
----------------------------------
           84 |     1 |            71
           84 |     2 |            38
           84 |     3 |            28
           84 |     4 |            21
           84 |     5 |            23
           84 |     6 |            16
           84 |     7 |            16
           84 |     8 |            12
           84 |     9 |             8
           84 |    10 |            10
           84 |    11 |            11
           84 |    12 |            10
           84 |    13 |             9
           84 |    14 |             6
           84 |    15 |            12
           84 |    16 |             6
           84 |    17 |             6
           84 |    18 |            12
           84 |    19 |            21
----------------------------------
           85 |     1 |            36
           85 |     2 |            16
           85 |     3 |            11
           85 |     4 |            10
           85 |     5 |             8
           85 |     6 |            10
           85 |     7 |             8
           85 |     8 |             4
           85 |     9 |             7
           85 |    10 |             5
           85 |    11 |             6
           85 |    12 |             5
           85 |    13 |             7
           85 |    14 |             5
           85 |    15 |             6
           85 |    16 |             4
           85 |    17 |             5
           85 |    18 |             6
           85 |    19 |            11
----------------------------------
           86 |     1 |            86
           86 |     2 |            48
           86 |     3 |            27
           86 |     4 |            25
           86 |     5 |            26
           86 |     6 |            22
           86 |     7 |            20
           86 |     8 |            21
           86 |     9 |            22
           86 |    10 |            18
           86 |    11 |            19
           86 |    12 |            13
           86 |    13 |            14
           86 |    14 |             9
           86 |    15 |            12
           86 |    16 |             9
           86 |    17 |            11
           86 |    18 |            11
           86 |    19 |            17
----------------------------------
           87 |     1 |            35
           87 |     2 |            17
           87 |     3 |            12
           87 |     4 |            12
           87 |     5 |            10
           87 |     6 |             9
           87 |     7 |             7
           87 |     8 |             9
           87 |     9 |            10
           87 |    10 |             7
           87 |    11 |             5
           87 |    12 |             5
           87 |    13 |             5
           87 |    14 |             4
           87 |    15 |             4
           87 |    16 |             6
           87 |    17 |             3
           87 |    18 |             4
           87 |    19 |            10
----------------------------------
           88 |     1 |            16
           88 |     2 |             8
           88 |     3 |             5
           88 |     4 |             5
           88 |     5 |             5
           88 |     6 |             5
           88 |     7 |             4
           88 |     8 |             4
           88 |     9 |             4
           88 |    10 |             3
           88 |    11 |             3
           88 |    12 |             2
           88 |    13 |             5
           88 |    14 |             1
           88 |    15 |             2
           88 |    16 |             3
           88 |    17 |             3
           88 |    18 |             5
           88 |    19 |             5
----------------------------------
           89 |     1 |            52
           89 |     2 |            31
           89 |     3 |            24
           89 |     4 |            20
           89 |     5 |            16
           89 |     6 |            12
           89 |     7 |            11
           89 |     8 |             8
           89 |     9 |             8
           89 |    10 |             6
           89 |    11 |             9
           89 |    12 |             6
           89 |    13 |             4
           89 |    14 |             4
           89 |    15 |             8
           89 |    16 |             9
           89 |    17 |            10
           89 |    18 |            12
           89 |    19 |            17
----------------------------------
----------------------------------
----------------------------------
----------------------------------
----------------------------------
----------------------------------
           95 |     1 |            19
           95 |     2 |             8
           95 |     3 |             6
           95 |     4 |             5
           95 |     5 |             5
           95 |     6 |             6
           95 |     7 |             5
           95 |     8 |             5
           95 |     9 |             4
           95 |    10 |             4
           95 |    11 |             3
           95 |    12 |             4
           95 |    13 |             4
           95 |    14 |             3
           95 |    15 |             2
           95 |    16 |             4
           95 |    17 |             2
           95 |    18 |             1
           95 |    19 |             5
----------------------------------
           96 |     1 |            17
           96 |     2 |             8
           96 |     3 |             5
           96 |     4 |             4
           96 |     5 |             5
           96 |     6 |             4
           96 |     7 |             4
           96 |     8 |             6
           96 |     9 |             5
           96 |    10 |             6
           96 |    11 |             4
           96 |    12 |             3
           96 |    13 |             4
           96 |    14 |             6
           96 |    15 |             2
           96 |    16 |             1
           96 |    17 |             2
           96 |    18 |             4
           96 |    19 |             6
----------------------------------
           97 |     1 |            16
           97 |     2 |             8
           97 |     3 |             6
           97 |     4 |             6
           97 |     5 |             5
           97 |     6 |             6
           97 |     7 |             5
           97 |     8 |             4
           97 |     9 |             3
           97 |    10 |             4
           97 |    11 |             5
           97 |    12 |             4
           97 |    13 |             3
           97 |    14 |             4
           97 |    15 |             4
           97 |    16 |             4
           97 |    17 |             3
           97 |    18 |             4
           97 |    19 |             3
----------------------------------
           98 |     1 |            17
           98 |     2 |             8
           98 |     3 |             4
           98 |     4 |             6
           98 |     5 |             3
           98 |     6 |             4
           98 |     7 |             4
           98 |     8 |             4
           98 |     9 |             4
           98 |    10 |             5
           98 |    11 |             3
           98 |    12 |             6
           98 |    13 |             4
           98 |    14 |             4
           98 |    15 |             4
           98 |    16 |             4
           98 |    17 |             4
           98 |    18 |             5
           98 |    19 |             5
----------------------------------
----------------------------------
----------------------------------
----------------------------------
----------------------------------
----------------------------------
----------------------------------
----------------------------------
----------------------------------
----------------------------------
----------------------------------
          109 |     1 |            18
          109 |     2 |             9
          109 |     3 |             8
          109 |     4 |             6
          109 |     5 |             6
          109 |     6 |             6
          109 |     7 |             7
          109 |     8 |             7
          109 |     9 |             5
          109 |    10 |             4
          109 |    11 |             6
          109 |    12 |             6
          109 |    13 |             2
          109 |    14 |             2
          109 |    15 |             5
          109 |    16 |             3
          109 |    17 |             1
          109 |    18 |             2
          109 |    19 |             6
----------------------------------
----------------------------------
----------------------------------
----------------------------------
----------------------------------
----------------------------------
----------------------------------
----------------------------------
----------------------------------
----------------------------------
----------------------------------
----------------------------------
----------------------------------
----------------------------------
----------------------------------
----------------------------------
----------------------------------
----------------------------------
----------------------------------
----------------------------------
----------------------------------
----------------------------------
----------------------------------
----------------------------------
----------------------------------
----------------------------------
----------------------------------
----------------------------------
----------------------------------
----------------------------------
----------------------------------
----------------------------------
----------------------------------
----------------------------------
----------------------------------
----------------------------------
----------------------------------
----------------------------------
----------------------------------
----------------------------------
----------------------------------
----------------------------------
----------------------------------
----------------------------------
----------------------------------
----------------------------------
----------------------------------
----------------------------------
----------------------------------
----------------------------------
----------------------------------
----------------------------------
----------------------------------
----------------------------------
----------------------------------
----------------------------------
----------------------------------
----------------------------------
----------------------------------
----------------------------------
----------------------------------
----------------------------------
----------------------------------
----------------------------------
----------------------------------
----------------------------------
----------------------------------
----------------------------------
----------------------------------
----------------------------------
----------------------------------
----------------------------------
----------------------------------
----------------------------------
----------------------------------
----------------------------------
----------------------------------
----------------------------------
----------------------------------
----------------------------------
----------------------------------
----------------------------------
----------------------------------
----------------------------------
----------------------------------
----------------------------------
----------------------------------
----------------------------------
----------------------------------
----------------------------------
----------------------------------
----------------------------------
----------------------------------
----------------------------------
----------------------------------
----------------------------------
----------------------------------
----------------------------------
----------------------------------
----------------------------------
----------------------------------
----------------------------------
----------------------------------
----------------------------------
----------------------------------
----------------------------------
----------------------------------
----------------------------------
----------------------------------
----------------------------------
----------------------------------
----------------------------------
----------------------------------
----------------------------------
----------------------------------
----------------------------------
----------------------------------
----------------------------------
----------------------------------
----------------------------------
----------------------------------
----------------------------------
----------------------------------
----------------------------------
----------------------------------
----------------------------------
----------------------------------
----------------------------------
----------------------------------
----------------------------------
----------------------------------
----------------------------------
----------------------------------
----------------------------------
----------------------------------
----------------------------------
----------------------------------
----------------------------------
----------------------------------
----------------------------------
----------------------------------
----------------------------------
----------------------------------
----------------------------------
----------------------------------
----------------------------------
----------------------------------
----------------------------------
----------------------------------
----------------------------------
----------------------------------
----------------------------------
----------------------------------
----------------------------------
----------------------------------
----------------------------------
----------------------------------
----------------------------------
----------------------------------
----------------------------------
----------------------------------
----------------------------------
----------------------------------
----------------------------------
----------------------------------
----------------------------------
----------------------------------
----------------------------------
----------------------------------
----------------------------------
----------------------------------
----------------------------------
----------------------------------
----------------------------------
----------------------------------
----------------------------------
----------------------------------
----------------------------------
----------------------------------
----------------------------------
----------------------------------
----------------------------------
----------------------------------
----------------------------------
----------------------------------
----------------------------------
----------------------------------
----------------------------------
----------------------------------
----------------------------------
----------------------------------
----------------------------------
----------------------------------
----------------------------------
----------------------------------
----------------------------------
----------------------------------
----------------------------------
----------------------------------
----------------------------------
----------------------------------
----------------------------------
----------------------------------
----------------------------------
----------------------------------
----------------------------------
----------------------------------
----------------------------------
----------------------------------
----------------------------------
----------------------------------
----------------------------------
----------------------------------
----------------------------------
----------------------------------
----------------------------------
----------------------------------
----------------------------------
----------------------------------
----------------------------------
----------------------------------
----------------------------------
----------------------------------
----------------------------------
----------------------------------
----------------------------------
----------------------------------
----------------------------------
----------------------------------
----------------------------------
----------------------------------
----------------------------------
----------------------------------
----------------------------------
----------------------------------
----------------------------------
----------------------------------
----------------------------------
----------------------------------
----------------------------------
----------------------------------
----------------------------------
----------------------------------
----------------------------------
----------------------------------
----------------------------------
----------------------------------
----------------------------------
----------------------------------
----------------------------------
----------------------------------
----------------------------------
----------------------------------
----------------------------------
----------------------------------
----------------------------------
----------------------------------
----------------------------------
----------------------------------
----------------------------------
----------------------------------
----------------------------------
----------------------------------
----------------------------------
----------------------------------
----------------------------------
----------------------------------
----------------------------------
----------------------------------
----------------------------------
----------------------------------
----------------------------------
