MinCut number | SSize | Number of cuts
----------------------------------
----------------------------------
----------------------------------
----------------------------------
----------------------------------
----------------------------------
----------------------------------
----------------------------------
----------------------------------
----------------------------------
----------------------------------
----------------------------------
----------------------------------
----------------------------------
----------------------------------
----------------------------------
----------------------------------
----------------------------------
----------------------------------
----------------------------------
----------------------------------
----------------------------------
----------------------------------
----------------------------------
           43 |     1 |            15
           43 |     2 |             4
           43 |     3 |             2
           43 |     4 |             4
           43 |     5 |             2
           43 |     6 |             0
           43 |     7 |             0
           43 |     8 |             0
           43 |     9 |             0
           43 |    10 |             1
           43 |    11 |             0
           43 |    12 |             0
           43 |    13 |             1
           43 |    14 |             0
           43 |    15 |             1
           43 |    16 |             2
           43 |    17 |             2
           43 |    18 |             2
           43 |    19 |             7
----------------------------------
----------------------------------
           45 |     1 |            44
           45 |     2 |            19
           45 |     3 |             8
           45 |     4 |             2
           45 |     5 |             3
           45 |     6 |             2
           45 |     7 |             1
           45 |     8 |             0
           45 |     9 |             0
           45 |    10 |             1
           45 |    11 |             0
           45 |    12 |             0
           45 |    13 |             1
           45 |    14 |             4
           45 |    15 |             3
           45 |    16 |             3
           45 |    17 |             6
           45 |    18 |            14
           45 |    19 |            24
----------------------------------
           46 |     1 |            46
           46 |     2 |            13
           46 |     3 |            10
           46 |     4 |             6
           46 |     5 |             4
           46 |     6 |             0
           46 |     7 |             2
           46 |     8 |             0
           46 |     9 |             0
           46 |    10 |             0
           46 |    11 |             1
           46 |    12 |             1
           46 |    13 |             2
           46 |    14 |             3
           46 |    15 |             2
           46 |    16 |             9
           46 |    17 |             6
           46 |    18 |            10
           46 |    19 |            23
----------------------------------
           47 |     1 |           169
           47 |     2 |            64
           47 |     3 |            32
           47 |     4 |            13
           47 |     5 |            10
           47 |     6 |             5
           47 |     7 |             5
           47 |     8 |             3
           47 |     9 |             5
           47 |    10 |             3
           47 |    11 |             5
           47 |    12 |             7
           47 |    13 |             7
           47 |    14 |            10
           47 |    15 |            15
           47 |    16 |            16
           47 |    17 |            28
           47 |    18 |            44
           47 |    19 |            76
----------------------------------
           48 |     1 |            78
           48 |     2 |            30
           48 |     3 |            13
           48 |     4 |             8
           48 |     5 |             4
           48 |     6 |             7
           48 |     7 |             3
           48 |     8 |             2
           48 |     9 |             4
           48 |    10 |             1
           48 |    11 |             3
           48 |    12 |             2
           48 |    13 |             5
           48 |    14 |             4
           48 |    15 |             9
           48 |    16 |             4
           48 |    17 |            14
           48 |    18 |            12
           48 |    19 |            37
----------------------------------
           49 |     1 |           201
           49 |     2 |            83
           49 |     3 |            36
           49 |     4 |            27
           49 |     5 |            13
           49 |     6 |             8
           49 |     7 |            10
           49 |     8 |             5
           49 |     9 |             4
           49 |    10 |             3
           49 |    11 |             9
           49 |    12 |             9
           49 |    13 |             7
           49 |    14 |             9
           49 |    15 |            19
           49 |    16 |            21
           49 |    17 |            29
           49 |    18 |            47
           49 |    19 |            97
----------------------------------
           50 |     1 |           223
           50 |     2 |            89
           50 |     3 |            43
           50 |     4 |            28
           50 |     5 |            12
           50 |     6 |            13
           50 |     7 |             9
           50 |     8 |             7
           50 |     9 |             6
           50 |    10 |             8
           50 |    11 |             8
           50 |    12 |             5
           50 |    13 |            12
           50 |    14 |            10
           50 |    15 |            17
           50 |    16 |            19
           50 |    17 |            33
           50 |    18 |            53
           50 |    19 |           105
----------------------------------
           51 |     1 |           388
           51 |     2 |           157
           51 |     3 |            77
           51 |     4 |            48
           51 |     5 |            32
           51 |     6 |            19
           51 |     7 |            17
           51 |     8 |            16
           51 |     9 |            13
           51 |    10 |            14
           51 |    11 |            17
           51 |    12 |            22
           51 |    13 |            24
           51 |    14 |            22
           51 |    15 |            33
           51 |    16 |            40
           51 |    17 |            55
           51 |    18 |            85
           51 |    19 |           196
----------------------------------
           52 |     1 |           438
           52 |     2 |           169
           52 |     3 |            95
           52 |     4 |            50
           52 |     5 |            34
           52 |     6 |            33
           52 |     7 |            19
           52 |     8 |            18
           52 |     9 |            18
           52 |    10 |            16
           52 |    11 |            20
           52 |    12 |             9
           52 |    13 |            25
           52 |    14 |            21
           52 |    15 |            43
           52 |    16 |            45
           52 |    17 |            67
           52 |    18 |           106
           52 |    19 |           230
----------------------------------
           53 |     1 |           493
           53 |     2 |           185
           53 |     3 |           113
           53 |     4 |            76
           53 |     5 |            49
           53 |     6 |            30
           53 |     7 |            21
           53 |     8 |            21
           53 |     9 |            16
           53 |    10 |            24
           53 |    11 |            25
           53 |    12 |            26
           53 |    13 |            26
           53 |    14 |            42
           53 |    15 |            36
           53 |    16 |            54
           53 |    17 |            77
           53 |    18 |           124
           53 |    19 |           258
----------------------------------
           54 |     1 |           561
           54 |     2 |           247
           54 |     3 |           152
           54 |     4 |            91
           54 |     5 |            49
           54 |     6 |            37
           54 |     7 |            37
           54 |     8 |            20
           54 |     9 |            19
           54 |    10 |            29
           54 |    11 |            25
           54 |    12 |            19
           54 |    13 |            29
           54 |    14 |            49
           54 |    15 |            60
           54 |    16 |            53
           54 |    17 |            99
           54 |    18 |           150
           54 |    19 |           272
----------------------------------
           55 |     1 |           538
           55 |     2 |           210
           55 |     3 |           131
           55 |     4 |            83
           55 |     5 |            62
           55 |     6 |            49
           55 |     7 |            31
           55 |     8 |            23
           55 |     9 |            20
           55 |    10 |            27
           55 |    11 |            32
           55 |    12 |            29
           55 |    13 |            31
           55 |    14 |            38
           55 |    15 |            48
           55 |    16 |            63
           55 |    17 |            96
           55 |    18 |           138
           55 |    19 |           276
----------------------------------
           56 |     1 |           703
           56 |     2 |           305
           56 |     3 |           189
           56 |     4 |           117
           56 |     5 |            74
           56 |     6 |            65
           56 |     7 |            55
           56 |     8 |            41
           56 |     9 |            29
           56 |    10 |            30
           56 |    11 |            28
           56 |    12 |            33
           56 |    13 |            47
           56 |    14 |            46
           56 |    15 |            47
           56 |    16 |            76
           56 |    17 |           112
           56 |    18 |           170
           56 |    19 |           353
----------------------------------
           57 |     1 |           749
           57 |     2 |           303
           57 |     3 |           194
           57 |     4 |           125
           57 |     5 |            96
           57 |     6 |            62
           57 |     7 |            52
           57 |     8 |            34
           57 |     9 |            38
           57 |    10 |            37
           57 |    11 |            44
           57 |    12 |            45
           57 |    13 |            44
           57 |    14 |            52
           57 |    15 |            71
           57 |    16 |            92
           57 |    17 |           131
           57 |    18 |           196
           57 |    19 |           371
----------------------------------
           58 |     1 |           613
           58 |     2 |           255
           58 |     3 |           162
           58 |     4 |           106
           58 |     5 |            76
           58 |     6 |            63
           58 |     7 |            56
           58 |     8 |            43
           58 |     9 |            36
           58 |    10 |            25
           58 |    11 |            33
           58 |    12 |            36
           58 |    13 |            39
           58 |    14 |            59
           58 |    15 |            65
           58 |    16 |            85
           58 |    17 |           116
           58 |    18 |           149
           58 |    19 |           303
----------------------------------
           59 |     1 |           687
           59 |     2 |           313
           59 |     3 |           185
           59 |     4 |           141
           59 |     5 |            97
           59 |     6 |            70
           59 |     7 |            49
           59 |     8 |            60
           59 |     9 |            42
           59 |    10 |            41
           59 |    11 |            31
           59 |    12 |            35
           59 |    13 |            43
           59 |    14 |            59
           59 |    15 |            62
           59 |    16 |            83
           59 |    17 |           128
           59 |    18 |           178
           59 |    19 |           351
----------------------------------
           60 |     1 |           564
           60 |     2 |           268
           60 |     3 |           165
           60 |     4 |           111
           60 |     5 |            84
           60 |     6 |            57
           60 |     7 |            51
           60 |     8 |            32
           60 |     9 |            31
           60 |    10 |            24
           60 |    11 |            41
           60 |    12 |            41
           60 |    13 |            38
           60 |    14 |            45
           60 |    15 |            47
           60 |    16 |            70
           60 |    17 |           111
           60 |    18 |           156
           60 |    19 |           284
----------------------------------
           61 |     1 |           752
           61 |     2 |           363
           61 |     3 |           216
           61 |     4 |           155
           61 |     5 |           105
           61 |     6 |            84
           61 |     7 |            65
           61 |     8 |            48
           61 |     9 |            54
           61 |    10 |            56
           61 |    11 |            46
           61 |    12 |            50
           61 |    13 |            49
           61 |    14 |            53
           61 |    15 |            79
           61 |    16 |            93
           61 |    17 |           143
           61 |    18 |           184
           61 |    19 |           394
----------------------------------
           62 |     1 |           840
           62 |     2 |           378
           62 |     3 |           264
           62 |     4 |           183
           62 |     5 |           131
           62 |     6 |           109
           62 |     7 |            79
           62 |     8 |            72
           62 |     9 |            62
           62 |    10 |            51
           62 |    11 |            61
           62 |    12 |            45
           62 |    13 |            66
           62 |    14 |            70
           62 |    15 |            90
           62 |    16 |           102
           62 |    17 |           140
           62 |    18 |           205
           62 |    19 |           400
----------------------------------
           63 |     1 |           530
           63 |     2 |           244
           63 |     3 |           148
           63 |     4 |           118
           63 |     5 |            88
           63 |     6 |            71
           63 |     7 |            60
           63 |     8 |            43
           63 |     9 |            52
           63 |    10 |            46
           63 |    11 |            37
           63 |    12 |            38
           63 |    13 |            43
           63 |    14 |            39
           63 |    15 |            62
           63 |    16 |            75
           63 |    17 |            97
           63 |    18 |           144
           63 |    19 |           270
----------------------------------
           64 |     1 |           677
           64 |     2 |           324
           64 |     3 |           206
           64 |     4 |           152
           64 |     5 |           122
           64 |     6 |            87
           64 |     7 |            86
           64 |     8 |            62
           64 |     9 |            50
           64 |    10 |            45
           64 |    11 |            43
           64 |    12 |            47
           64 |    13 |            51
           64 |    14 |            60
           64 |    15 |            69
           64 |    16 |            94
           64 |    17 |           120
           64 |    18 |           191
           64 |    19 |           330
----------------------------------
           65 |     1 |           578
           65 |     2 |           258
           65 |     3 |           166
           65 |     4 |           131
           65 |     5 |           102
           65 |     6 |            70
           65 |     7 |            68
           65 |     8 |            69
           65 |     9 |            50
           65 |    10 |            57
           65 |    11 |            53
           65 |    12 |            58
           65 |    13 |            36
           65 |    14 |            46
           65 |    15 |            56
           65 |    16 |            86
           65 |    17 |            93
           65 |    18 |           133
           65 |    19 |           295
----------------------------------
           66 |     1 |           642
           66 |     2 |           306
           66 |     3 |           183
           66 |     4 |           152
           66 |     5 |           114
           66 |     6 |           100
           66 |     7 |            84
           66 |     8 |            72
           66 |     9 |            67
           66 |    10 |            53
           66 |    11 |            52
           66 |    12 |            43
           66 |    13 |            52
           66 |    14 |            61
           66 |    15 |            60
           66 |    16 |            80
           66 |    17 |            93
           66 |    18 |           170
           66 |    19 |           322
----------------------------------
           67 |     1 |           499
           67 |     2 |           253
           67 |     3 |           170
           67 |     4 |           118
           67 |     5 |           101
           67 |     6 |            82
           67 |     7 |            66
           67 |     8 |            49
           67 |     9 |            42
           67 |    10 |            49
           67 |    11 |            48
           67 |    12 |            37
           67 |    13 |            40
           67 |    14 |            52
           67 |    15 |            44
           67 |    16 |            73
           67 |    17 |            95
           67 |    18 |           143
           67 |    19 |           250
----------------------------------
           68 |     1 |           383
           68 |     2 |           174
           68 |     3 |           117
           68 |     4 |            87
           68 |     5 |            69
           68 |     6 |            61
           68 |     7 |            47
           68 |     8 |            46
           68 |     9 |            44
           68 |    10 |            41
           68 |    11 |            41
           68 |    12 |            43
           68 |    13 |            32
           68 |    14 |            44
           68 |    15 |            45
           68 |    16 |            55
           68 |    17 |            81
           68 |    18 |            86
           68 |    19 |           204
----------------------------------
           69 |     1 |           528
           69 |     2 |           251
           69 |     3 |           171
           69 |     4 |           127
           69 |     5 |           120
           69 |     6 |            81
           69 |     7 |            89
           69 |     8 |            74
           69 |     9 |            61
           69 |    10 |            63
           69 |    11 |            48
           69 |    12 |            49
           69 |    13 |            47
           69 |    14 |            47
           69 |    15 |            58
           69 |    16 |            88
           69 |    17 |            95
           69 |    18 |           159
           69 |    19 |           259
----------------------------------
           70 |     1 |           401
           70 |     2 |           201
           70 |     3 |           138
           70 |     4 |            97
           70 |     5 |            76
           70 |     6 |            69
           70 |     7 |            48
           70 |     8 |            40
           70 |     9 |            45
           70 |    10 |            39
           70 |    11 |            46
           70 |    12 |            44
           70 |    13 |            40
           70 |    14 |            44
           70 |    15 |            60
           70 |    16 |            57
           70 |    17 |            67
           70 |    18 |           100
           70 |    19 |           208
----------------------------------
           71 |     1 |           417
           71 |     2 |           218
           71 |     3 |           142
           71 |     4 |           103
           71 |     5 |           100
           71 |     6 |            72
           71 |     7 |            62
           71 |     8 |            60
           71 |     9 |            43
           71 |    10 |            45
           71 |    11 |            31
           71 |    12 |            43
           71 |    13 |            31
           71 |    14 |            41
           71 |    15 |            45
           71 |    16 |            64
           71 |    17 |            71
           71 |    18 |           116
           71 |    19 |           213
----------------------------------
           72 |     1 |           389
           72 |     2 |           198
           72 |     3 |           127
           72 |     4 |            97
           72 |     5 |            80
           72 |     6 |            72
           72 |     7 |            57
           72 |     8 |            60
           72 |     9 |            46
           72 |    10 |            44
           72 |    11 |            39
           72 |    12 |            39
           72 |    13 |            34
           72 |    14 |            47
           72 |    15 |            40
           72 |    16 |            64
           72 |    17 |            71
           72 |    18 |            94
           72 |    19 |           202
----------------------------------
           73 |     1 |           229
           73 |     2 |           112
           73 |     3 |            77
           73 |     4 |            60
           73 |     5 |            52
           73 |     6 |            44
           73 |     7 |            43
           73 |     8 |            32
           73 |     9 |            32
           73 |    10 |            30
           73 |    11 |            25
           73 |    12 |            16
           73 |    13 |            27
           73 |    14 |            27
           73 |    15 |            33
           73 |    16 |            38
           73 |    17 |            51
           73 |    18 |            54
           73 |    19 |           113
----------------------------------
           74 |     1 |           294
           74 |     2 |           146
           74 |     3 |           103
           74 |     4 |            75
           74 |     5 |            62
           74 |     6 |            56
           74 |     7 |            52
           74 |     8 |            49
           74 |     9 |            47
           74 |    10 |            40
           74 |    11 |            26
           74 |    12 |            26
           74 |    13 |            25
           74 |    14 |            33
           74 |    15 |            35
           74 |    16 |            33
           74 |    17 |            55
           74 |    18 |            83
           74 |    19 |           166
----------------------------------
           75 |     1 |           281
           75 |     2 |           132
           75 |     3 |            94
           75 |     4 |            76
           75 |     5 |            78
           75 |     6 |            67
           75 |     7 |            50
           75 |     8 |            55
           75 |     9 |            35
           75 |    10 |            28
           75 |    11 |            31
           75 |    12 |            28
           75 |    13 |            27
           75 |    14 |            27
           75 |    15 |            41
           75 |    16 |            39
           75 |    17 |            46
           75 |    18 |            71
           75 |    19 |           144
----------------------------------
           76 |     1 |           290
           76 |     2 |           146
           76 |     3 |           110
           76 |     4 |            88
           76 |     5 |            78
           76 |     6 |            73
           76 |     7 |            64
           76 |     8 |            50
           76 |     9 |            49
           76 |    10 |            34
           76 |    11 |            30
           76 |    12 |            17
           76 |    13 |            26
           76 |    14 |            27
           76 |    15 |            33
           76 |    16 |            29
           76 |    17 |            58
           76 |    18 |            81
           76 |    19 |           161
----------------------------------
           77 |     1 |           183
           77 |     2 |           101
           77 |     3 |            61
           77 |     4 |            58
           77 |     5 |            50
           77 |     6 |            46
           77 |     7 |            35
           77 |     8 |            24
           77 |     9 |            31
           77 |    10 |            25
           77 |    11 |            21
           77 |    12 |            18
           77 |    13 |            17
           77 |    14 |            25
           77 |    15 |            29
           77 |    16 |            26
           77 |    17 |            31
           77 |    18 |            45
           77 |    19 |            98
----------------------------------
           78 |     1 |           186
           78 |     2 |            86
           78 |     3 |            62
           78 |     4 |            54
           78 |     5 |            42
           78 |     6 |            43
           78 |     7 |            31
           78 |     8 |            34
           78 |     9 |            25
           78 |    10 |            29
           78 |    11 |            31
           78 |    12 |            35
           78 |    13 |            33
           78 |    14 |            26
           78 |    15 |            24
           78 |    16 |            29
           78 |    17 |            24
           78 |    18 |            52
           78 |    19 |            90
----------------------------------
           79 |     1 |            96
           79 |     2 |            46
           79 |     3 |            29
           79 |     4 |            27
           79 |     5 |            18
           79 |     6 |            20
           79 |     7 |            20
           79 |     8 |            14
           79 |     9 |            13
           79 |    10 |            17
           79 |    11 |            14
           79 |    12 |            16
           79 |    13 |            17
           79 |    14 |            12
           79 |    15 |            15
           79 |    16 |            11
           79 |    17 |            12
           79 |    18 |            33
           79 |    19 |            44
----------------------------------
           80 |     1 |            95
           80 |     2 |            51
           80 |     3 |            35
           80 |     4 |            30
           80 |     5 |            29
           80 |     6 |            24
           80 |     7 |            24
           80 |     8 |            17
           80 |     9 |            16
           80 |    10 |            14
           80 |    11 |             9
           80 |    12 |             9
           80 |    13 |            11
           80 |    14 |             9
           80 |    15 |            10
           80 |    16 |             9
           80 |    17 |            16
           80 |    18 |            30
           80 |    19 |            42
----------------------------------
           81 |     1 |            62
           81 |     2 |            31
           81 |     3 |            24
           81 |     4 |            24
           81 |     5 |            22
           81 |     6 |            18
           81 |     7 |            14
           81 |     8 |            12
           81 |     9 |            12
           81 |    10 |            10
           81 |    11 |             7
           81 |    12 |             6
           81 |    13 |             9
           81 |    14 |             2
           81 |    15 |             5
           81 |    16 |             7
           81 |    17 |            10
           81 |    18 |            20
           81 |    19 |            29
----------------------------------
           82 |     1 |           107
           82 |     2 |            57
           82 |     3 |            36
           82 |     4 |            33
           82 |     5 |            24
           82 |     6 |            24
           82 |     7 |            20
           82 |     8 |            24
           82 |     9 |            20
           82 |    10 |            16
           82 |    11 |            22
           82 |    12 |            21
           82 |    13 |            22
           82 |    14 |            17
           82 |    15 |            16
           82 |    16 |            17
           82 |    17 |            18
           82 |    18 |            22
           82 |    19 |            58
----------------------------------
           83 |     1 |            30
           83 |     2 |            15
           83 |     3 |             7
           83 |     4 |            12
           83 |     5 |             9
           83 |     6 |            12
           83 |     7 |            10
           83 |     8 |             9
           83 |     9 |             7
           83 |    10 |             3
           83 |    11 |             7
           83 |    12 |             2
           83 |    13 |             3
           83 |    14 |             6
           83 |    15 |             3
           83 |    16 |             2
           83 |    17 |             5
           83 |    18 |             7
           83 |    19 |            17
----------------------------------
           84 |     1 |           105
           84 |     2 |            59
           84 |     3 |            47
           84 |     4 |            45
           84 |     5 |            37
           84 |     6 |            34
           84 |     7 |            28
           84 |     8 |            23
           84 |     9 |            24
           84 |    10 |            15
           84 |    11 |            17
           84 |    12 |            16
           84 |    13 |            11
           84 |    14 |            16
           84 |    15 |             7
           84 |    16 |            14
           84 |    17 |            13
           84 |    18 |            30
           84 |    19 |            47
----------------------------------
           85 |     1 |            74
           85 |     2 |            45
           85 |     3 |            30
           85 |     4 |            24
           85 |     5 |            19
           85 |     6 |            18
           85 |     7 |            18
           85 |     8 |            18
           85 |     9 |            14
           85 |    10 |            13
           85 |    11 |            13
           85 |    12 |            13
           85 |    13 |             8
           85 |    14 |             8
           85 |    15 |            11
           85 |    16 |            15
           85 |    17 |            11
           85 |    18 |            27
           85 |    19 |            46
----------------------------------
           86 |     1 |            49
           86 |     2 |            22
           86 |     3 |            20
           86 |     4 |            15
           86 |     5 |            13
           86 |     6 |            12
           86 |     7 |            14
           86 |     8 |            14
           86 |     9 |            10
           86 |    10 |             6
           86 |    11 |             8
           86 |    12 |             8
           86 |    13 |             3
           86 |    14 |             8
           86 |    15 |             7
           86 |    16 |             3
           86 |    17 |            11
           86 |    18 |             8
           86 |    19 |            27
----------------------------------
           87 |     1 |            31
           87 |     2 |            20
           87 |     3 |            11
           87 |     4 |            11
           87 |     5 |             9
           87 |     6 |            11
           87 |     7 |             6
           87 |     8 |            12
           87 |     9 |             6
           87 |    10 |             6
           87 |    11 |             5
           87 |    12 |             3
           87 |    13 |             2
           87 |    14 |             4
           87 |    15 |             4
           87 |    16 |             3
           87 |    17 |             6
           87 |    18 |             7
           87 |    19 |            17
----------------------------------
           88 |     1 |            17
           88 |     2 |            10
           88 |     3 |             8
           88 |     4 |             5
           88 |     5 |             5
           88 |     6 |             4
           88 |     7 |             2
           88 |     8 |             3
           88 |     9 |             0
           88 |    10 |             2
           88 |    11 |             6
           88 |    12 |             4
           88 |    13 |             4
           88 |    14 |             4
           88 |    15 |             2
           88 |    16 |             2
           88 |    17 |             0
           88 |    18 |             4
           88 |    19 |             6
----------------------------------
           89 |     1 |            15
           89 |     2 |             7
           89 |     3 |             3
           89 |     4 |             5
           89 |     5 |             4
           89 |     6 |             5
           89 |     7 |             3
           89 |     8 |             6
           89 |     9 |             6
           89 |    10 |             4
           89 |    11 |             4
           89 |    12 |             2
           89 |    13 |             3
           89 |    14 |             4
           89 |    15 |             2
           89 |    16 |             5
           89 |    17 |             4
           89 |    18 |             1
           89 |    19 |             6
----------------------------------
           90 |     1 |            29
           90 |     2 |            16
           90 |     3 |            14
           90 |     4 |            11
           90 |     5 |            10
           90 |     6 |             9
           90 |     7 |            12
           90 |     8 |            11
           90 |     9 |             8
           90 |    10 |             5
           90 |    11 |             4
           90 |    12 |             3
           90 |    13 |             6
           90 |    14 |             3
           90 |    15 |             4
           90 |    16 |             3
           90 |    17 |            10
           90 |    18 |             8
           90 |    19 |            14
----------------------------------
           91 |     1 |            16
           91 |     2 |            10
           91 |     3 |             7
           91 |     4 |             4
           91 |     5 |             4
           91 |     6 |             3
           91 |     7 |             4
           91 |     8 |             3
           91 |     9 |             5
           91 |    10 |             2
           91 |    11 |             4
           91 |    12 |             4
           91 |    13 |             2
           91 |    14 |             3
           91 |    15 |             2
           91 |    16 |             3
           91 |    17 |             2
           91 |    18 |             6
           91 |    19 |             7
----------------------------------
           92 |     1 |            33
           92 |     2 |            19
           92 |     3 |            12
           92 |     4 |            15
           92 |     5 |            11
           92 |     6 |             8
           92 |     7 |             8
           92 |     8 |             8
           92 |     9 |             8
           92 |    10 |             7
           92 |    11 |             4
           92 |    12 |             5
           92 |    13 |             5
           92 |    14 |             4
           92 |    15 |             5
           92 |    16 |             5
           92 |    17 |             3
           92 |    18 |            10
           92 |    19 |            14
----------------------------------
----------------------------------
           94 |     1 |            15
           94 |     2 |             8
           94 |     3 |             4
           94 |     4 |             3
           94 |     5 |             3
           94 |     6 |             3
           94 |     7 |             6
           94 |     8 |             2
           94 |     9 |             1
           94 |    10 |             3
           94 |    11 |             6
           94 |    12 |             6
           94 |    13 |             8
           94 |    14 |             5
           94 |    15 |             5
           94 |    16 |             4
           94 |    17 |             4
           94 |    18 |             3
           94 |    19 |             5
----------------------------------
           95 |     1 |            17
           95 |     2 |             7
           95 |     3 |             3
           95 |     4 |             5
           95 |     5 |             5
           95 |     6 |             5
           95 |     7 |             1
           95 |     8 |             2
           95 |     9 |             5
           95 |    10 |             7
           95 |    11 |             2
           95 |    12 |             6
           95 |    13 |             7
           95 |    14 |             3
           95 |    15 |             3
           95 |    16 |             1
           95 |    17 |             4
           95 |    18 |             6
           95 |    19 |             6
----------------------------------
----------------------------------
----------------------------------
----------------------------------
----------------------------------
          100 |     1 |            16
          100 |     2 |             9
          100 |     3 |             5
          100 |     4 |             5
          100 |     5 |             2
          100 |     6 |             3
          100 |     7 |             2
          100 |     8 |             3
          100 |     9 |             4
          100 |    10 |             4
          100 |    11 |             5
          100 |    12 |             9
          100 |    13 |             5
          100 |    14 |             4
          100 |    15 |             3
          100 |    16 |             2
          100 |    17 |             4
          100 |    18 |             7
          100 |    19 |             8
----------------------------------
----------------------------------
----------------------------------
----------------------------------
----------------------------------
----------------------------------
----------------------------------
----------------------------------
----------------------------------
----------------------------------
----------------------------------
----------------------------------
----------------------------------
----------------------------------
----------------------------------
----------------------------------
----------------------------------
----------------------------------
----------------------------------
----------------------------------
----------------------------------
----------------------------------
----------------------------------
----------------------------------
----------------------------------
----------------------------------
----------------------------------
----------------------------------
----------------------------------
----------------------------------
----------------------------------
----------------------------------
----------------------------------
----------------------------------
----------------------------------
----------------------------------
----------------------------------
----------------------------------
----------------------------------
----------------------------------
----------------------------------
----------------------------------
----------------------------------
----------------------------------
----------------------------------
----------------------------------
----------------------------------
----------------------------------
----------------------------------
----------------------------------
----------------------------------
----------------------------------
----------------------------------
----------------------------------
----------------------------------
----------------------------------
----------------------------------
----------------------------------
----------------------------------
----------------------------------
----------------------------------
----------------------------------
----------------------------------
----------------------------------
----------------------------------
----------------------------------
----------------------------------
----------------------------------
----------------------------------
----------------------------------
----------------------------------
----------------------------------
----------------------------------
----------------------------------
----------------------------------
----------------------------------
----------------------------------
----------------------------------
----------------------------------
----------------------------------
----------------------------------
----------------------------------
----------------------------------
----------------------------------
----------------------------------
----------------------------------
----------------------------------
----------------------------------
----------------------------------
----------------------------------
----------------------------------
----------------------------------
----------------------------------
----------------------------------
----------------------------------
----------------------------------
----------------------------------
----------------------------------
----------------------------------
----------------------------------
----------------------------------
----------------------------------
----------------------------------
----------------------------------
----------------------------------
----------------------------------
----------------------------------
----------------------------------
----------------------------------
----------------------------------
----------------------------------
----------------------------------
----------------------------------
----------------------------------
----------------------------------
----------------------------------
----------------------------------
----------------------------------
----------------------------------
----------------------------------
----------------------------------
----------------------------------
----------------------------------
----------------------------------
----------------------------------
----------------------------------
----------------------------------
----------------------------------
----------------------------------
----------------------------------
----------------------------------
----------------------------------
----------------------------------
----------------------------------
----------------------------------
----------------------------------
----------------------------------
----------------------------------
----------------------------------
----------------------------------
----------------------------------
----------------------------------
----------------------------------
----------------------------------
----------------------------------
----------------------------------
----------------------------------
----------------------------------
----------------------------------
----------------------------------
----------------------------------
----------------------------------
----------------------------------
----------------------------------
----------------------------------
----------------------------------
----------------------------------
----------------------------------
----------------------------------
----------------------------------
----------------------------------
----------------------------------
----------------------------------
----------------------------------
----------------------------------
----------------------------------
----------------------------------
----------------------------------
----------------------------------
----------------------------------
----------------------------------
----------------------------------
----------------------------------
----------------------------------
----------------------------------
----------------------------------
----------------------------------
----------------------------------
----------------------------------
----------------------------------
----------------------------------
----------------------------------
----------------------------------
----------------------------------
----------------------------------
----------------------------------
----------------------------------
----------------------------------
----------------------------------
----------------------------------
----------------------------------
----------------------------------
----------------------------------
----------------------------------
----------------------------------
----------------------------------
----------------------------------
----------------------------------
----------------------------------
----------------------------------
----------------------------------
----------------------------------
----------------------------------
----------------------------------
----------------------------------
----------------------------------
----------------------------------
----------------------------------
----------------------------------
----------------------------------
----------------------------------
----------------------------------
----------------------------------
----------------------------------
----------------------------------
----------------------------------
----------------------------------
----------------------------------
----------------------------------
----------------------------------
----------------------------------
----------------------------------
----------------------------------
----------------------------------
----------------------------------
----------------------------------
----------------------------------
----------------------------------
----------------------------------
----------------------------------
----------------------------------
----------------------------------
----------------------------------
----------------------------------
----------------------------------
----------------------------------
----------------------------------
----------------------------------
----------------------------------
----------------------------------
----------------------------------
----------------------------------
----------------------------------
----------------------------------
----------------------------------
----------------------------------
----------------------------------
----------------------------------
----------------------------------
----------------------------------
----------------------------------
----------------------------------
----------------------------------
----------------------------------
----------------------------------
----------------------------------
----------------------------------
----------------------------------
----------------------------------
----------------------------------
----------------------------------
----------------------------------
----------------------------------
----------------------------------
----------------------------------
----------------------------------
----------------------------------
----------------------------------
----------------------------------
----------------------------------
----------------------------------
----------------------------------
----------------------------------
----------------------------------
----------------------------------
----------------------------------
----------------------------------
----------------------------------
----------------------------------
----------------------------------
----------------------------------
