MinCut number | SSize | Number of cuts
----------------------------------
----------------------------------
----------------------------------
----------------------------------
----------------------------------
----------------------------------
----------------------------------
----------------------------------
----------------------------------
----------------------------------
----------------------------------
----------------------------------
----------------------------------
----------------------------------
----------------------------------
----------------------------------
----------------------------------
----------------------------------
----------------------------------
           38 |     1 |           116
           38 |     2 |            16
           38 |     3 |             3
           38 |     4 |             0
           38 |     5 |             0
           38 |     6 |             0
           38 |     7 |             0
           38 |     8 |             0
           38 |     9 |             0
           38 |    10 |             0
           38 |    11 |             0
           38 |    12 |             1
           38 |    13 |             0
           38 |    14 |             1
           38 |    15 |             0
           38 |    16 |             1
           38 |    17 |             3
           38 |    18 |            22
           38 |    19 |           103
----------------------------------
           39 |     1 |           271
           39 |     2 |            42
           39 |     3 |            11
           39 |     4 |             4
           39 |     5 |             0
           39 |     6 |             1
           39 |     7 |             0
           39 |     8 |             0
           39 |     9 |             0
           39 |    10 |             0
           39 |    11 |             0
           39 |    12 |             0
           39 |    13 |             0
           39 |    14 |             0
           39 |    15 |             1
           39 |    16 |             0
           39 |    17 |            11
           39 |    18 |            65
           39 |    19 |           257
----------------------------------
           40 |     1 |           627
           40 |     2 |           119
           40 |     3 |            22
           40 |     4 |             7
           40 |     5 |             2
           40 |     6 |             1
           40 |     7 |             0
           40 |     8 |             0
           40 |     9 |             0
           40 |    10 |             1
           40 |    11 |             0
           40 |    12 |             0
           40 |    13 |             0
           40 |    14 |             1
           40 |    15 |             3
           40 |    16 |             3
           40 |    17 |            27
           40 |    18 |           128
           40 |    19 |           619
----------------------------------
           41 |     1 |           977
           41 |     2 |           169
           41 |     3 |            39
           41 |     4 |            14
           41 |     5 |             1
           41 |     6 |             1
           41 |     7 |             1
           41 |     8 |             0
           41 |     9 |             0
           41 |    10 |             0
           41 |    11 |             1
           41 |    12 |             2
           41 |    13 |             1
           41 |    14 |             4
           41 |    15 |             5
           41 |    16 |            15
           41 |    17 |            59
           41 |    18 |           223
           41 |    19 |           907
----------------------------------
           42 |     1 |           890
           42 |     2 |           197
           42 |     3 |            48
           42 |     4 |            16
           42 |     5 |             5
           42 |     6 |             7
           42 |     7 |             4
           42 |     8 |             1
           42 |     9 |             4
           42 |    10 |             2
           42 |    11 |             0
           42 |    12 |             1
           42 |    13 |             1
           42 |    14 |             1
           42 |    15 |             3
           42 |    16 |            21
           42 |    17 |            50
           42 |    18 |           215
           42 |    19 |           886
----------------------------------
           43 |     1 |          1256
           43 |     2 |           290
           43 |     3 |            71
           43 |     4 |            18
           43 |     5 |             8
           43 |     6 |             3
           43 |     7 |             5
           43 |     8 |             6
           43 |     9 |             3
           43 |    10 |             5
           43 |    11 |             3
           43 |    12 |             2
           43 |    13 |             3
           43 |    14 |             7
           43 |    15 |            14
           43 |    16 |            24
           43 |    17 |           101
           43 |    18 |           303
           43 |    19 |          1232
----------------------------------
           44 |     1 |          1224
           44 |     2 |           307
           44 |     3 |            83
           44 |     4 |            31
           44 |     5 |            13
           44 |     6 |             4
           44 |     7 |             4
           44 |     8 |             6
           44 |     9 |             3
           44 |    10 |             2
           44 |    11 |             4
           44 |    12 |             4
           44 |    13 |             5
           44 |    14 |            13
           44 |    15 |            25
           44 |    16 |            27
           44 |    17 |           115
           44 |    18 |           358
           44 |    19 |          1160
----------------------------------
           45 |     1 |          1025
           45 |     2 |           284
           45 |     3 |            74
           45 |     4 |            37
           45 |     5 |            17
           45 |     6 |             7
           45 |     7 |             5
           45 |     8 |             3
           45 |     9 |             7
           45 |    10 |             4
           45 |    11 |             6
           45 |    12 |             2
           45 |    13 |             3
           45 |    14 |             8
           45 |    15 |            23
           45 |    16 |            34
           45 |    17 |            81
           45 |    18 |           317
           45 |    19 |           988
----------------------------------
           46 |     1 |           996
           46 |     2 |           287
           46 |     3 |            92
           46 |     4 |            28
           46 |     5 |            15
           46 |     6 |             4
           46 |     7 |             1
           46 |     8 |             7
           46 |     9 |             5
           46 |    10 |             6
           46 |    11 |             6
           46 |    12 |             5
           46 |    13 |             6
           46 |    14 |            17
           46 |    15 |            20
           46 |    16 |            48
           46 |    17 |            90
           46 |    18 |           283
           46 |    19 |           982
----------------------------------
           47 |     1 |           878
           47 |     2 |           255
           47 |     3 |            84
           47 |     4 |            34
           47 |     5 |            16
           47 |     6 |             7
           47 |     7 |             4
           47 |     8 |             3
           47 |     9 |             3
           47 |    10 |             4
           47 |    11 |             5
           47 |    12 |             4
           47 |    13 |             5
           47 |    14 |            14
           47 |    15 |            30
           47 |    16 |            53
           47 |    17 |           114
           47 |    18 |           270
           47 |    19 |           849
----------------------------------
           48 |     1 |           890
           48 |     2 |           237
           48 |     3 |            88
           48 |     4 |            43
           48 |     5 |            15
           48 |     6 |            13
           48 |     7 |             6
           48 |     8 |             5
           48 |     9 |             4
           48 |    10 |             7
           48 |    11 |             6
           48 |    12 |             8
           48 |    13 |             5
           48 |    14 |            13
           48 |    15 |            20
           48 |    16 |            56
           48 |    17 |           112
           48 |    18 |           292
           48 |    19 |           820
----------------------------------
           49 |     1 |          1049
           49 |     2 |           312
           49 |     3 |           110
           49 |     4 |            46
           49 |     5 |            21
           49 |     6 |            13
           49 |     7 |            18
           49 |     8 |             9
           49 |     9 |             8
           49 |    10 |             5
           49 |    11 |            10
           49 |    12 |            10
           49 |    13 |             5
           49 |    14 |            21
           49 |    15 |            32
           49 |    16 |            60
           49 |    17 |           146
           49 |    18 |           385
           49 |    19 |           974
----------------------------------
           50 |     1 |           734
           50 |     2 |           219
           50 |     3 |            94
           50 |     4 |            42
           50 |     5 |            17
           50 |     6 |            15
           50 |     7 |            17
           50 |     8 |             8
           50 |     9 |             6
           50 |    10 |             3
           50 |    11 |             4
           50 |    12 |             4
           50 |    13 |            13
           50 |    14 |            18
           50 |    15 |            20
           50 |    16 |            44
           50 |    17 |            96
           50 |    18 |           259
           50 |    19 |           737
----------------------------------
           51 |     1 |           844
           51 |     2 |           275
           51 |     3 |           110
           51 |     4 |            42
           51 |     5 |            16
           51 |     6 |            19
           51 |     7 |             7
           51 |     8 |             3
           51 |     9 |             6
           51 |    10 |             3
           51 |    11 |            14
           51 |    12 |             7
           51 |    13 |            13
           51 |    14 |            24
           51 |    15 |            45
           51 |    16 |            68
           51 |    17 |           147
           51 |    18 |           268
           51 |    19 |           792
----------------------------------
           52 |     1 |           545
           52 |     2 |           195
           52 |     3 |            79
           52 |     4 |            42
           52 |     5 |            17
           52 |     6 |            11
           52 |     7 |             8
           52 |     8 |             2
           52 |     9 |             3
           52 |    10 |             5
           52 |    11 |             6
           52 |    12 |             5
           52 |    13 |             5
           52 |    14 |            13
           52 |    15 |            22
           52 |    16 |            50
           52 |    17 |            92
           52 |    18 |           206
           52 |    19 |           514
----------------------------------
           53 |     1 |           444
           53 |     2 |           123
           53 |     3 |            50
           53 |     4 |            25
           53 |     5 |            15
           53 |     6 |             7
           53 |     7 |             5
           53 |     8 |             6
           53 |     9 |             1
           53 |    10 |             3
           53 |    11 |             4
           53 |    12 |             7
           53 |    13 |             6
           53 |    14 |            11
           53 |    15 |            19
           53 |    16 |            52
           53 |    17 |            89
           53 |    18 |           171
           53 |    19 |           393
----------------------------------
           54 |     1 |           476
           54 |     2 |           180
           54 |     3 |            79
           54 |     4 |            31
           54 |     5 |            12
           54 |     6 |            13
           54 |     7 |             7
           54 |     8 |             8
           54 |     9 |             8
           54 |    10 |            12
           54 |    11 |             4
           54 |    12 |             5
           54 |    13 |            11
           54 |    14 |            17
           54 |    15 |            30
           54 |    16 |            57
           54 |    17 |            98
           54 |    18 |           212
           54 |    19 |           468
----------------------------------
           55 |     1 |           405
           55 |     2 |           142
           55 |     3 |            63
           55 |     4 |            32
           55 |     5 |            15
           55 |     6 |            23
           55 |     7 |            13
           55 |     8 |            11
           55 |     9 |             9
           55 |    10 |             8
           55 |    11 |            11
           55 |    12 |             7
           55 |    13 |            14
           55 |    14 |            18
           55 |    15 |            25
           55 |    16 |            37
           55 |    17 |            62
           55 |    18 |           155
           55 |    19 |           380
----------------------------------
           56 |     1 |           217
           56 |     2 |            67
           56 |     3 |            29
           56 |     4 |            17
           56 |     5 |            15
           56 |     6 |            11
           56 |     7 |             9
           56 |     8 |             4
           56 |     9 |             5
           56 |    10 |             4
           56 |    11 |             4
           56 |    12 |             4
           56 |    13 |             4
           56 |    14 |             6
           56 |    15 |            11
           56 |    16 |            26
           56 |    17 |            40
           56 |    18 |            98
           56 |    19 |           213
----------------------------------
           57 |     1 |           371
           57 |     2 |           166
           57 |     3 |            71
           57 |     4 |            41
           57 |     5 |            26
           57 |     6 |            18
           57 |     7 |            11
           57 |     8 |             9
           57 |     9 |            10
           57 |    10 |             8
           57 |    11 |             9
           57 |    12 |            10
           57 |    13 |            12
           57 |    14 |            15
           57 |    15 |            22
           57 |    16 |            41
           57 |    17 |            78
           57 |    18 |           133
           57 |    19 |           374
----------------------------------
           58 |     1 |           234
           58 |     2 |           107
           58 |     3 |            48
           58 |     4 |            23
           58 |     5 |             8
           58 |     6 |             9
           58 |     7 |             7
           58 |     8 |             4
           58 |     9 |             5
           58 |    10 |             3
           58 |    11 |             7
           58 |    12 |             5
           58 |    13 |             5
           58 |    14 |            11
           58 |    15 |            26
           58 |    16 |            29
           58 |    17 |            59
           58 |    18 |           105
           58 |    19 |           233
----------------------------------
           59 |     1 |           220
           59 |     2 |            76
           59 |     3 |            58
           59 |     4 |            25
           59 |     5 |            18
           59 |     6 |            15
           59 |     7 |             9
           59 |     8 |             9
           59 |     9 |             6
           59 |    10 |            10
           59 |    11 |             9
           59 |    12 |             4
           59 |    13 |             4
           59 |    14 |             9
           59 |    15 |            20
           59 |    16 |            34
           59 |    17 |            33
           59 |    18 |           100
           59 |    19 |           226
----------------------------------
           60 |     1 |           245
           60 |     2 |            89
           60 |     3 |            36
           60 |     4 |            27
           60 |     5 |            11
           60 |     6 |            11
           60 |     7 |             3
           60 |     8 |             7
           60 |     9 |             7
           60 |    10 |             9
           60 |    11 |             6
           60 |    12 |             7
           60 |    13 |            10
           60 |    14 |            12
           60 |    15 |            16
           60 |    16 |            27
           60 |    17 |            51
           60 |    18 |           106
           60 |    19 |           220
----------------------------------
           61 |     1 |            87
           61 |     2 |            44
           61 |     3 |            14
           61 |     4 |             5
           61 |     5 |             1
           61 |     6 |             4
           61 |     7 |             3
           61 |     8 |             4
           61 |     9 |             1
           61 |    10 |             6
           61 |    11 |             3
           61 |    12 |             8
           61 |    13 |             7
           61 |    14 |             8
           61 |    15 |            10
           61 |    16 |            10
           61 |    17 |            27
           61 |    18 |            39
           61 |    19 |            85
----------------------------------
           62 |     1 |            66
           62 |     2 |            26
           62 |     3 |            16
           62 |     4 |             7
           62 |     5 |             6
           62 |     6 |             4
           62 |     7 |             3
           62 |     8 |             1
           62 |     9 |             2
           62 |    10 |             2
           62 |    11 |             3
           62 |    12 |             3
           62 |    13 |             1
           62 |    14 |             2
           62 |    15 |             3
           62 |    16 |             7
           62 |    17 |            14
           62 |    18 |            26
           62 |    19 |            56
----------------------------------
           63 |     1 |           152
           63 |     2 |            92
           63 |     3 |            45
           63 |     4 |            26
           63 |     5 |            10
           63 |     6 |            13
           63 |     7 |             5
           63 |     8 |             8
           63 |     9 |             8
           63 |    10 |             7
           63 |    11 |             4
           63 |    12 |             6
           63 |    13 |             8
           63 |    14 |            16
           63 |    15 |            19
           63 |    16 |            24
           63 |    17 |            32
           63 |    18 |            64
           63 |    19 |           154
----------------------------------
           64 |     1 |            30
           64 |     2 |            10
           64 |     3 |             9
           64 |     4 |             5
           64 |     5 |             4
           64 |     6 |             1
           64 |     7 |             1
           64 |     8 |             1
           64 |     9 |             0
           64 |    10 |             1
           64 |    11 |             1
           64 |    12 |             1
           64 |    13 |             3
           64 |    14 |             1
           64 |    15 |             5
           64 |    16 |             5
           64 |    17 |             6
           64 |    18 |            14
           64 |    19 |            30
----------------------------------
           65 |     1 |            33
           65 |     2 |            12
           65 |     3 |             6
           65 |     4 |             2
           65 |     5 |             1
           65 |     6 |             0
           65 |     7 |             0
           65 |     8 |             0
           65 |     9 |             1
           65 |    10 |             2
           65 |    11 |             2
           65 |    12 |             3
           65 |    13 |             4
           65 |    14 |             4
           65 |    15 |             5
           65 |    16 |             7
           65 |    17 |             6
           65 |    18 |            12
           65 |    19 |            30
----------------------------------
           66 |     1 |            55
           66 |     2 |            29
           66 |     3 |            20
           66 |     4 |            12
           66 |     5 |             7
           66 |     6 |             6
           66 |     7 |             0
           66 |     8 |             4
           66 |     9 |             4
           66 |    10 |             3
           66 |    11 |             0
           66 |    12 |             1
           66 |    13 |             3
           66 |    14 |             2
           66 |    15 |            12
           66 |    16 |            13
           66 |    17 |            12
           66 |    18 |            27
           66 |    19 |            54
----------------------------------
           67 |     1 |            56
           67 |     2 |            29
           67 |     3 |            17
           67 |     4 |            13
           67 |     5 |             6
           67 |     6 |             6
           67 |     7 |             4
           67 |     8 |             2
           67 |     9 |             3
           67 |    10 |             3
           67 |    11 |             4
           67 |    12 |             4
           67 |    13 |             5
           67 |    14 |             2
           67 |    15 |             5
           67 |    16 |             8
           67 |    17 |            16
           67 |    18 |            29
           67 |    19 |            56
----------------------------------
           68 |     1 |            37
           68 |     2 |            26
           68 |     3 |            11
           68 |     4 |             8
           68 |     5 |            10
           68 |     6 |             5
           68 |     7 |             2
           68 |     8 |             1
           68 |     9 |             3
           68 |    10 |             1
           68 |    11 |             5
           68 |    12 |             2
           68 |    13 |             3
           68 |    14 |             8
           68 |    15 |             4
           68 |    16 |            10
           68 |    17 |             8
           68 |    18 |            23
           68 |    19 |            37
----------------------------------
           69 |     1 |            32
           69 |     2 |            14
           69 |     3 |             8
           69 |     4 |             7
           69 |     5 |             7
           69 |     6 |             2
           69 |     7 |             1
           69 |     8 |             1
           69 |     9 |             0
           69 |    10 |             1
           69 |    11 |             0
           69 |    12 |             1
           69 |    13 |             4
           69 |    14 |             4
           69 |    15 |             6
           69 |    16 |             6
           69 |    17 |             8
           69 |    18 |            13
           69 |    19 |            23
----------------------------------
           70 |     1 |            41
           70 |     2 |            23
           70 |     3 |            17
           70 |     4 |             8
           70 |     5 |             4
           70 |     6 |             4
           70 |     7 |             3
           70 |     8 |             2
           70 |     9 |             3
           70 |    10 |             4
           70 |    11 |             5
           70 |    12 |             5
           70 |    13 |             4
           70 |    14 |             4
           70 |    15 |             3
           70 |    16 |             6
           70 |    17 |            13
           70 |    18 |            14
           70 |    19 |            47
----------------------------------
           71 |     1 |            33
           71 |     2 |            11
           71 |     3 |             8
           71 |     4 |             8
           71 |     5 |             5
           71 |     6 |             3
           71 |     7 |             3
           71 |     8 |             5
           71 |     9 |             2
           71 |    10 |             3
           71 |    11 |             7
           71 |    12 |             4
           71 |    13 |             3
           71 |    14 |             3
           71 |    15 |             4
           71 |    16 |             2
           71 |    17 |             6
           71 |    18 |             6
           71 |    19 |            26
----------------------------------
           72 |     1 |            27
           72 |     2 |             9
           72 |     3 |             5
           72 |     4 |             7
           72 |     5 |             6
           72 |     6 |             2
           72 |     7 |             2
           72 |     8 |             0
           72 |     9 |             1
           72 |    10 |             2
           72 |    11 |             1
           72 |    12 |             1
           72 |    13 |             1
           72 |    14 |             5
           72 |    15 |             4
           72 |    16 |             8
           72 |    17 |            18
           72 |    18 |            17
           72 |    19 |            28
----------------------------------
           73 |     1 |            60
           73 |     2 |            19
           73 |     3 |            22
           73 |     4 |             7
           73 |     5 |            11
           73 |     6 |             7
           73 |     7 |             5
           73 |     8 |             2
           73 |     9 |             2
           73 |    10 |             6
           73 |    11 |             5
           73 |    12 |             8
           73 |    13 |             5
           73 |    14 |             6
           73 |    15 |            11
           73 |    16 |            16
           73 |    17 |            19
           73 |    18 |            28
           73 |    19 |            53
----------------------------------
           74 |     1 |            29
           74 |     2 |            16
           74 |     3 |             9
           74 |     4 |             9
           74 |     5 |             4
           74 |     6 |             4
           74 |     7 |             2
           74 |     8 |             1
           74 |     9 |             1
           74 |    10 |             2
           74 |    11 |             2
           74 |    12 |             3
           74 |    13 |             4
           74 |    14 |             5
           74 |    15 |             5
           74 |    16 |             2
           74 |    17 |            11
           74 |    18 |            16
           74 |    19 |            23
----------------------------------
----------------------------------
           76 |     1 |            14
           76 |     2 |            10
           76 |     3 |             5
           76 |     4 |             1
           76 |     5 |             3
           76 |     6 |             6
           76 |     7 |             5
           76 |     8 |             1
           76 |     9 |             2
           76 |    10 |             1
           76 |    11 |             1
           76 |    12 |             1
           76 |    13 |             1
           76 |    14 |             0
           76 |    15 |             0
           76 |    16 |             2
           76 |    17 |             3
           76 |    18 |             4
           76 |    19 |            16
----------------------------------
           77 |     1 |            13
           77 |     2 |             6
           77 |     3 |             5
           77 |     4 |             4
           77 |     5 |             2
           77 |     6 |             1
           77 |     7 |             2
           77 |     8 |             1
           77 |     9 |             5
           77 |    10 |             0
           77 |    11 |             3
           77 |    12 |             1
           77 |    13 |             5
           77 |    14 |             2
           77 |    15 |             1
           77 |    16 |             4
           77 |    17 |             3
           77 |    18 |             4
           77 |    19 |            15
----------------------------------
           78 |     1 |            12
           78 |     2 |             7
           78 |     3 |             3
           78 |     4 |             2
           78 |     5 |             5
           78 |     6 |             4
           78 |     7 |             3
           78 |     8 |             5
           78 |     9 |             1
           78 |    10 |             5
           78 |    11 |             2
           78 |    12 |             1
           78 |    13 |             1
           78 |    14 |             2
           78 |    15 |             1
           78 |    16 |             3
           78 |    17 |             0
           78 |    18 |             3
           78 |    19 |            18
----------------------------------
           79 |     1 |            15
           79 |     2 |             9
           79 |     3 |             3
           79 |     4 |             3
           79 |     5 |             3
           79 |     6 |             3
           79 |     7 |             2
           79 |     8 |             2
           79 |     9 |             1
           79 |    10 |             0
           79 |    11 |             1
           79 |    12 |             3
           79 |    13 |             1
           79 |    14 |             3
           79 |    15 |             4
           79 |    16 |             4
           79 |    17 |             3
           79 |    18 |             5
           79 |    19 |            14
----------------------------------
----------------------------------
----------------------------------
----------------------------------
----------------------------------
----------------------------------
----------------------------------
----------------------------------
----------------------------------
----------------------------------
----------------------------------
----------------------------------
----------------------------------
----------------------------------
           93 |     1 |            12
           93 |     2 |             9
           93 |     3 |             5
           93 |     4 |             4
           93 |     5 |             5
           93 |     6 |             4
           93 |     7 |             2
           93 |     8 |             3
           93 |     9 |             5
           93 |    10 |             5
           93 |    11 |             5
           93 |    12 |             4
           93 |    13 |             4
           93 |    14 |             4
           93 |    15 |             1
           93 |    16 |             2
           93 |    17 |             4
           93 |    18 |             4
           93 |    19 |            11
----------------------------------
----------------------------------
----------------------------------
----------------------------------
----------------------------------
----------------------------------
----------------------------------
          100 |     1 |            15
          100 |     2 |             6
          100 |     3 |             2
          100 |     4 |             2
          100 |     5 |             4
          100 |     6 |             7
          100 |     7 |             7
          100 |     8 |             4
          100 |     9 |             7
          100 |    10 |             3
          100 |    11 |             6
          100 |    12 |             3
          100 |    13 |             4
          100 |    14 |             4
          100 |    15 |             2
          100 |    16 |             5
          100 |    17 |             1
          100 |    18 |             9
          100 |    19 |             9
----------------------------------
----------------------------------
----------------------------------
----------------------------------
----------------------------------
----------------------------------
----------------------------------
----------------------------------
----------------------------------
----------------------------------
----------------------------------
----------------------------------
----------------------------------
----------------------------------
----------------------------------
----------------------------------
----------------------------------
----------------------------------
----------------------------------
----------------------------------
----------------------------------
----------------------------------
----------------------------------
----------------------------------
----------------------------------
----------------------------------
----------------------------------
----------------------------------
----------------------------------
----------------------------------
----------------------------------
----------------------------------
----------------------------------
----------------------------------
----------------------------------
----------------------------------
----------------------------------
----------------------------------
----------------------------------
----------------------------------
----------------------------------
----------------------------------
----------------------------------
----------------------------------
----------------------------------
----------------------------------
----------------------------------
----------------------------------
----------------------------------
----------------------------------
----------------------------------
----------------------------------
----------------------------------
----------------------------------
----------------------------------
----------------------------------
----------------------------------
----------------------------------
----------------------------------
----------------------------------
----------------------------------
----------------------------------
----------------------------------
----------------------------------
----------------------------------
----------------------------------
----------------------------------
----------------------------------
----------------------------------
----------------------------------
----------------------------------
----------------------------------
----------------------------------
----------------------------------
----------------------------------
----------------------------------
----------------------------------
----------------------------------
----------------------------------
----------------------------------
----------------------------------
----------------------------------
----------------------------------
----------------------------------
----------------------------------
----------------------------------
----------------------------------
----------------------------------
----------------------------------
----------------------------------
----------------------------------
----------------------------------
----------------------------------
----------------------------------
----------------------------------
----------------------------------
----------------------------------
----------------------------------
----------------------------------
----------------------------------
----------------------------------
----------------------------------
----------------------------------
----------------------------------
----------------------------------
----------------------------------
----------------------------------
----------------------------------
----------------------------------
----------------------------------
----------------------------------
----------------------------------
----------------------------------
----------------------------------
----------------------------------
----------------------------------
----------------------------------
----------------------------------
----------------------------------
----------------------------------
----------------------------------
----------------------------------
----------------------------------
----------------------------------
----------------------------------
----------------------------------
----------------------------------
----------------------------------
----------------------------------
----------------------------------
----------------------------------
----------------------------------
----------------------------------
----------------------------------
----------------------------------
----------------------------------
----------------------------------
----------------------------------
----------------------------------
----------------------------------
----------------------------------
----------------------------------
----------------------------------
----------------------------------
----------------------------------
----------------------------------
----------------------------------
----------------------------------
----------------------------------
----------------------------------
----------------------------------
----------------------------------
----------------------------------
----------------------------------
----------------------------------
----------------------------------
----------------------------------
----------------------------------
----------------------------------
----------------------------------
----------------------------------
----------------------------------
----------------------------------
----------------------------------
----------------------------------
----------------------------------
----------------------------------
----------------------------------
----------------------------------
----------------------------------
----------------------------------
----------------------------------
----------------------------------
----------------------------------
----------------------------------
----------------------------------
----------------------------------
----------------------------------
----------------------------------
----------------------------------
----------------------------------
----------------------------------
----------------------------------
----------------------------------
----------------------------------
----------------------------------
----------------------------------
----------------------------------
----------------------------------
----------------------------------
----------------------------------
----------------------------------
----------------------------------
----------------------------------
----------------------------------
----------------------------------
----------------------------------
----------------------------------
----------------------------------
----------------------------------
----------------------------------
----------------------------------
----------------------------------
----------------------------------
----------------------------------
----------------------------------
----------------------------------
----------------------------------
----------------------------------
----------------------------------
----------------------------------
----------------------------------
----------------------------------
----------------------------------
----------------------------------
----------------------------------
----------------------------------
----------------------------------
----------------------------------
----------------------------------
----------------------------------
----------------------------------
----------------------------------
----------------------------------
----------------------------------
----------------------------------
----------------------------------
----------------------------------
----------------------------------
----------------------------------
----------------------------------
----------------------------------
----------------------------------
----------------------------------
----------------------------------
----------------------------------
----------------------------------
----------------------------------
----------------------------------
----------------------------------
----------------------------------
----------------------------------
----------------------------------
----------------------------------
----------------------------------
----------------------------------
----------------------------------
----------------------------------
----------------------------------
----------------------------------
----------------------------------
----------------------------------
----------------------------------
----------------------------------
----------------------------------
----------------------------------
----------------------------------
----------------------------------
----------------------------------
----------------------------------
----------------------------------
----------------------------------
----------------------------------
----------------------------------
----------------------------------
----------------------------------
----------------------------------
----------------------------------
----------------------------------
----------------------------------
----------------------------------
----------------------------------
----------------------------------
----------------------------------
----------------------------------
----------------------------------
----------------------------------
----------------------------------
----------------------------------
----------------------------------
----------------------------------
