MinCut number | SSize | Number of cuts
----------------------------------
----------------------------------
----------------------------------
----------------------------------
----------------------------------
----------------------------------
----------------------------------
----------------------------------
----------------------------------
----------------------------------
----------------------------------
----------------------------------
----------------------------------
----------------------------------
----------------------------------
----------------------------------
----------------------------------
----------------------------------
----------------------------------
----------------------------------
----------------------------------
----------------------------------
----------------------------------
----------------------------------
----------------------------------
----------------------------------
----------------------------------
----------------------------------
----------------------------------
           48 |     1 |            19
           48 |     2 |             7
           48 |     3 |             4
           48 |     4 |             3
           48 |     5 |             1
           48 |     6 |             1
           48 |     7 |             1
           48 |     8 |             0
           48 |     9 |             1
           48 |    10 |             1
           48 |    11 |             1
           48 |    12 |             1
           48 |    13 |             1
           48 |    14 |             1
           48 |    15 |             1
           48 |    16 |             1
           48 |    17 |             1
           48 |    18 |             1
           48 |    19 |             2
----------------------------------
           49 |     1 |            20
           49 |     2 |             8
           49 |     3 |             6
           49 |     4 |             3
           49 |     5 |             1
           49 |     6 |             1
           49 |     7 |             1
           49 |     8 |             1
           49 |     9 |             1
           49 |    10 |             1
           49 |    11 |             1
           49 |    12 |             1
           49 |    13 |             1
           49 |    14 |             1
           49 |    15 |             1
           49 |    16 |             1
           49 |    17 |             0
           49 |    18 |             0
           49 |    19 |             0
----------------------------------
           50 |     1 |            38
           50 |     2 |            16
           50 |     3 |             9
           50 |     4 |             5
           50 |     5 |             2
           50 |     6 |             3
           50 |     7 |             3
           50 |     8 |             2
           50 |     9 |             2
           50 |    10 |             2
           50 |    11 |             2
           50 |    12 |             2
           50 |    13 |             2
           50 |    14 |             2
           50 |    15 |             2
           50 |    16 |             2
           50 |    17 |             1
           50 |    18 |             2
           50 |    19 |             3
----------------------------------
           51 |     1 |            38
           51 |     2 |            17
           51 |     3 |             8
           51 |     4 |             6
           51 |     5 |             5
           51 |     6 |             4
           51 |     7 |             5
           51 |     8 |             2
           51 |     9 |             2
           51 |    10 |             1
           51 |    11 |             2
           51 |    12 |             2
           51 |    13 |             2
           51 |    14 |             1
           51 |    15 |             1
           51 |    16 |             1
           51 |    17 |             1
           51 |    18 |             1
           51 |    19 |             3
----------------------------------
           52 |     1 |           171
           52 |     2 |            77
           52 |     3 |            45
           52 |     4 |            24
           52 |     5 |            18
           52 |     6 |            11
           52 |     7 |            12
           52 |     8 |            10
           52 |     9 |             7
           52 |    10 |             9
           52 |    11 |             9
           52 |    12 |             9
           52 |    13 |             9
           52 |    14 |             8
           52 |    15 |             9
           52 |    16 |             9
           52 |    17 |             9
           52 |    18 |             9
           52 |    19 |            13
----------------------------------
           53 |     1 |            76
           53 |     2 |            31
           53 |     3 |            18
           53 |     4 |            12
           53 |     5 |             9
           53 |     6 |             7
           53 |     7 |             6
           53 |     8 |             5
           53 |     9 |             6
           53 |    10 |             5
           53 |    11 |             5
           53 |    12 |             4
           53 |    13 |             4
           53 |    14 |             3
           53 |    15 |             4
           53 |    16 |             4
           53 |    17 |             4
           53 |    18 |             4
           53 |    19 |             5
----------------------------------
           54 |     1 |           190
           54 |     2 |            86
           54 |     3 |            53
           54 |     4 |            35
           54 |     5 |            24
           54 |     6 |            19
           54 |     7 |            19
           54 |     8 |            14
           54 |     9 |            11
           54 |    10 |            10
           54 |    11 |             8
           54 |    12 |            10
           54 |    13 |             9
           54 |    14 |             7
           54 |    15 |             8
           54 |    16 |             8
           54 |    17 |             8
           54 |    18 |             8
           54 |    19 |            13
----------------------------------
           55 |     1 |           190
           55 |     2 |            91
           55 |     3 |            48
           55 |     4 |            32
           55 |     5 |            26
           55 |     6 |            20
           55 |     7 |            15
           55 |     8 |            15
           55 |     9 |            12
           55 |    10 |            10
           55 |    11 |            10
           55 |    12 |            10
           55 |    13 |            10
           55 |    14 |             9
           55 |    15 |            10
           55 |    16 |            10
           55 |    17 |             9
           55 |    18 |            10
           55 |    19 |            13
----------------------------------
           56 |     1 |           323
           56 |     2 |           143
           56 |     3 |            94
           56 |     4 |            61
           56 |     5 |            44
           56 |     6 |            34
           56 |     7 |            30
           56 |     8 |            21
           56 |     9 |            21
           56 |    10 |            19
           56 |    11 |            19
           56 |    12 |            16
           56 |    13 |            17
           56 |    14 |            16
           56 |    15 |            15
           56 |    16 |            17
           56 |    17 |            16
           56 |    18 |            17
           56 |    19 |            29
----------------------------------
           57 |     1 |           475
           57 |     2 |           243
           57 |     3 |           140
           57 |     4 |            92
           57 |     5 |            67
           57 |     6 |            53
           57 |     7 |            39
           57 |     8 |            33
           57 |     9 |            28
           57 |    10 |            28
           57 |    11 |            26
           57 |    12 |            24
           57 |    13 |            24
           57 |    14 |            25
           57 |    15 |            24
           57 |    16 |            24
           57 |    17 |            24
           57 |    18 |            23
           57 |    19 |            33
----------------------------------
           58 |     1 |           570
           58 |     2 |           266
           58 |     3 |           174
           58 |     4 |           112
           58 |     5 |            92
           58 |     6 |            70
           58 |     7 |            54
           58 |     8 |            49
           58 |     9 |            41
           58 |    10 |            37
           58 |    11 |            33
           58 |    12 |            29
           58 |    13 |            27
           58 |    14 |            28
           58 |    15 |            28
           58 |    16 |            29
           58 |    17 |            27
           58 |    18 |            29
           58 |    19 |            45
----------------------------------
           59 |     1 |           646
           59 |     2 |           316
           59 |     3 |           198
           59 |     4 |           135
           59 |     5 |           102
           59 |     6 |            78
           59 |     7 |            66
           59 |     8 |            55
           59 |     9 |            47
           59 |    10 |            45
           59 |    11 |            40
           59 |    12 |            34
           59 |    13 |            34
           59 |    14 |            31
           59 |    15 |            33
           59 |    16 |            31
           59 |    17 |            33
           59 |    18 |            33
           59 |    19 |            49
----------------------------------
           60 |     1 |           722
           60 |     2 |           364
           60 |     3 |           218
           60 |     4 |           146
           60 |     5 |           113
           60 |     6 |            96
           60 |     7 |            77
           60 |     8 |            67
           60 |     9 |            58
           60 |    10 |            52
           60 |    11 |            45
           60 |    12 |            39
           60 |    13 |            38
           60 |    14 |            38
           60 |    15 |            36
           60 |    16 |            36
           60 |    17 |            37
           60 |    18 |            37
           60 |    19 |            61
----------------------------------
           61 |     1 |           685
           61 |     2 |           320
           61 |     3 |           217
           61 |     4 |           154
           61 |     5 |           117
           61 |     6 |           101
           61 |     7 |            80
           61 |     8 |            69
           61 |     9 |            57
           61 |    10 |            46
           61 |    11 |            42
           61 |    12 |            36
           61 |    13 |            36
           61 |    14 |            36
           61 |    15 |            35
           61 |    16 |            35
           61 |    17 |            36
           61 |    18 |            35
           61 |    19 |            59
----------------------------------
           62 |     1 |           744
           62 |     2 |           378
           62 |     3 |           236
           62 |     4 |           170
           62 |     5 |           123
           62 |     6 |           103
           62 |     7 |            86
           62 |     8 |            70
           62 |     9 |            62
           62 |    10 |            57
           62 |    11 |            49
           62 |    12 |            46
           62 |    13 |            43
           62 |    14 |            41
           62 |    15 |            39
           62 |    16 |            39
           62 |    17 |            36
           62 |    18 |            39
           62 |    19 |            57
----------------------------------
           63 |     1 |          1332
           63 |     2 |           685
           63 |     3 |           434
           63 |     4 |           315
           63 |     5 |           247
           63 |     6 |           190
           63 |     7 |           156
           63 |     8 |           131
           63 |     9 |           111
           63 |    10 |           103
           63 |    11 |            91
           63 |    12 |            85
           63 |    13 |            77
           63 |    14 |            73
           63 |    15 |            71
           63 |    16 |            72
           63 |    17 |            68
           63 |    18 |            69
           63 |    19 |           100
----------------------------------
           64 |     1 |           722
           64 |     2 |           359
           64 |     3 |           225
           64 |     4 |           165
           64 |     5 |           123
           64 |     6 |           106
           64 |     7 |            94
           64 |     8 |            84
           64 |     9 |            72
           64 |    10 |            63
           64 |    11 |            56
           64 |    12 |            52
           64 |    13 |            52
           64 |    14 |            44
           64 |    15 |            40
           64 |    16 |            40
           64 |    17 |            39
           64 |    18 |            39
           64 |    19 |            57
----------------------------------
           65 |     1 |           836
           65 |     2 |           426
           65 |     3 |           296
           65 |     4 |           215
           65 |     5 |           163
           65 |     6 |           140
           65 |     7 |           109
           65 |     8 |            92
           65 |     9 |            82
           65 |    10 |            64
           65 |    11 |            57
           65 |    12 |            55
           65 |    13 |            48
           65 |    14 |            42
           65 |    15 |            44
           65 |    16 |            44
           65 |    17 |            42
           65 |    18 |            41
           65 |    19 |            64
----------------------------------
           66 |     1 |           951
           66 |     2 |           496
           66 |     3 |           318
           66 |     4 |           225
           66 |     5 |           179
           66 |     6 |           142
           66 |     7 |           128
           66 |     8 |           113
           66 |     9 |           100
           66 |    10 |            84
           66 |    11 |            82
           66 |    12 |            74
           66 |    13 |            66
           66 |    14 |            62
           66 |    15 |            56
           66 |    16 |            53
           66 |    17 |            51
           66 |    18 |            51
           66 |    19 |            69
----------------------------------
           67 |     1 |           970
           67 |     2 |           508
           67 |     3 |           313
           67 |     4 |           239
           67 |     5 |           193
           67 |     6 |           151
           67 |     7 |           134
           67 |     8 |           119
           67 |     9 |           112
           67 |    10 |            95
           67 |    11 |            84
           67 |    12 |            85
           67 |    13 |            72
           67 |    14 |            64
           67 |    15 |            55
           67 |    16 |            51
           67 |    17 |            51
           67 |    18 |            49
           67 |    19 |            72
----------------------------------
           68 |     1 |          1007
           68 |     2 |           531
           68 |     3 |           353
           68 |     4 |           265
           68 |     5 |           199
           68 |     6 |           164
           68 |     7 |           140
           68 |     8 |           124
           68 |     9 |           110
           68 |    10 |           100
           68 |    11 |            91
           68 |    12 |            84
           68 |    13 |            74
           68 |    14 |            63
           68 |    15 |            63
           68 |    16 |            55
           68 |    17 |            54
           68 |    18 |            53
           68 |    19 |            74
----------------------------------
           69 |     1 |           761
           69 |     2 |           384
           69 |     3 |           259
           69 |     4 |           198
           69 |     5 |           160
           69 |     6 |           134
           69 |     7 |           113
           69 |     8 |            92
           69 |     9 |            87
           69 |    10 |            77
           69 |    11 |            72
           69 |    12 |            65
           69 |    13 |            59
           69 |    14 |            56
           69 |    15 |            52
           69 |    16 |            49
           69 |    17 |            42
           69 |    18 |            42
           69 |    19 |            58
----------------------------------
           70 |     1 |           724
           70 |     2 |           376
           70 |     3 |           245
           70 |     4 |           199
           70 |     5 |           159
           70 |     6 |           138
           70 |     7 |           114
           70 |     8 |            93
           70 |     9 |            88
           70 |    10 |            78
           70 |    11 |            67
           70 |    12 |            63
           70 |    13 |            51
           70 |    14 |            50
           70 |    15 |            46
           70 |    16 |            38
           70 |    17 |            37
           70 |    18 |            37
           70 |    19 |            57
----------------------------------
           71 |     1 |           875
           71 |     2 |           444
           71 |     3 |           304
           71 |     4 |           237
           71 |     5 |           188
           71 |     6 |           162
           71 |     7 |           143
           71 |     8 |           125
           71 |     9 |           117
           71 |    10 |            99
           71 |    11 |            90
           71 |    12 |            81
           71 |    13 |            73
           71 |    14 |            57
           71 |    15 |            54
           71 |    16 |            52
           71 |    17 |            48
           71 |    18 |            45
           71 |    19 |            72
----------------------------------
           72 |     1 |           723
           72 |     2 |           385
           72 |     3 |           262
           72 |     4 |           200
           72 |     5 |           161
           72 |     6 |           141
           72 |     7 |           120
           72 |     8 |            98
           72 |     9 |            91
           72 |    10 |            81
           72 |    11 |            71
           72 |    12 |            66
           72 |    13 |            62
           72 |    14 |            54
           72 |    15 |            48
           72 |    16 |            41
           72 |    17 |            43
           72 |    18 |            39
           72 |    19 |            50
----------------------------------
           73 |     1 |           571
           73 |     2 |           296
           73 |     3 |           200
           73 |     4 |           150
           73 |     5 |           122
           73 |     6 |           108
           73 |     7 |            90
           73 |     8 |            84
           73 |     9 |            75
           73 |    10 |            72
           73 |    11 |            60
           73 |    12 |            54
           73 |    13 |            51
           73 |    14 |            48
           73 |    15 |            47
           73 |    16 |            43
           73 |    17 |            39
           73 |    18 |            35
           73 |    19 |            45
----------------------------------
           74 |     1 |           532
           74 |     2 |           276
           74 |     3 |           189
           74 |     4 |           146
           74 |     5 |           122
           74 |     6 |           106
           74 |     7 |            91
           74 |     8 |            80
           74 |     9 |            74
           74 |    10 |            64
           74 |    11 |            61
           74 |    12 |            55
           74 |    13 |            48
           74 |    14 |            44
           74 |    15 |            39
           74 |    16 |            37
           74 |    17 |            32
           74 |    18 |            30
           74 |    19 |            46
----------------------------------
           75 |     1 |           418
           75 |     2 |           224
           75 |     3 |           142
           75 |     4 |           112
           75 |     5 |            99
           75 |     6 |            82
           75 |     7 |            73
           75 |     8 |            63
           75 |     9 |            59
           75 |    10 |            51
           75 |    11 |            50
           75 |    12 |            44
           75 |    13 |            41
           75 |    14 |            36
           75 |    15 |            33
           75 |    16 |            34
           75 |    17 |            31
           75 |    18 |            29
           75 |    19 |            29
----------------------------------
           76 |     1 |           513
           76 |     2 |           267
           76 |     3 |           191
           76 |     4 |           152
           76 |     5 |           127
           76 |     6 |           103
           76 |     7 |            95
           76 |     8 |            83
           76 |     9 |            77
           76 |    10 |            65
           76 |    11 |            56
           76 |    12 |            47
           76 |    13 |            45
           76 |    14 |            42
           76 |    15 |            39
           76 |    16 |            38
           76 |    17 |            35
           76 |    18 |            33
           76 |    19 |            44
----------------------------------
           77 |     1 |           304
           77 |     2 |           168
           77 |     3 |           113
           77 |     4 |            85
           77 |     5 |            67
           77 |     6 |            57
           77 |     7 |            55
           77 |     8 |            53
           77 |     9 |            47
           77 |    10 |            39
           77 |    11 |            38
           77 |    12 |            35
           77 |    13 |            34
           77 |    14 |            30
           77 |    15 |            25
           77 |    16 |            22
           77 |    17 |            18
           77 |    18 |            19
           77 |    19 |            23
----------------------------------
           78 |     1 |           305
           78 |     2 |           164
           78 |     3 |           117
           78 |     4 |            88
           78 |     5 |            71
           78 |     6 |            57
           78 |     7 |            53
           78 |     8 |            44
           78 |     9 |            43
           78 |    10 |            41
           78 |    11 |            39
           78 |    12 |            35
           78 |    13 |            33
           78 |    14 |            32
           78 |    15 |            29
           78 |    16 |            25
           78 |    17 |            24
           78 |    18 |            21
           78 |    19 |            27
----------------------------------
           79 |     1 |           285
           79 |     2 |           152
           79 |     3 |           107
           79 |     4 |            85
           79 |     5 |            65
           79 |     6 |            55
           79 |     7 |            53
           79 |     8 |            47
           79 |     9 |            42
           79 |    10 |            41
           79 |    11 |            39
           79 |    12 |            36
           79 |    13 |            34
           79 |    14 |            27
           79 |    15 |            27
           79 |    16 |            26
           79 |    17 |            22
           79 |    18 |            19
           79 |    19 |            23
----------------------------------
           80 |     1 |           266
           80 |     2 |           144
           80 |     3 |           110
           80 |     4 |            86
           80 |     5 |            70
           80 |     6 |            62
           80 |     7 |            52
           80 |     8 |            43
           80 |     9 |            41
           80 |    10 |            36
           80 |    11 |            31
           80 |    12 |            29
           80 |    13 |            27
           80 |    14 |            25
           80 |    15 |            22
           80 |    16 |            19
           80 |    17 |            20
           80 |    18 |            15
           80 |    19 |            22
----------------------------------
           81 |     1 |           153
           81 |     2 |            83
           81 |     3 |            58
           81 |     4 |            46
           81 |     5 |            35
           81 |     6 |            32
           81 |     7 |            26
           81 |     8 |            23
           81 |     9 |            22
           81 |    10 |            22
           81 |    11 |            20
           81 |    12 |            18
           81 |    13 |            19
           81 |    14 |            17
           81 |    15 |            15
           81 |    16 |            15
           81 |    17 |            15
           81 |    18 |            14
           81 |    19 |            15
----------------------------------
           82 |     1 |           209
           82 |     2 |           111
           82 |     3 |            77
           82 |     4 |            62
           82 |     5 |            55
           82 |     6 |            44
           82 |     7 |            43
           82 |     8 |            37
           82 |     9 |            33
           82 |    10 |            32
           82 |    11 |            27
           82 |    12 |            28
           82 |    13 |            26
           82 |    14 |            24
           82 |    15 |            24
           82 |    16 |            18
           82 |    17 |            19
           82 |    18 |            16
           82 |    19 |            17
----------------------------------
           83 |     1 |           230
           83 |     2 |           125
           83 |     3 |            90
           83 |     4 |            69
           83 |     5 |            59
           83 |     6 |            53
           83 |     7 |            46
           83 |     8 |            41
           83 |     9 |            40
           83 |    10 |            38
           83 |    11 |            32
           83 |    12 |            30
           83 |    13 |            27
           83 |    14 |            24
           83 |    15 |            22
           83 |    16 |            20
           83 |    17 |            20
           83 |    18 |            16
           83 |    19 |            14
----------------------------------
           84 |     1 |            95
           84 |     2 |            51
           84 |     3 |            39
           84 |     4 |            29
           84 |     5 |            25
           84 |     6 |            20
           84 |     7 |            18
           84 |     8 |            17
           84 |     9 |            15
           84 |    10 |            15
           84 |    11 |            15
           84 |    12 |            13
           84 |    13 |            12
           84 |    14 |            10
           84 |    15 |            11
           84 |    16 |            10
           84 |    17 |             9
           84 |    18 |             7
           84 |    19 |             9
----------------------------------
           85 |     1 |           190
           85 |     2 |           104
           85 |     3 |            74
           85 |     4 |            59
           85 |     5 |            52
           85 |     6 |            44
           85 |     7 |            44
           85 |     8 |            38
           85 |     9 |            32
           85 |    10 |            28
           85 |    11 |            29
           85 |    12 |            26
           85 |    13 |            26
           85 |    14 |            22
           85 |    15 |            19
           85 |    16 |            18
           85 |    17 |            16
           85 |    18 |            13
           85 |    19 |            16
----------------------------------
           86 |     1 |           133
           86 |     2 |            70
           86 |     3 |            52
           86 |     4 |            39
           86 |     5 |            34
           86 |     6 |            31
           86 |     7 |            30
           86 |     8 |            27
           86 |     9 |            23
           86 |    10 |            24
           86 |    11 |            21
           86 |    12 |            20
           86 |    13 |            17
           86 |    14 |            17
           86 |    15 |            16
           86 |    16 |            12
           86 |    17 |            12
           86 |    18 |            11
           86 |    19 |            13
----------------------------------
           87 |     1 |           209
           87 |     2 |           117
           87 |     3 |            80
           87 |     4 |            61
           87 |     5 |            55
           87 |     6 |            52
           87 |     7 |            46
           87 |     8 |            45
           87 |     9 |            38
           87 |    10 |            36
           87 |    11 |            31
           87 |    12 |            29
           87 |    13 |            27
           87 |    14 |            26
           87 |    15 |            25
           87 |    16 |            21
           87 |    17 |            19
           87 |    18 |            17
           87 |    19 |            23
----------------------------------
           88 |     1 |            58
           88 |     2 |            31
           88 |     3 |            21
           88 |     4 |            19
           88 |     5 |            16
           88 |     6 |            14
           88 |     7 |            13
           88 |     8 |            11
           88 |     9 |            11
           88 |    10 |             9
           88 |    11 |             9
           88 |    12 |             8
           88 |    13 |             8
           88 |    14 |             7
           88 |    15 |             6
           88 |    16 |             6
           88 |    17 |             6
           88 |    18 |             6
           88 |    19 |             5
----------------------------------
           89 |     1 |            76
           89 |     2 |            41
           89 |     3 |            32
           89 |     4 |            25
           89 |     5 |            20
           89 |     6 |            18
           89 |     7 |            16
           89 |     8 |            15
           89 |     9 |            14
           89 |    10 |            12
           89 |    11 |            11
           89 |    12 |            11
           89 |    13 |            11
           89 |    14 |            11
           89 |    15 |            11
           89 |    16 |            10
           89 |    17 |             7
           89 |    18 |             8
           89 |    19 |             7
----------------------------------
           90 |     1 |           133
           90 |     2 |            77
           90 |     3 |            54
           90 |     4 |            44
           90 |     5 |            41
           90 |     6 |            35
           90 |     7 |            32
           90 |     8 |            26
           90 |     9 |            25
           90 |    10 |            23
           90 |    11 |            21
           90 |    12 |            17
           90 |    13 |            18
           90 |    14 |            16
           90 |    15 |            15
           90 |    16 |            15
           90 |    17 |            14
           90 |    18 |            11
           90 |    19 |            13
----------------------------------
           91 |     1 |           114
           91 |     2 |            67
           91 |     3 |            43
           91 |     4 |            37
           91 |     5 |            30
           91 |     6 |            28
           91 |     7 |            23
           91 |     8 |            24
           91 |     9 |            22
           91 |    10 |            18
           91 |    11 |            19
           91 |    12 |            17
           91 |    13 |            19
           91 |    14 |            16
           91 |    15 |            16
           91 |    16 |            16
           91 |    17 |            13
           91 |    18 |            11
           91 |    19 |            13
----------------------------------
           92 |     1 |            19
           92 |     2 |             9
           92 |     3 |             8
           92 |     4 |             7
           92 |     5 |             6
           92 |     6 |             6
           92 |     7 |             5
           92 |     8 |             4
           92 |     9 |             4
           92 |    10 |             3
           92 |    11 |             3
           92 |    12 |             3
           92 |    13 |             3
           92 |    14 |             3
           92 |    15 |             2
           92 |    16 |             2
           92 |    17 |             2
           92 |    18 |             2
           92 |    19 |             1
----------------------------------
           93 |     1 |            19
           93 |     2 |            10
           93 |     3 |             8
           93 |     4 |             7
           93 |     5 |             5
           93 |     6 |             3
           93 |     7 |             4
           93 |     8 |             4
           93 |     9 |             4
           93 |    10 |             3
           93 |    11 |             3
           93 |    12 |             3
           93 |    13 |             3
           93 |    14 |             3
           93 |    15 |             3
           93 |    16 |             3
           93 |    17 |             3
           93 |    18 |             3
           93 |    19 |             2
----------------------------------
           94 |     1 |            57
           94 |     2 |            31
           94 |     3 |            22
           94 |     4 |            19
           94 |     5 |            16
           94 |     6 |            14
           94 |     7 |            13
           94 |     8 |            12
           94 |     9 |            12
           94 |    10 |            10
           94 |    11 |            10
           94 |    12 |             9
           94 |    13 |            10
           94 |    14 |             9
           94 |    15 |             9
           94 |    16 |             9
           94 |    17 |             8
           94 |    18 |             7
           94 |    19 |             5
----------------------------------
----------------------------------
           96 |     1 |            76
           96 |     2 |            41
           96 |     3 |            28
           96 |     4 |            22
           96 |     5 |            23
           96 |     6 |            18
           96 |     7 |            21
           96 |     8 |            17
           96 |     9 |            17
           96 |    10 |            16
           96 |    11 |            15
           96 |    12 |            15
           96 |    13 |            13
           96 |    14 |            11
           96 |    15 |            12
           96 |    16 |            11
           96 |    17 |            10
           96 |    18 |             8
           96 |    19 |            10
----------------------------------
           97 |     1 |            38
           97 |     2 |            24
           97 |     3 |            15
           97 |     4 |            13
           97 |     5 |            13
           97 |     6 |            12
           97 |     7 |            10
           97 |     8 |            11
           97 |     9 |            10
           97 |    10 |             7
           97 |    11 |             7
           97 |    12 |             5
           97 |    13 |             5
           97 |    14 |             5
           97 |    15 |             4
           97 |    16 |             4
           97 |    17 |             4
           97 |    18 |             3
           97 |    19 |             4
----------------------------------
           98 |     1 |            58
           98 |     2 |            34
           98 |     3 |            25
           98 |     4 |            21
           98 |     5 |            18
           98 |     6 |            16
           98 |     7 |            15
           98 |     8 |            13
           98 |     9 |            11
           98 |    10 |            10
           98 |    11 |            10
           98 |    12 |            10
           98 |    13 |            10
           98 |    14 |             9
           98 |    15 |             9
           98 |    16 |             6
           98 |    17 |             7
           98 |    18 |             6
           98 |    19 |             6
----------------------------------
           99 |     1 |            76
           99 |     2 |            46
           99 |     3 |            37
           99 |     4 |            33
           99 |     5 |            26
           99 |     6 |            20
           99 |     7 |            19
           99 |     8 |            18
           99 |     9 |            15
           99 |    10 |            14
           99 |    11 |            13
           99 |    12 |            13
           99 |    13 |            12
           99 |    14 |            11
           99 |    15 |             8
           99 |    16 |             9
           99 |    17 |            11
           99 |    18 |             8
           99 |    19 |             7
----------------------------------
          100 |     1 |            38
          100 |     2 |            22
          100 |     3 |            15
          100 |     4 |            12
          100 |     5 |            13
          100 |     6 |            11
          100 |     7 |            12
          100 |     8 |            10
          100 |     9 |            10
          100 |    10 |             9
          100 |    11 |            10
          100 |    12 |             7
          100 |    13 |             7
          100 |    14 |             6
          100 |    15 |             5
          100 |    16 |             4
          100 |    17 |             3
          100 |    18 |             3
          100 |    19 |             3
----------------------------------
----------------------------------
          102 |     1 |            19
          102 |     2 |             9
          102 |     3 |             7
          102 |     4 |             7
          102 |     5 |             6
          102 |     6 |             7
          102 |     7 |             6
          102 |     8 |             5
          102 |     9 |             5
          102 |    10 |             4
          102 |    11 |             5
          102 |    12 |             4
          102 |    13 |             4
          102 |    14 |             3
          102 |    15 |             3
          102 |    16 |             2
          102 |    17 |             2
          102 |    18 |             2
          102 |    19 |             2
----------------------------------
----------------------------------
----------------------------------
----------------------------------
----------------------------------
----------------------------------
----------------------------------
----------------------------------
----------------------------------
----------------------------------
----------------------------------
          113 |     1 |            19
          113 |     2 |            12
          113 |     3 |            10
          113 |     4 |             9
          113 |     5 |             7
          113 |     6 |             7
          113 |     7 |             6
          113 |     8 |             6
          113 |     9 |             6
          113 |    10 |             5
          113 |    11 |             5
          113 |    12 |             5
          113 |    13 |             4
          113 |    14 |             4
          113 |    15 |             3
          113 |    16 |             2
          113 |    17 |             1
          113 |    18 |             1
          113 |    19 |             1
----------------------------------
----------------------------------
----------------------------------
----------------------------------
----------------------------------
----------------------------------
----------------------------------
----------------------------------
----------------------------------
----------------------------------
----------------------------------
----------------------------------
----------------------------------
----------------------------------
----------------------------------
----------------------------------
----------------------------------
----------------------------------
----------------------------------
----------------------------------
----------------------------------
----------------------------------
----------------------------------
----------------------------------
----------------------------------
----------------------------------
----------------------------------
----------------------------------
----------------------------------
----------------------------------
----------------------------------
----------------------------------
----------------------------------
----------------------------------
----------------------------------
----------------------------------
----------------------------------
----------------------------------
----------------------------------
----------------------------------
----------------------------------
----------------------------------
----------------------------------
----------------------------------
----------------------------------
----------------------------------
----------------------------------
----------------------------------
----------------------------------
----------------------------------
----------------------------------
----------------------------------
----------------------------------
----------------------------------
----------------------------------
----------------------------------
----------------------------------
----------------------------------
----------------------------------
----------------------------------
----------------------------------
----------------------------------
----------------------------------
----------------------------------
----------------------------------
----------------------------------
----------------------------------
----------------------------------
----------------------------------
----------------------------------
----------------------------------
----------------------------------
----------------------------------
----------------------------------
----------------------------------
----------------------------------
----------------------------------
----------------------------------
----------------------------------
----------------------------------
----------------------------------
----------------------------------
----------------------------------
----------------------------------
----------------------------------
----------------------------------
----------------------------------
----------------------------------
----------------------------------
----------------------------------
----------------------------------
----------------------------------
----------------------------------
----------------------------------
----------------------------------
----------------------------------
----------------------------------
----------------------------------
----------------------------------
----------------------------------
----------------------------------
----------------------------------
----------------------------------
----------------------------------
----------------------------------
----------------------------------
----------------------------------
----------------------------------
----------------------------------
----------------------------------
----------------------------------
----------------------------------
----------------------------------
----------------------------------
----------------------------------
----------------------------------
----------------------------------
----------------------------------
----------------------------------
----------------------------------
----------------------------------
----------------------------------
----------------------------------
----------------------------------
----------------------------------
----------------------------------
----------------------------------
----------------------------------
----------------------------------
----------------------------------
----------------------------------
----------------------------------
----------------------------------
----------------------------------
----------------------------------
----------------------------------
----------------------------------
----------------------------------
----------------------------------
----------------------------------
----------------------------------
----------------------------------
----------------------------------
----------------------------------
----------------------------------
----------------------------------
----------------------------------
----------------------------------
----------------------------------
----------------------------------
----------------------------------
----------------------------------
----------------------------------
----------------------------------
----------------------------------
----------------------------------
----------------------------------
----------------------------------
----------------------------------
----------------------------------
----------------------------------
----------------------------------
----------------------------------
----------------------------------
----------------------------------
----------------------------------
----------------------------------
----------------------------------
----------------------------------
----------------------------------
----------------------------------
----------------------------------
----------------------------------
----------------------------------
----------------------------------
----------------------------------
----------------------------------
----------------------------------
----------------------------------
----------------------------------
----------------------------------
----------------------------------
----------------------------------
----------------------------------
----------------------------------
----------------------------------
----------------------------------
----------------------------------
----------------------------------
----------------------------------
----------------------------------
----------------------------------
----------------------------------
----------------------------------
----------------------------------
----------------------------------
----------------------------------
----------------------------------
----------------------------------
----------------------------------
----------------------------------
----------------------------------
----------------------------------
----------------------------------
----------------------------------
----------------------------------
----------------------------------
----------------------------------
----------------------------------
----------------------------------
----------------------------------
----------------------------------
----------------------------------
----------------------------------
----------------------------------
----------------------------------
----------------------------------
----------------------------------
----------------------------------
----------------------------------
----------------------------------
----------------------------------
----------------------------------
----------------------------------
----------------------------------
----------------------------------
----------------------------------
----------------------------------
----------------------------------
----------------------------------
----------------------------------
----------------------------------
----------------------------------
----------------------------------
----------------------------------
----------------------------------
----------------------------------
----------------------------------
----------------------------------
----------------------------------
----------------------------------
----------------------------------
----------------------------------
----------------------------------
----------------------------------
----------------------------------
----------------------------------
----------------------------------
----------------------------------
----------------------------------
----------------------------------
----------------------------------
----------------------------------
----------------------------------
----------------------------------
----------------------------------
----------------------------------
----------------------------------
----------------------------------
----------------------------------
----------------------------------
----------------------------------
----------------------------------
----------------------------------
----------------------------------
----------------------------------
----------------------------------
----------------------------------
